################################################################################
ID     Step    maxR |    avgR   stdR   avgS  stdS |    expR   objC   etc.
0  5.77e+03  302.73 |
成功率：97.4%, 提交量大于阈值的概率：0.34976%, 超供率：92.3%, 超供程度：82.6%, 方差：439.7
0  5.77e+03  302.73 |  302.73    0.0   2884     0 |    0.09   0.24  -0.02  -0.50
0  8.65e+04  331.48 |
成功率：97.9%, 提交量大于阈值的概率：0.36611%, 超供率：94.5%, 超供程度：80.4%, 方差：444.1
0  8.65e+04  331.48 |  331.48    0.0   2886     0 |    0.11   0.07  -0.08  -0.55
0  1.62e+05  341.40 |
成功率：97.9%, 提交量大于阈值的概率：0.36290%, 超供率：94.5%, 超供程度：79.9%, 方差：440.1
0  1.62e+05  341.40 |  341.40    0.0   2888     0 |    0.11   0.05  -0.06  -0.59
0  2.37e+05  342.03 |
成功率：97.8%, 提交量大于阈值的概率：0.36673%, 超供率：95.0%, 超供程度：80.4%, 方差：435.6
0  2.37e+05  342.03 |  342.03    0.0   2886     0 |    0.11   0.09  -0.03  -0.65
0  3.12e+05  357.02 |
成功率：97.8%, 提交量大于阈值的概率：0.36819%, 超供率：95.2%, 超供程度：79.2%, 方差：434.2
0  3.12e+05  357.02 |  357.02    0.0   2888     0 |    0.12   0.08  -0.01  -0.70
0  3.87e+05  366.47 |
成功率：97.7%, 提交量大于阈值的概率：0.36520%, 超供率：95.2%, 超供程度：78.9%, 方差：430.0
0  3.87e+05  366.47 |  366.47    0.0   2888     0 |    0.12   0.06   0.04  -0.72
0  4.62e+05  376.38 |
成功率：97.2%, 提交量大于阈值的概率：0.35205%, 超供率：94.5%, 超供程度：78.6%, 方差：417.4
0  4.62e+05  376.38 |  376.38    0.0   2888     0 |    0.12   0.06  -0.05  -0.78
0  5.42e+05  393.96 |
成功率：96.3%, 提交量大于阈值的概率：0.33684%, 超供率：93.6%, 超供程度：78.1%, 方差：396.7
0  5.42e+05  393.96 |  393.96    0.0   2888     0 |    0.13   0.05   0.02  -0.85
0  6.17e+05  419.65 |
成功率：95.1%, 提交量大于阈值的概率：0.29354%, 超供率：92.2%, 超供程度：77.3%, 方差：370.5
0  6.17e+05  419.65 |  419.65    0.0   2888     0 |    0.14   0.04  -0.04  -0.89
0  6.93e+05  432.15 |
成功率：94.1%, 提交量大于阈值的概率：0.17234%, 超供率：91.3%, 超供程度：76.5%, 方差：353.9
0  6.93e+05  432.15 |  432.15    0.0   2888     0 |    0.14   0.04   0.03  -0.96
0  7.68e+05  432.15 |  430.05    0.0   2888     0 |    0.14   0.03   0.07  -1.00
0  8.72e+05  438.92 |
成功率：93.5%, 提交量大于阈值的概率：0.04859%, 超供率：90.8%, 超供程度：75.7%, 方差：342.5
0  8.72e+05  438.92 |  438.92    0.0   2888     0 |    0.15   0.02   0.03  -1.06
0  9.47e+05  444.24 |
成功率：93.5%, 提交量大于阈值的概率：0.05379%, 超供率：90.8%, 超供程度：75.1%, 方差：342.7
0  9.47e+05  444.24 |  444.24    0.0   2888     0 |    0.15   0.03  -0.04  -1.09
0  1.02e+06  444.24 |  443.85    0.0   2888     0 |    0.15   0.03   0.12  -1.13
0  1.13e+06  448.45 |
成功率：93.5%, 提交量大于阈值的概率：0.03817%, 超供率：90.9%, 超供程度：74.7%, 方差：342.8
0  1.13e+06  448.45 |  448.45    0.0   2888     0 |    0.15   0.02  -0.03  -1.13
0  1.20e+06  448.45 |  447.43    0.0   2888     0 |    0.15   0.02   0.04  -1.14
0  1.30e+06  459.22 |
成功率：94.0%, 提交量大于阈值的概率：0.08806%, 超供率：91.6%, 超供程度：74.0%, 方差：350.4
0  1.30e+06  459.22 |  459.22    0.0   2888     0 |    0.15   0.02   0.06  -1.15
0  1.38e+06  459.22 |  458.97    0.0   2888     0 |    0.15   0.02   0.07  -1.17
0  1.48e+06  462.58 |
成功率：93.8%, 提交量大于阈值的概率：0.08474%, 超供率：91.4%, 超供程度：73.4%, 方差：347.9
0  1.48e+06  462.58 |  462.58    0.0   2888     0 |    0.16   0.02   0.00  -1.16
0  1.56e+06  465.27 |
成功率：93.9%, 提交量大于阈值的概率：0.08984%, 超供率：91.5%, 超供程度：73.3%, 方差：349.6
0  1.56e+06  465.27 |  465.27    0.0   2888     0 |    0.16   0.02   0.00  -1.16
0  1.63e+06  465.27 |  463.22    0.0   2888     0 |    0.16   0.03   0.09  -1.17
0  1.74e+06  476.63 |
成功率：94.1%, 提交量大于阈值的概率：0.16889%, 超供率：91.6%, 超供程度：71.9%, 方差：353.5
0  1.74e+06  476.63 |  476.63    0.0   2888     0 |    0.16   0.03   0.02  -1.15
0  1.82e+06  476.63 |  475.91    0.0   2888     0 |    0.16   0.03  -0.01  -1.15
0  1.92e+06  486.28 |
成功率：93.4%, 提交量大于阈值的概率：0.05384%, 超供率：90.5%, 超供程度：69.6%, 方差：341.3
0  1.92e+06  486.28 |  486.28    0.0   2888     0 |    0.16   0.03  -0.01  -1.17
0  1.99e+06  494.41 |
成功率：93.6%, 提交量大于阈值的概率：0.03641%, 超供率：90.7%, 超供程度：69.1%, 方差：343.4
0  1.99e+06  494.41 |  494.41    0.0   2888     0 |    0.17   0.02   0.11  -1.17
0  2.07e+06  498.45 |
成功率：93.9%, 提交量大于阈值的概率：0.10371%, 超供率：91.0%, 超供程度：68.9%, 方差：348.3
0  2.07e+06  498.45 |  498.45    0.0   2888     0 |    0.17   0.02   0.05  -1.15
0  2.14e+06  500.76 |
成功率：94.2%, 提交量大于阈值的概率：0.16361%, 超供率：91.6%, 超供程度：69.0%, 方差：354.3
0  2.14e+06  500.76 |  500.76    0.0   2888     0 |    0.17   0.02   0.04  -1.17
0  2.22e+06  507.17 |
成功率：94.5%, 提交量大于阈值的概率：0.22833%, 超供率：91.9%, 超供程度：67.5%, 方差：359.4
0  2.22e+06  507.17 |  507.17    0.0   2888     0 |    0.17   0.02   0.08  -1.17
0  2.29e+06  508.84 |
成功率：93.5%, 提交量大于阈值的概率：0.04512%, 超供率：90.9%, 超供程度：67.2%, 方差：341.9
0  2.29e+06  508.84 |  508.84    0.0   2888     0 |    0.17   0.02   0.03  -1.17
0  2.37e+06  518.28 |
成功率：94.1%, 提交量大于阈值的概率：0.11384%, 超供率：91.5%, 超供程度：66.8%, 方差：351.2
0  2.37e+06  518.28 |  518.28    0.0   2888     0 |    0.17   0.02   0.01  -1.18
0  2.44e+06  524.75 |
成功率：93.7%, 提交量大于阈值的概率：0.05368%, 超供率：91.1%, 超供程度：65.7%, 方差：345.1
0  2.44e+06  524.75 |  524.75    0.0   2888     0 |    0.18   0.02   0.01  -1.18
0  2.52e+06  535.72 |
成功率：94.3%, 提交量大于阈值的概率：0.16516%, 超供率：91.9%, 超供程度：64.6%, 方差：354.9
0  2.52e+06  535.72 |  535.72    0.0   2888     0 |    0.18   0.03   0.04  -1.18
0  2.59e+06  544.75 |
成功率：94.5%, 提交量大于阈值的概率：0.19745%, 超供率：92.0%, 超供程度：63.6%, 方差：358.1
0  2.59e+06  544.75 |  544.75    0.0   2888     0 |    0.18   0.01  -0.04  -1.17
0  2.67e+06  548.01 |
成功率：93.8%, 提交量大于阈值的概率：0.07780%, 超供率：91.1%, 超供程度：62.6%, 方差：346.7
0  2.67e+06  548.01 |  548.01    0.0   2888     0 |    0.18   0.02   0.00  -1.17
0  2.74e+06  554.63 |
成功率：94.5%, 提交量大于阈值的概率：0.18365%, 超供率：92.1%, 超供程度：62.6%, 方差：358.3
0  2.74e+06  554.63 |  554.63    0.0   2888     0 |    0.19   0.01  -0.04  -1.17
0  2.82e+06  556.27 |
成功率：94.3%, 提交量大于阈值的概率：0.14800%, 超供率：91.9%, 超供程度：62.3%, 方差：354.1
0  2.82e+06  556.27 |  556.27    0.0   2888     0 |    0.19   0.02   0.03  -1.18
0  2.89e+06  561.91 |
成功率：94.6%, 提交量大于阈值的概率：0.16988%, 超供率：92.6%, 超供程度：61.9%, 方差：359.0
0  2.89e+06  561.91 |  561.91    0.0   2888     0 |    0.19   0.01   0.05  -1.18
0  2.97e+06  567.98 |
成功率：94.1%, 提交量大于阈值的概率：0.11035%, 超供率：91.8%, 超供程度：60.7%, 方差：351.0
0  2.97e+06  567.98 |  567.98    0.0   2888     0 |    0.19   0.02   0.01  -1.17
0  3.04e+06  576.28 |
成功率：94.3%, 提交量大于阈值的概率：0.15139%, 超供率：91.9%, 超供程度：59.5%, 方差：354.5
0  3.04e+06  576.28 |  576.28    0.0   2888     0 |    0.19   0.01  -0.05  -1.18
0  3.12e+06  581.17 |
成功率：94.2%, 提交量大于阈值的概率：0.14461%, 超供率：91.4%, 超供程度：58.7%, 方差：353.6
0  3.12e+06  581.17 |  581.17    0.0   2888     0 |    0.20   0.01   0.01  -1.17
0  3.19e+06  583.97 |
成功率：94.4%, 提交量大于阈值的概率：0.18224%, 超供率：91.2%, 超供程度：58.3%, 方差：355.6
0  3.19e+06  583.97 |  583.97    0.0   2888     0 |    0.20   0.01   0.00  -1.16
0  3.27e+06  586.53 |
成功率：94.7%, 提交量大于阈值的概率：0.24332%, 超供率：91.6%, 超供程度：58.4%, 方差：360.9
0  3.27e+06  586.53 |  586.53    0.0   2888     0 |    0.20   0.01   0.03  -1.17
0  3.34e+06  591.26 |
成功率：94.0%, 提交量大于阈值的概率：0.07421%, 超供率：90.2%, 超供程度：57.5%, 方差：348.7
0  3.34e+06  591.26 |  591.26    0.0   2888     0 |    0.20   0.01   0.10  -1.17
0  3.42e+06  591.26 |  578.19    0.0   2888     0 |    0.20   0.01   0.03  -1.17
0  3.52e+06  591.26 |  565.62    0.0   2888     0 |    0.19   0.02   0.09  -1.17
0  3.62e+06  591.26 |  577.52    0.0   2888     0 |    0.20   0.02   0.07  -1.18
0  3.71e+06  591.26 |  583.87    0.0   2888     0 |    0.20   0.01   0.10  -1.17
0  3.81e+06  591.26 |  583.99    0.0   2888     0 |    0.20   0.01   0.02  -1.17
0  3.90e+06  592.61 |
成功率：94.2%, 提交量大于阈值的概率：0.09302%, 超供率：91.1%, 超供程度：58.2%, 方差：352.3
0  3.90e+06  592.61 |  592.61    0.0   2888     0 |    0.20   0.01  -0.01  -1.17
0  3.96e+06  595.77 |
成功率：94.2%, 提交量大于阈值的概率：0.11198%, 超供率：90.9%, 超供程度：57.6%, 方差：352.1
0  3.96e+06  595.77 |  595.77    0.0   2888     0 |    0.20   0.01  -0.03  -1.17
0  4.03e+06  597.25 |
成功率：94.1%, 提交量大于阈值的概率：0.10864%, 超供率：90.0%, 超供程度：56.6%, 方差：350.7
0  4.03e+06  597.25 |  597.25    0.0   2888     0 |    0.20   0.01  -0.01  -1.18
0  4.08e+06  604.83 |
成功率：94.1%, 提交量大于阈值的概率：0.11377%, 超供率：89.6%, 超供程度：55.4%, 方差：351.1
0  4.08e+06  604.83 |  604.83    0.0   2888     0 |    0.21   0.01   0.06  -1.19
0  4.15e+06  614.86 |
成功率：94.3%, 提交量大于阈值的概率：0.15488%, 超供率：89.3%, 超供程度：53.9%, 方差：353.7
0  4.15e+06  614.86 |  614.86    0.0   2888     0 |    0.21   0.01   0.02  -1.18
0  4.21e+06  622.37 |
成功率：94.2%, 提交量大于阈值的概率：0.13776%, 超供率：89.3%, 超供程度：53.1%, 方差：352.7
0  4.21e+06  622.37 |  622.37    0.0   2888     0 |    0.21   0.01  -0.07  -1.16
0  4.27e+06  622.37 |  606.36    0.0   2888     0 |    0.21   0.01   0.06  -1.16
0  4.34e+06  624.03 |
成功率：94.7%, 提交量大于阈值的概率：0.27241%, 超供率：89.1%, 超供程度：52.8%, 方差：361.1
0  4.34e+06  624.03 |  624.03    0.0   2888     0 |    0.21   0.01   0.06  -1.15
0  4.39e+06  632.90 |
成功率：94.3%, 提交量大于阈值的概率：0.17383%, 超供率：87.7%, 超供程度：51.4%, 方差：353.6
0  4.39e+06  632.90 |  632.90    0.0   2888     0 |    0.21   0.01   0.14  -1.17
0  4.45e+06  639.53 |
成功率：94.4%, 提交量大于阈值的概率：0.20976%, 超供率：87.3%, 超供程度：50.3%, 方差：355.3
0  4.45e+06  639.53 |  639.53    0.0   2888     0 |    0.22   0.01   0.16  -1.17
0  4.50e+06  639.53 |  637.68    0.0   2888     0 |    0.22   0.01  -0.05  -1.17
0  4.58e+06  643.96 |
成功率：94.1%, 提交量大于阈值的概率：0.11558%, 超供率：85.2%, 超供程度：49.3%, 方差：349.9
0  4.58e+06  643.96 |  643.96    0.0   2888     0 |    0.22   0.01   0.01  -1.17
0  4.63e+06  644.52 |
成功率：93.8%, 提交量大于阈值的概率：0.07094%, 超供率：84.7%, 超供程度：48.6%, 方差：345.1
0  4.63e+06  644.52 |  644.52    0.0   2888     0 |    0.22   0.01   0.05  -1.17
0  4.68e+06  648.29 |
成功率：94.7%, 提交量大于阈值的概率：0.24329%, 超供率：85.6%, 超供程度：48.6%, 方差：361.1
0  4.68e+06  648.29 |  648.29    0.0   2888     0 |    0.22   0.01   0.01  -1.18
0  4.74e+06  648.29 |  596.00    0.0   2888     0 |    0.20   0.01  -0.07  -1.15
0  4.81e+06  648.29 |  601.41    0.0   2888     0 |    0.21   0.02   0.06  -1.15
0  4.89e+06  648.29 |  623.82    0.0   2888     0 |    0.21   0.01   0.05  -1.13
0  4.97e+06  648.29 |  647.44    0.0   2888     0 |    0.22   0.01   0.21  -1.13
0  5.04e+06  660.78 |
成功率：94.8%, 提交量大于阈值的概率：0.23794%, 超供率：89.6%, 超供程度：47.2%, 方差：362.8
0  5.04e+06  660.78 |  660.78    0.0   2888     0 |    0.23   0.01   0.01  -1.12
0  5.10e+06  667.12 |
成功率：94.5%, 提交量大于阈值的概率：0.18878%, 超供率：89.3%, 超供程度：46.9%, 方差：358.7
0  5.10e+06  667.12 |  667.12    0.0   2888     0 |    0.23   0.01   0.04  -1.14
0  5.15e+06  667.34 |
成功率：94.5%, 提交量大于阈值的概率：0.19400%, 超供率：89.4%, 超供程度：46.9%, 方差：358.1
0  5.15e+06  667.34 |  667.34    0.0   2888     0 |    0.23   0.01   0.02  -1.14
0  5.20e+06  670.84 |
成功率：94.5%, 提交量大于阈值的概率：0.18037%, 超供率：88.6%, 超供程度：46.2%, 方差：357.3
0  5.20e+06  670.84 |  670.84    0.0   2888     0 |    0.23   0.01   0.01  -1.15
0  5.26e+06  670.84 |  611.06    0.0   2888     0 |    0.21   0.02   0.12  -1.15
0  5.34e+06  670.84 |  630.90    0.0   2888     0 |    0.21   0.01   0.03  -1.16
0  5.41e+06  670.84 |  655.11    0.0   2888     0 |    0.22   0.01   0.18  -1.16
0  5.49e+06  670.84 |  607.62    0.0   2888     0 |    0.21   0.02  -0.03  -1.15
0  5.56e+06  670.84 |  612.18    0.0   2888     0 |    0.21   0.01   0.08  -1.14
0  5.64e+06  670.84 |  618.66    0.0   2888     0 |    0.21   0.01   0.07  -1.14
0  5.72e+06  670.84 |  658.88    0.0   2888     0 |    0.23   0.01   0.09  -1.13
0  5.79e+06  677.02 |
成功率：94.7%, 提交量大于阈值的概率：0.20385%, 超供率：91.2%, 超供程度：43.4%, 方差：363.1
0  5.79e+06  677.02 |  677.02    0.0   2888     0 |    0.23   0.01   0.01  -1.15
0  5.84e+06  683.71 |
成功率：94.8%, 提交量大于阈值的概率：0.24303%, 超供率：91.3%, 超供程度：43.8%, 方差：364.0
0  5.84e+06  683.71 |  683.71    0.0   2888     0 |    0.23   0.01  -0.09  -1.14
0  5.90e+06  689.11 |
成功率：94.4%, 提交量大于阈值的概率：0.17704%, 超供率：90.6%, 超供程度：43.1%, 方差：356.7
0  5.90e+06  689.11 |  689.11    0.0   2888     0 |    0.24   0.01   0.04  -1.16
0  5.95e+06  689.11 |  685.59    0.0   2888     0 |    0.23   0.01   0.06  -1.15
0  6.02e+06  692.63 |
成功率：94.3%, 提交量大于阈值的概率：0.14622%, 超供率：89.6%, 超供程度：42.7%, 方差：355.2
0  6.02e+06  692.63 |  692.63    0.0   2888     0 |    0.24   0.01   0.05  -1.15
0  6.08e+06  693.72 |
成功率：94.5%, 提交量大于阈值的概率：0.18035%, 超供率：90.0%, 超供程度：42.9%, 方差：357.6
0  6.08e+06  693.72 |  693.72    0.0   2888     0 |    0.24   0.01  -0.06  -1.14
0  6.13e+06  697.51 |
成功率：94.5%, 提交量大于阈值的概率：0.19064%, 超供率：89.8%, 超供程度：42.3%, 方差：357.8
0  6.13e+06  697.51 |  697.51    0.0   2888     0 |    0.24   0.01  -0.05  -1.15
0  6.18e+06  699.15 |
成功率：94.5%, 提交量大于阈值的概率：0.19576%, 超供率：89.8%, 超供程度：42.2%, 方差：358.1
0  6.18e+06  699.15 |  699.15    0.0   2888     0 |    0.24   0.01   0.10  -1.16
0  6.23e+06  699.15 |  686.54    0.0   2888     0 |    0.24   0.01   0.07  -1.15
0  6.31e+06  699.15 |  576.77    0.0   2888     0 |    0.20   0.03   0.09  -1.15
0  6.38e+06  699.15 |  603.18    0.0   2888     0 |    0.20   0.02  -0.08  -1.15
0  6.46e+06  699.15 |  644.32    0.0   2888     0 |    0.22   0.01  -0.01  -1.15
0  6.54e+06  699.15 |  665.32    0.0   2888     0 |    0.23   0.01   0.04  -1.15
0  6.61e+06  699.15 |  678.07    0.0   2888     0 |    0.23   0.01   0.08  -1.16
0  6.69e+06  699.15 |  680.59    0.0   2888     0 |    0.23   0.01   0.17  -1.16
0  6.77e+06  699.15 |  680.61    0.0   2888     0 |    0.23   0.01   0.01  -1.17
0  6.85e+06  699.15 |  617.05    0.0   2888     0 |    0.21   0.02   0.01  -1.16
0  6.92e+06  699.15 |  621.69    0.0   2888     0 |    0.21   0.01  -0.02  -1.16
0  7.00e+06  699.15 |  635.06    0.0   2888     0 |    0.22   0.01   0.03  -1.16
0  7.08e+06  699.15 |  655.39    0.0   2888     0 |    0.22   0.01  -0.04  -1.17
0  7.16e+06  699.15 |  671.40    0.0   2888     0 |    0.23   0.01   0.06  -1.18
0  7.24e+06  699.15 |  679.26    0.0   2888     0 |    0.23   0.01  -0.01  -1.18
0  7.31e+06  699.15 |  683.29    0.0   2888     0 |    0.23   0.01  -0.10  -1.18
0  7.38e+06  699.15 |  582.81    0.0   2888     0 |    0.20   0.04   0.01  -1.16
0  7.46e+06  699.15 |  599.94    0.0   2888     0 |    0.21   0.01  -0.01  -1.14
0  7.53e+06  699.15 |  556.60    0.0   2888     0 |    0.19   0.07   0.02  -1.14
0  7.61e+06  699.15 |  554.79    0.0   2888     0 |    0.19   0.03  -0.01  -1.12
0  7.69e+06  699.15 |  554.09    0.0   2888     0 |    0.19   0.01  -0.09  -1.11
0  7.77e+06  699.15 |  553.94    0.0   2888     0 |    0.19   0.02  -0.12  -1.10
0  7.85e+06  699.15 |  557.95    0.0   2888     0 |    0.19   0.01   0.07  -1.10
0  7.92e+06  699.15 |  559.83    0.0   2888     0 |    0.19   0.01   0.05  -1.11
0  8.00e+06  699.15 |  562.89    0.0   2888     0 |    0.19   0.01   0.06  -1.10
0  8.07e+06  699.15 |  564.33    0.0   2888     0 |    0.19   0.01   0.03  -1.10
0  8.15e+06  699.15 |  566.46    0.0   2888     0 |    0.19   0.01   0.15  -1.11
0  8.22e+06  699.15 |  568.61    0.0   2888     0 |    0.20   0.01   0.03  -1.12
0  8.30e+06  699.15 |  570.73    0.0   2888     0 |    0.20   0.01  -0.01  -1.12
0  8.37e+06  699.15 |  574.00    0.0   2888     0 |    0.20   0.00   0.05  -1.12
0  8.45e+06  699.15 |  575.11    0.0   2888     0 |    0.20   0.01   0.04  -1.12
0  8.53e+06  699.15 |  574.69    0.0   2888     0 |    0.20   0.01   0.11  -1.13
0  8.60e+06  699.15 |  578.16    0.0   2888     0 |    0.20   0.01  -0.00  -1.14
0  8.68e+06  699.15 |  580.21    0.0   2888     0 |    0.20   0.01   0.03  -1.15
0  8.75e+06  699.15 |  585.38    0.0   2888     0 |    0.20   0.01   0.01  -1.15
0  8.82e+06  699.15 |  590.54    0.0   2888     0 |    0.20   0.01   0.11  -1.16
0  8.89e+06  699.15 |  602.68    0.0   2888     0 |    0.21   0.01   0.08  -1.15
0  8.98e+06  699.15 |  628.34    0.0   2888     0 |    0.21   0.02   0.03  -1.14
0  9.06e+06  699.15 |  635.62    0.0   2888     0 |    0.22   0.01  -0.08  -1.14
0  9.14e+06  699.15 |  638.06    0.0   2888     0 |    0.22   0.01   0.12  -1.16
0  9.21e+06  699.15 |  645.91    0.0   2888     0 |    0.22   0.01   0.01  -1.15
0  9.29e+06  699.15 |  654.20    0.0   2888     0 |    0.23   0.01   0.03  -1.16
0  9.36e+06  699.15 |  659.99    0.0   2888     0 |    0.23   0.00   0.07  -1.16
0  9.44e+06  699.15 |  670.06    0.0   2888     0 |    0.23   0.01   0.06  -1.16
0  9.51e+06  699.15 |  689.15    0.0   2888     0 |    0.24   0.00   0.05  -1.16
0  9.59e+06  706.92 |
成功率：96.0%, 提交量大于阈值的概率：0.31266%, 超供率：85.1%, 超供程度：38.3%, 方差：387.6
0  9.59e+06  706.92 |  706.92    0.0   2888     0 |    0.24   0.01  -0.01  -1.16
0  9.64e+06  714.01 |
成功率：95.5%, 提交量大于阈值的概率：0.30420%, 超供率：83.5%, 超供程度：37.7%, 方差：377.3
0  9.64e+06  714.01 |  714.01    0.0   2888     0 |    0.25   0.00   0.03  -1.15
0  9.69e+06  719.34 |
成功率：95.3%, 提交量大于阈值的概率：0.29616%, 超供率：81.9%, 超供程度：37.2%, 方差：374.1
0  9.69e+06  719.34 |  719.34    0.0   2888     0 |    0.25   0.01  -0.08  -1.15
0  9.74e+06  720.72 |
成功率：95.7%, 提交量大于阈值的概率：0.32721%, 超供率：81.3%, 超供程度：36.6%, 方差：380.8
0  9.74e+06  720.72 |  720.72    0.0   2888     0 |    0.25   0.01   0.10  -1.15
0  9.80e+06  723.57 |
成功率：95.5%, 提交量大于阈值的概率：0.31766%, 超供率：82.2%, 超供程度：37.1%, 方差：377.0
0  9.80e+06  723.57 |  723.57    0.0   2888     0 |    0.25   0.00   0.06  -1.15
0  9.85e+06  729.52 |
成功率：95.2%, 提交量大于阈值的概率：0.28624%, 超供率：78.4%, 超供程度：35.5%, 方差：372.4
0  9.85e+06  729.52 |  729.52    0.0   2888     0 |    0.25   0.00   0.16  -1.15
0  9.90e+06  729.52 |  727.75    0.0   2888     0 |    0.25   0.01   0.06  -1.14
0  9.98e+06  734.21 |
成功率：95.7%, 提交量大于阈值的概率：0.29996%, 超供率：73.6%, 超供程度：33.3%, 方差：381.7
0  9.98e+06  734.21 |  734.21    0.0   2888     0 |    0.25   0.01   0.07  -1.14
0  1.00e+07  734.21 |  719.24    0.0   2888     0 |    0.25   0.00   0.08  -1.14
0  1.01e+07  734.21 |  665.34    0.0   2888     0 |    0.23   0.01   0.00  -1.15
0  1.02e+07  734.21 |  679.52    0.0   2888     0 |    0.23   0.00   0.02  -1.14
0  1.03e+07  734.21 |  703.73    0.0   2888     0 |    0.24   0.01   0.07  -1.15
0  1.03e+07  734.21 |  721.48    0.0   2888     0 |    0.25   0.00   0.14  -1.14
0  1.04e+07  734.21 |  700.85    0.0   2888     0 |    0.25   0.00   0.05  -1.15
0  1.05e+07  734.21 |  706.88    0.0   2888     0 |    0.24   0.00  -0.01  -1.16
0  1.06e+07  734.21 |  720.98    0.0   2888     0 |    0.25   0.00  -0.01  -1.15
0  1.06e+07  734.21 |  722.86    0.0   2888     0 |    0.25   0.00   0.11  -1.16
0  1.07e+07  734.21 |  700.64    0.0   2888     0 |    0.24   0.00   0.08  -1.16
0  1.08e+07  734.21 |  715.27    0.0   2888     0 |    0.25   0.00   0.03  -1.14
0  1.09e+07  734.21 |  697.13    0.0   2888     0 |    0.25   0.00   0.02  -1.16
0  1.09e+07  734.21 |  636.46    0.0   2888     0 |    0.22   0.01   0.05  -1.16
0  1.10e+07  734.21 |  659.30    0.0   2888     0 |    0.23   0.01   0.12  -1.17
0  1.11e+07  734.21 |  676.29    0.0   2888     0 |    0.23   0.01   0.12  -1.15
0  1.12e+07  734.21 |  694.49    0.0   2888     0 |    0.24   0.01   0.12  -1.15
0  1.12e+07  734.21 |  701.88    0.0   2888     0 |    0.24   0.00  -0.02  -1.16
0  1.13e+07  734.21 |  702.49    0.0   2888     0 |    0.24   0.00  -0.03  -1.16
0  1.14e+07  734.21 |  709.78    0.0   2888     0 |    0.24   0.00  -0.02  -1.16
0  1.15e+07  734.21 |  711.33    0.0   2888     0 |    0.24   0.00   0.03  -1.16
0  1.15e+07  734.21 |  712.30    0.0   2888     0 |    0.24   0.01   0.15  -1.17
0  1.16e+07  734.21 |  713.66    0.0   2888     0 |    0.24   0.01   0.05  -1.17
0  1.17e+07  734.21 |  714.83    0.0   2888     0 |    0.24   0.00  -0.01  -1.16
0  1.17e+07  734.21 |  641.15    0.0   2888     0 |    0.21   0.02   0.02  -1.17
0  1.18e+07  734.21 |  646.93    0.0   2888     0 |    0.22   0.00   0.07  -1.15
0  1.19e+07  734.21 |  657.85    0.0   2888     0 |    0.23   0.00  -0.06  -1.15
0  1.20e+07  734.21 |  669.14    0.0   2888     0 |    0.23   0.00   0.12  -1.14
0  1.20e+07  734.21 |  521.89    0.0   2888     0 |    0.19   0.01   0.12  -1.14
0  1.21e+07  734.21 |  595.60    0.0   2888     0 |    0.20   0.01   0.06  -1.12
0  1.22e+07  734.21 |  643.53    0.0   2888     0 |    0.22   0.00   0.10  -1.11
0  1.23e+07  734.21 |  683.95    0.0   2888     0 |    0.23   0.01   0.10  -1.13
0  1.24e+07  734.21 |  702.55    0.0   2888     0 |    0.24   0.01   0.03  -1.14
0  1.24e+07  734.21 |  716.36    0.0   2888     0 |    0.25   0.00   0.10  -1.14
0  1.25e+07  734.21 |  722.06    0.0   2888     0 |    0.25   0.00   0.02  -1.14
0  1.26e+07  734.21 |  723.77    0.0   2888     0 |    0.25   0.00   0.01  -1.14
0  1.27e+07  734.21 |  726.84    0.0   2888     0 |    0.25   0.00   0.20  -1.15
0  1.27e+07  734.21 |  727.78    0.0   2888     0 |    0.25   0.00   0.04  -1.14
0  1.28e+07  734.21 |  728.00    0.0   2888     0 |    0.25   0.00  -0.07  -1.13
0  1.29e+07  734.54 |
成功率：94.8%, 提交量大于阈值的概率：0.26174%, 超供率：84.8%, 超供程度：36.1%, 方差：366.6
0  1.29e+07  734.54 |  734.54    0.0   2888     0 |    0.25   0.00  -0.00  -1.15
0  1.30e+07  734.54 |  707.56    0.0   2888     0 |    0.24   0.01   0.01  -1.15
0  1.30e+07  734.54 |  727.67    0.0   2888     0 |    0.25   0.00  -0.08  -1.15
0  1.31e+07  734.54 |  732.86    0.0   2888     0 |    0.25   0.00   0.14  -1.15
0  1.32e+07  734.54 |  707.64    0.0   2888     0 |    0.24   0.00  -0.09  -1.15
0  1.33e+07  734.54 |  721.52    0.0   2888     0 |    0.25   0.00   0.10  -1.16
0  1.33e+07  734.54 |  732.02    0.0   2888     0 |    0.25   0.00  -0.09  -1.16
0  1.34e+07  739.87 |
成功率：95.6%, 提交量大于阈值的概率：0.32070%, 超供率：84.2%, 超供程度：33.7%, 方差：380.6
0  1.34e+07  739.87 |  739.87    0.0   2888     0 |    0.25   0.00   0.16  -1.14
0  1.35e+07  745.59 |
成功率：95.3%, 提交量大于阈值的概率：0.28941%, 超供率：83.1%, 超供程度：33.4%, 方差：374.7
0  1.35e+07  745.59 |  745.59    0.0   2888     0 |    0.26   0.00   0.15  -1.15
0  1.36e+07  745.59 |  737.46    0.0   2888     0 |    0.25   0.00   0.03  -1.14
0  1.36e+07  745.59 |  683.89    0.0   2888     0 |    0.24   0.01   0.11  -1.14
0  1.37e+07  745.59 |  694.46    0.0   2888     0 |    0.24   0.01  -0.01  -1.15
0  1.38e+07  745.59 |  704.14    0.0   2888     0 |    0.24   0.01   0.14  -1.14
0  1.39e+07  745.59 |  711.33    0.0   2888     0 |    0.24   0.00   0.04  -1.16
0  1.40e+07  745.59 |  716.24    0.0   2888     0 |    0.25   0.00  -0.02  -1.17
0  1.41e+07  745.59 |  715.54    0.0   2888     0 |    0.25   0.00   0.01  -1.16
0  1.41e+07  745.59 |  712.19    0.0   2888     0 |    0.24   0.00   0.09  -1.16
0  1.42e+07  745.59 |  723.39    0.0   2888     0 |    0.25   0.00   0.11  -1.15
0  1.43e+07  745.59 |  723.69    0.0   2888     0 |    0.25   0.00  -0.00  -1.15
0  1.44e+07  745.59 |  725.39    0.0   2888     0 |    0.25   0.00   0.06  -1.15
0  1.45e+07  745.59 |  725.07    0.0   2888     0 |    0.25   0.00  -0.05  -1.16
0  1.46e+07  745.59 |  726.79    0.0   2888     0 |    0.25   0.00  -0.03  -1.16
0  1.46e+07  745.59 |  727.23    0.0   2888     0 |    0.25   0.00   0.10  -1.15
0  1.47e+07  745.59 |  631.16    0.0   2888     0 |    0.22   0.01   0.14  -1.15
0  1.48e+07  745.59 |  662.53    0.0   2888     0 |    0.23   0.00   0.12  -1.14
0  1.49e+07  745.59 |  706.50    0.0   2888     0 |    0.24   0.00  -0.04  -1.14
0  1.50e+07  745.59 |  718.57    0.0   2888     0 |    0.25   0.00  -0.01  -1.14
0  1.51e+07  745.59 |  718.33    0.0   2888     0 |    0.25   0.00   0.12  -1.16
0  1.52e+07  745.59 |  718.49    0.0   2888     0 |    0.25   0.00   0.09  -1.15
0  1.52e+07  745.59 |  658.42    0.0   2888     0 |    0.23   0.01  -0.01  -1.14
0  1.53e+07  745.59 |  686.28    0.0   2888     0 |    0.24   0.00   0.04  -1.13
0  1.54e+07  745.59 |  700.36    0.0   2888     0 |    0.24   0.00   0.08  -1.14
0  1.55e+07  745.59 |  712.74    0.0   2888     0 |    0.24   0.00   0.12  -1.13
0  1.56e+07  745.59 |  721.29    0.0   2888     0 |    0.25   0.00   0.06  -1.14
0  1.57e+07  745.59 |  727.88    0.0   2888     0 |    0.25   0.00   0.02  -1.15
0  1.57e+07  745.59 |  729.91    0.0   2888     0 |    0.25   0.00   0.03  -1.16
0  1.58e+07  745.59 |  729.24    0.0   2888     0 |    0.25   0.00  -0.02  -1.16
0  1.59e+07  745.59 |  726.56    0.0   2888     0 |    0.25   0.00   0.02  -1.15
0  1.60e+07  745.59 |  675.52    0.0   2888     0 |    0.23   0.00   0.10  -1.14
0  1.61e+07  745.59 |  693.10    0.0   2888     0 |    0.24   0.00  -0.00  -1.14
0  1.62e+07  745.59 |  724.54    0.0   2888     0 |    0.25   0.00   0.01  -1.15
0  1.62e+07  745.59 |  705.72    0.0   2888     0 |    0.24   0.00  -0.10  -1.15
0  1.63e+07  745.59 |  715.34    0.0   2888     0 |    0.25   0.00   0.05  -1.15
0  1.64e+07  745.59 |  722.44    0.0   2888     0 |    0.25   0.00  -0.01  -1.16
0  1.65e+07  745.59 |  730.90    0.0   2888     0 |    0.25   0.00   0.14  -1.15
0  1.66e+07  745.59 |  738.12    0.0   2888     0 |    0.25   0.00   0.01  -1.15
0  1.67e+07  745.59 |  730.05    0.0   2888     0 |    0.25   0.00   0.14  -1.16
0  1.67e+07  745.59 |  741.47    0.0   2888     0 |    0.26   0.00  -0.08  -1.16
0  1.68e+07  746.29 |
成功率：94.3%, 提交量大于阈值的概率：0.16166%, 超供率：87.7%, 超供程度：35.0%, 方差：360.5
0  1.68e+07  746.29 |  746.29    0.0   2888     0 |    0.26   0.00   0.08  -1.16
0  1.69e+07  746.29 |  723.08    0.0   2888     0 |    0.25   0.00   0.14  -1.16
0  1.70e+07  746.29 |  734.27    0.0   2888     0 |    0.25   0.00   0.05  -1.14
0  1.71e+07  746.29 |  744.77    0.0   2888     0 |    0.26   0.00   0.10  -1.15
0  1.71e+07  750.41 |
成功率：94.8%, 提交量大于阈值的概率：0.26028%, 超供率：86.9%, 超供程度：34.3%, 方差：366.9
0  1.71e+07  750.41 |  750.41    0.0   2888     0 |    0.26   0.00   0.07  -1.16
0  1.72e+07  750.41 |  746.10    0.0   2888     0 |    0.26   0.00   0.17  -1.15
0  1.73e+07  750.41 |  636.69    0.0   2888     0 |    0.22   0.01   0.08  -1.13
0  1.74e+07  750.41 |  746.52    0.0   2888     0 |    0.26   0.00   0.21  -1.13
0  1.75e+07  754.41 |
成功率：94.4%, 提交量大于阈值的概率：0.17017%, 超供率：85.4%, 超供程度：33.0%, 方差：360.5
0  1.75e+07  754.41 |  754.41    0.0   2888     0 |    0.26   0.00  -0.01  -1.14
0  1.75e+07  756.00 |
成功率：94.6%, 提交量大于阈值的概率：0.20415%, 超供率：86.0%, 超供程度：33.2%, 方差：363.4
0  1.75e+07  756.00 |  756.00    0.0   2888     0 |    0.26   0.00   0.05  -1.15
0  1.76e+07  757.67 |
成功率：94.4%, 提交量大于阈值的概率：0.16324%, 超供率：85.5%, 超供程度：32.9%, 方差：360.6
0  1.76e+07  757.67 |  757.67    0.0   2888     0 |    0.26   0.00   0.11  -1.15
0  1.77e+07  757.67 |  740.51    0.0   2888     0 |    0.25   0.00   0.07  -1.15
0  1.78e+07  757.67 |  745.76    0.0   2888     0 |    0.26   0.00   0.04  -1.15
0  1.79e+07  757.67 |  749.89    0.0   2888     0 |    0.26   0.00   0.07  -1.15
0  1.80e+07  757.67 |  731.67    0.0   2888     0 |    0.25   0.00   0.01  -1.14
0  1.81e+07  757.67 |  742.13    0.0   2888     0 |    0.26   0.00   0.03  -1.15
0  1.81e+07  757.67 |  752.67    0.0   2888     0 |    0.26   0.00   0.02  -1.16
0  1.82e+07  757.73 |
成功率：94.3%, 提交量大于阈值的概率：0.13415%, 超供率：85.6%, 超供程度：33.1%, 方差：358.9
0  1.82e+07  757.73 |  757.73    0.0   2888     0 |    0.26   0.00   0.09  -1.16
0  1.83e+07  757.73 |  756.34    0.0   2888     0 |    0.26   0.00  -0.02  -1.17
