################################################################################
ID     Step    maxR |    avgR   stdR   avgS  stdS |    expR   objC   etc.
0  5.77e+03 4233.70 |
成功率：98.7%, 提交量大于阈值的概率：0.83705%, 超供率：96.1%, 超供程度：83.4%, 超供平均值：5.6, 方差：196.9
0  5.77e+03 4233.70 | 4233.70    0.0   2887     0 |    1.28   5.97   0.01  -0.50
0  4.04e+04 4300.61 |
成功率：98.9%, 提交量大于阈值的概率：0.84925%, 超供率：96.5%, 超供程度：83.7%, 超供平均值：5.6, 方差：192.2
0  4.04e+04 4300.61 | 4300.61    0.0   2885     0 |    1.31   3.33   0.12  -0.50
0  7.50e+04 4303.96 |
成功率：98.8%, 提交量大于阈值的概率：0.85611%, 超供率：96.3%, 超供程度：83.6%, 超供平均值：5.6, 方差：189.7
0  7.50e+04 4303.96 | 4303.96    0.0   2885     0 |    1.34   3.21   0.04  -0.51
0  1.10e+05 4375.46 |
成功率：99.0%, 提交量大于阈值的概率：0.86650%, 超供率：96.7%, 超供程度：83.3%, 超供平均值：5.6, 方差：189.0
0  1.10e+05 4375.46 | 4375.46    0.0   2885     0 |    1.37   3.33   0.01  -0.51
0  1.44e+05 4420.09 |
成功率：99.1%, 提交量大于阈值的概率：0.86949%, 超供率：97.0%, 超供程度：83.1%, 超供平均值：5.6, 方差：186.5
0  1.44e+05 4420.09 | 4420.09    0.0   2885     0 |    1.39   3.52  -0.04  -0.53
0  1.79e+05 4462.51 |
成功率：99.0%, 提交量大于阈值的概率：0.88791%, 超供率：97.1%, 超供程度：83.2%, 超供平均值：5.6, 方差：185.0
0  1.79e+05 4462.51 | 4462.51    0.0   2887     0 |    1.41   4.02  -0.03  -0.53
0  2.14e+05 4473.75 |
成功率：98.9%, 提交量大于阈值的概率：0.86871%, 超供率：97.0%, 超供程度：82.8%, 超供平均值：5.6, 方差：184.2
0  2.14e+05 4473.75 | 4473.75    0.0   2887     0 |    1.44   3.70  -0.08  -0.54
0  2.48e+05 4561.12 |
成功率：98.9%, 提交量大于阈值的概率：0.87252%, 超供率：97.1%, 超供程度：82.2%, 超供平均值：5.5, 方差：179.0
0  2.48e+05 4561.12 | 4561.12    0.0   2885     0 |    1.45   3.15   0.07  -0.54
0  2.83e+05 4631.19 |
成功率：98.8%, 提交量大于阈值的概率：0.88848%, 超供率：97.0%, 超供程度：81.4%, 超供平均值：5.5, 方差：177.1
0  2.83e+05 4631.19 | 4631.19    0.0   2886     0 |    1.47   3.21   0.03  -0.57
0  3.18e+05 4693.19 |
成功率：98.6%, 提交量大于阈值的概率：0.84161%, 超供率：96.7%, 超供程度：80.1%, 超供平均值：5.4, 方差：173.3
0  3.18e+05 4693.19 | 4693.19    0.0   2886     0 |    1.51   2.95   0.10  -0.57
0  3.52e+05 4743.11 |
成功率：98.7%, 提交量大于阈值的概率：0.85501%, 超供率：96.7%, 超供程度：79.9%, 超供平均值：5.4, 方差：173.8
0  3.52e+05 4743.11 | 4743.11    0.0   2886     0 |    1.52   3.50   0.06  -0.58
0  3.87e+05 4760.70 |
成功率：98.7%, 提交量大于阈值的概率：0.80187%, 超供率：96.7%, 超供程度：79.5%, 超供平均值：5.4, 方差：172.4
0  3.87e+05 4760.70 | 4760.70    0.0   2886     0 |    1.53   3.68   0.08  -0.58
0  4.21e+05 4797.21 |
成功率：98.7%, 提交量大于阈值的概率：0.82305%, 超供率：96.7%, 超供程度：79.2%, 超供平均值：5.3, 方差：170.3
0  4.21e+05 4797.21 | 4797.21    0.0   2886     0 |    1.54   3.52  -0.01  -0.59
0  4.56e+05 4832.29 |
成功率：98.5%, 提交量大于阈值的概率：0.81687%, 超供率：96.6%, 超供程度：79.1%, 超供平均值：5.3, 方差：168.8
0  4.56e+05 4832.29 | 4832.29    0.0   2886     0 |    1.56   3.45   0.07  -0.60
0  4.91e+05 4851.41 |
成功率：98.3%, 提交量大于阈值的概率：0.81283%, 超供率：96.4%, 超供程度：78.9%, 超供平均值：5.3, 方差：166.3
0  4.91e+05 4851.41 | 4851.41    0.0   2886     0 |    1.57   2.54   0.09  -0.61
0  5.25e+05 4875.85 |
成功率：98.2%, 提交量大于阈值的概率：0.74754%, 超供率：96.3%, 超供程度：78.5%, 超供平均值：5.3, 方差：165.3
0  5.25e+05 4875.85 | 4875.85    0.0   2886     0 |    1.56   3.25   0.08  -0.62
0  5.60e+05 4875.85 | 4863.13    0.0   2886     0 |    1.58   3.18   0.13  -0.63
0  6.23e+05 4885.32 |
成功率：98.1%, 提交量大于阈值的概率：0.69302%, 超供率：96.0%, 超供程度：77.0%, 超供平均值：5.2, 方差：165.2
0  6.23e+05 4885.32 | 4885.32    0.0   2887     0 |    1.59   3.00   0.16  -0.65
0  6.58e+05 4885.32 | 4880.63    0.0   2887     0 |    1.59   3.20   0.02  -0.66
0  7.22e+05 4894.82 |
成功率：98.1%, 提交量大于阈值的概率：0.67864%, 超供率：95.8%, 超供程度：76.8%, 超供平均值：5.2, 方差：165.4
0  7.22e+05 4894.82 | 4894.82    0.0   2887     0 |    1.60   3.15   0.04  -0.67
0  7.56e+05 4930.38 |
成功率：98.0%, 提交量大于阈值的概率：0.69284%, 超供率：95.7%, 超供程度：76.4%, 超供平均值：5.2, 方差：163.4
0  7.56e+05 4930.38 | 4930.38    0.0   2887     0 |    1.61   3.14   0.04  -0.67
0  7.91e+05 4930.38 | 4929.88    0.0   2887     0 |    1.61   3.43   0.03  -0.69
0  8.54e+05 4959.48 |
成功率：97.6%, 提交量大于阈值的概率：0.63439%, 超供率：95.2%, 超供程度：75.1%, 超供平均值：5.1, 方差：160.0
0  8.54e+05 4959.48 | 4959.48    0.0   2887     0 |    1.63   3.51  -0.04  -0.69
0  8.89e+05 4975.27 |
成功率：97.8%, 提交量大于阈值的概率：0.71718%, 超供率：95.4%, 超供程度：76.1%, 超供平均值：5.2, 方差：161.5
0  8.89e+05 4975.27 | 4975.27    0.0   2887     0 |    1.63   3.32   0.13  -0.71
0  9.24e+05 4976.89 |
成功率：97.6%, 提交量大于阈值的概率：0.62597%, 超供率：95.1%, 超供程度：75.4%, 超供平均值：5.1, 方差：160.3
0  9.24e+05 4976.89 | 4976.89    0.0   2887     0 |    1.64   3.34  -0.06  -0.72
0  9.58e+05 4989.02 |
成功率：97.4%, 提交量大于阈值的概率：0.61531%, 超供率：94.7%, 超供程度：74.8%, 超供平均值：5.1, 方差：157.7
0  9.58e+05 4989.02 | 4989.02    0.0   2887     0 |    1.65   2.97   0.11  -0.72
0  9.93e+05 4990.91 |
成功率：97.4%, 提交量大于阈值的概率：0.60416%, 超供率：94.7%, 超供程度：74.6%, 超供平均值：5.1, 方差：159.0
0  9.93e+05 4990.91 | 4990.91    0.0   2887     0 |    1.65   3.10   0.02  -0.72
0  1.03e+06 4990.91 | 4990.28    0.0   2887     0 |    1.64   3.23  -0.00  -0.73
0  1.09e+06 4998.52 |
成功率：97.9%, 提交量大于阈值的概率：0.68372%, 超供率：95.5%, 超供程度：76.5%, 超供平均值：5.2, 方差：163.1
0  1.09e+06 4998.52 | 4998.52    0.0   2887     0 |    1.65   3.03   0.02  -0.74
0  1.13e+06 5019.48 |
成功率：97.9%, 提交量大于阈值的概率：0.74601%, 超供率：95.6%, 超供程度：76.8%, 超供平均值：5.2, 方差：163.3
0  1.13e+06 5019.48 | 5019.48    0.0   2887     0 |    1.65   3.04   0.02  -0.74
0  1.16e+06 5044.01 |
成功率：97.6%, 提交量大于阈值的概率：0.67701%, 超供率：95.0%, 超供程度：75.6%, 超供平均值：5.1, 方差：159.0
0  1.16e+06 5044.01 | 5044.01    0.0   2887     0 |    1.66   3.10   0.15  -0.74
0  1.20e+06 5067.07 |
成功率：97.1%, 提交量大于阈值的概率：0.56983%, 超供率：94.1%, 超供程度：73.8%, 超供平均值：5.0, 方差：153.1
0  1.20e+06 5067.07 | 5067.07    0.0   2887     0 |    1.66   3.18   0.02  -0.74
0  1.23e+06 5099.89 |
成功率：97.0%, 提交量大于阈值的概率：0.59382%, 超供率：93.9%, 超供程度：73.8%, 超供平均值：5.0, 方差：151.0
0  1.23e+06 5099.89 | 5099.89    0.0   2887     0 |    1.68   3.52  -0.08  -0.76
0  1.26e+06 5142.59 |
成功率：96.6%, 提交量大于阈值的概率：0.55506%, 超供率：93.0%, 超供程度：72.5%, 超供平均值：4.9, 方差：146.1
0  1.26e+06 5142.59 | 5142.59    0.0   2887     0 |    1.69   2.80   0.09  -0.76
0  1.30e+06 5161.32 |
成功率：96.3%, 提交量大于阈值的概率：0.54732%, 超供率：92.6%, 超供程度：72.2%, 超供平均值：4.9, 方差：141.9
0  1.30e+06 5161.32 | 5161.32    0.0   2887     0 |    1.70   2.73   0.11  -0.76
0  1.33e+06 5172.47 |
成功率：95.9%, 提交量大于阈值的概率：0.51859%, 超供率：91.9%, 超供程度：71.3%, 超供平均值：4.8, 方差：138.8
0  1.33e+06 5172.47 | 5172.47    0.0   2887     0 |    1.70   2.51   0.12  -0.77
0  1.37e+06 5191.91 |
成功率：96.0%, 提交量大于阈值的概率：0.54635%, 超供率：92.0%, 超供程度：71.7%, 超供平均值：4.9, 方差：138.6
0  1.37e+06 5191.91 | 5191.91    0.0   2887     0 |    1.71   2.92   0.13  -0.77
0  1.40e+06 5229.64 |
成功率：95.3%, 提交量大于阈值的概率：0.47329%, 超供率：91.1%, 超供程度：71.0%, 超供平均值：4.8, 方差：133.1
0  1.40e+06 5229.64 | 5229.64    0.0   2887     0 |    1.71   2.50   0.09  -0.77
0  1.44e+06 5258.14 |
成功率：94.4%, 提交量大于阈值的概率：0.37058%, 超供率：89.8%, 超供程度：70.4%, 超供平均值：4.8, 方差：124.8
0  1.44e+06 5258.14 | 5258.14    0.0   2887     0 |    1.72   2.83   0.15  -0.78
0  1.47e+06 5268.34 |
成功率：94.1%, 提交量大于阈值的概率：0.31814%, 超供率：89.0%, 超供程度：69.9%, 超供平均值：4.8, 方差：121.7
0  1.47e+06 5268.34 | 5268.34    0.0   2887     0 |    1.72   2.40   0.08  -0.79
0  1.51e+06 5268.34 | 5260.93    0.0   2888     0 |    1.73   2.34   0.08  -0.80
0  1.57e+06 5284.18 |
成功率：94.6%, 提交量大于阈值的概率：0.36600%, 超供率：90.3%, 超供程度：71.7%, 超供平均值：4.9, 方差：126.5
0  1.57e+06 5284.18 | 5284.18    0.0   2887     0 |    1.73   2.48   0.02  -0.80
0  1.61e+06 5284.18 | 5252.24    0.0   2887     0 |    1.73   2.36   0.06  -0.81
0  1.67e+06 5284.18 | 5279.51    0.0   2887     0 |    1.74   2.50   0.03  -0.83
0  1.73e+06 5284.18 | 5245.68    0.0   2887     0 |    1.74   2.36   0.06  -0.84
0  1.80e+06 5284.18 | 5283.23    0.0   2887     0 |    1.75   2.26  -0.02  -0.86
0  1.86e+06 5304.93 |
成功率：94.2%, 提交量大于阈值的概率：0.26499%, 超供率：89.6%, 超供程度：70.3%, 超供平均值：4.8, 方差：122.3
0  1.86e+06 5304.93 | 5304.93    0.0   2887     0 |    1.76   2.79   0.06  -0.87
0  1.89e+06 5304.93 | 5303.62    0.0   2888     0 |    1.76   2.47  -0.08  -0.88
0  1.96e+06 5334.79 |
成功率：94.2%, 提交量大于阈值的概率：0.24288%, 超供率：89.3%, 超供程度：70.3%, 超供平均值：4.8, 方差：123.4
0  1.96e+06 5334.79 | 5334.79    0.0   2888     0 |    1.77   2.41   0.07  -0.90
0  1.99e+06 5334.79 | 5317.32    0.0   2888     0 |    1.77   2.60   0.11  -0.91
0  2.06e+06 5334.79 | 5325.88    0.0   2888     0 |    1.78   2.03   0.14  -0.92
0  2.12e+06 5334.79 | 5314.26    0.0   2888     0 |    1.78   2.57   0.01  -0.94
0  2.18e+06 5334.79 | 5305.37    0.0   2888     0 |    1.78   2.29   0.02  -0.96
0  2.25e+06 5344.96 |
成功率：93.7%, 提交量大于阈值的概率：0.14278%, 超供率：87.4%, 超供程度：67.6%, 超供平均值：4.6, 方差：119.4
0  2.25e+06 5344.96 | 5344.96    0.0   2888     0 |    1.79   2.23   0.09  -0.99
0  2.28e+06 5344.96 | 5321.76    0.0   2888     0 |    1.79   2.61   0.01  -0.99
0  2.34e+06 5381.33 |
成功率：94.1%, 提交量大于阈值的概率：0.23252%, 超供率：87.5%, 超供程度：66.3%, 超供平均值：4.5, 方差：120.9
0  2.34e+06 5381.33 | 5381.33    0.0   2888     0 |    1.80   2.12   0.05  -1.00
0  2.38e+06 5392.59 |
成功率：94.2%, 提交量大于阈值的概率：0.21897%, 超供率：87.1%, 超供程度：65.8%, 超供平均值：4.5, 方差：121.0
0  2.38e+06 5392.59 | 5392.59    0.0   2888     0 |    1.81   2.21   0.08  -1.01
0  2.41e+06 5400.68 |
成功率：94.6%, 提交量大于阈值的概率：0.31829%, 超供率：87.7%, 超供程度：66.5%, 超供平均值：4.5, 方差：124.2
0  2.41e+06 5400.68 | 5400.68    0.0   2888     0 |    1.81   2.02   0.08  -1.03
0  2.45e+06 5400.68 | 5376.19    0.0   2888     0 |    1.81   2.58  -0.02  -1.04
0  2.51e+06 5419.76 |
成功率：94.2%, 提交量大于阈值的概率：0.22167%, 超供率：85.9%, 超供程度：64.4%, 超供平均值：4.4, 方差：120.9
0  2.51e+06 5419.76 | 5419.76    0.0   2888     0 |    1.82   2.88  -0.11  -1.04
0  2.55e+06 5448.51 |
成功率：94.6%, 提交量大于阈值的概率：0.27141%, 超供率：86.5%, 超供程度：64.9%, 超供平均值：4.4, 方差：123.8
0  2.55e+06 5448.51 | 5448.51    0.0   2888     0 |    1.83   2.15  -0.02  -1.06
0  2.58e+06 5455.50 |
成功率：94.7%, 提交量大于阈值的概率：0.27698%, 超供率：86.6%, 超供程度：65.3%, 超供平均值：4.4, 方差：124.7
0  2.58e+06 5455.50 | 5455.50    0.0   2888     0 |    1.83   2.66   0.06  -1.07
0  2.62e+06 5463.38 |
成功率：94.7%, 提交量大于阈值的概率：0.29775%, 超供率：86.4%, 超供程度：64.7%, 超供平均值：4.4, 方差：124.5
0  2.62e+06 5463.38 | 5463.38    0.0   2888     0 |    1.83   1.98   0.14  -1.07
0  2.65e+06 5463.38 | 5460.97    0.0   2888     0 |    1.83   2.37  -0.03  -1.07
0  2.71e+06 5463.38 | 5447.83    0.0   2888     0 |    1.84   2.40   0.05  -1.09
0  2.78e+06 5463.38 | 5452.48    0.0   2888     0 |    1.84   2.30   0.12  -1.11
0  2.84e+06 5463.38 | 5445.90    0.0   2888     0 |    1.83   2.02   0.01  -1.12
0  2.90e+06 5463.38 | 5450.94    0.0   2888     0 |    1.84   2.19   0.12  -1.13
0  2.97e+06 5463.38 | 5442.70    0.0   2888     0 |    1.84   2.23   0.05  -1.15
0  3.03e+06 5463.38 | 5438.19    0.0   2888     0 |    1.84   2.26  -0.05  -1.15
0  3.10e+06 5468.62 |
成功率：94.5%, 提交量大于阈值的概率：0.31091%, 超供率：84.9%, 超供程度：61.4%, 超供平均值：4.2, 方差：121.2
0  3.10e+06 5468.62 | 5468.62    0.0   2888     0 |    1.85   2.39   0.14  -1.16
0  3.13e+06 5472.48 |
成功率：94.7%, 提交量大于阈值的概率：0.33982%, 超供率：85.6%, 超供程度：62.2%, 超供平均值：4.2, 方差：122.7
0  3.13e+06 5472.48 | 5472.48    0.0   2888     0 |    1.85   2.32   0.10  -1.16
0  3.16e+06 5480.55 |
成功率：95.0%, 提交量大于阈值的概率：0.41292%, 超供率：85.9%, 超供程度：62.3%, 超供平均值：4.2, 方差：124.8
0  3.16e+06 5480.55 | 5480.55    0.0   2888     0 |    1.85   2.20   0.02  -1.16
0  3.20e+06 5480.55 | 5477.94    0.0   2888     0 |    1.85   2.38  -0.01  -1.17
0  3.26e+06 5480.55 | 5475.86    0.0   2888     0 |    1.85   2.22   0.08  -1.16
0  3.33e+06 5489.14 |
成功率：94.4%, 提交量大于阈值的概率：0.22425%, 超供率：84.6%, 超供程度：61.0%, 超供平均值：4.2, 方差：119.4
0  3.33e+06 5489.14 | 5489.14    0.0   2888     0 |    1.85   2.11   0.04  -1.16
0  3.36e+06 5489.14 | 5468.84    0.0   2888     0 |    1.85   2.30   0.02  -1.17
0  3.42e+06 5489.14 | 5455.67    0.0   2888     0 |    1.85   2.85   0.05  -1.16
0  3.48e+06 5490.78 |
成功率：94.4%, 提交量大于阈值的概率：0.25563%, 超供率：84.2%, 超供程度：60.5%, 超供平均值：4.1, 方差：120.5
0  3.48e+06 5490.78 | 5490.78    0.0   2888     0 |    1.86   2.22   0.02  -1.16
0  3.52e+06 5490.78 | 5484.76    0.0   2888     0 |    1.86   2.44   0.11  -1.16
0  3.58e+06 5522.77 |
成功率：95.0%, 提交量大于阈值的概率：0.31897%, 超供率：85.1%, 超供程度：61.7%, 超供平均值：4.2, 方差：124.6
0  3.58e+06 5522.77 | 5522.77    0.0   2888     0 |    1.86   2.67  -0.03  -1.17
0  3.62e+06 5522.77 | 5513.96    0.0   2888     0 |    1.86   2.06   0.12  -1.17
0  3.68e+06 5522.77 | 5502.96    0.0   2888     0 |    1.86   2.58   0.07  -1.17
0  3.74e+06 5536.15 |
成功率：95.0%, 提交量大于阈值的概率：0.31232%, 超供率：84.3%, 超供程度：60.7%, 超供平均值：4.1, 方差：124.0
0  3.74e+06 5536.15 | 5536.15    0.0   2888     0 |    1.87   2.27  -0.06  -1.18
0  3.78e+06 5536.15 | 5535.80    0.0   2888     0 |    1.87   2.04   0.09  -1.17
0  3.84e+06 5536.15 | 5535.63    0.0   2888     0 |    1.88   2.25   0.00  -1.17
0  3.90e+06 5536.15 | 5520.23    0.0   2888     0 |    1.88   2.34   0.09  -1.17
0  3.97e+06 5547.42 |
成功率：94.7%, 提交量大于阈值的概率：0.28656%, 超供率：81.8%, 超供程度：57.4%, 超供平均值：3.9, 方差：120.4
0  3.97e+06 5547.42 | 5547.42    0.0   2888     0 |    1.88   2.11   0.07  -1.17
0  4.00e+06 5547.42 | 5545.45    0.0   2888     0 |    1.89   1.95   0.04  -1.17
0  4.07e+06 5547.42 | 5547.38    0.0   2888     0 |    1.88   2.06   0.07  -1.17
0  4.13e+06 5560.90 |
成功率：95.7%, 提交量大于阈值的概率：0.49323%, 超供率：84.9%, 超供程度：60.4%, 超供平均值：4.1, 方差：127.9
0  4.13e+06 5560.90 | 5560.90    0.0   2888     0 |    1.88   2.41   0.08  -1.17
0  4.16e+06 5577.19 |
成功率：95.5%, 提交量大于阈值的概率：0.42053%, 超供率：83.9%, 超供程度：59.6%, 超供平均值：4.1, 方差：126.2
0  4.16e+06 5577.19 | 5577.19    0.0   2888     0 |    1.89   2.58  -0.07  -1.17
0  4.20e+06 5577.19 | 5575.63    0.0   2888     0 |    1.89   2.51   0.00  -1.16
