################################################################################
ID     Step    maxR |    avgR   stdR   avgS  stdS |    expR   objC   etc.
0  5.77e+03 4239.64 |
成功率：98.7%, 提交量大于阈值的概率：0.83979%, 超供率：96.1%, 超供程度：83.3%, 超供平均值：5.6, 方差：196.4
0  5.77e+03 4239.64 | 4239.64    0.0   2887     0 |    1.28   1.87  -0.01  -0.50
0  4.04e+04 4432.98 |
成功率：98.9%, 提交量大于阈值的概率：0.84652%, 超供率：96.5%, 超供程度：83.0%, 超供平均值：5.6, 方差：184.7
0  4.04e+04 4432.98 | 4432.98    0.0   2885     0 |    1.37   0.97   0.10  -0.51
0  7.50e+04 4599.91 |
成功率：98.7%, 提交量大于阈值的概率：0.80891%, 超供率：96.5%, 超供程度：81.2%, 超供平均值：5.5, 方差：175.3
0  7.50e+04 4599.91 | 4599.91    0.0   2885     0 |    1.44   0.80   0.04  -0.53
0  1.10e+05 4744.44 |
成功率：98.5%, 提交量大于阈值的概率：0.77312%, 超供率：96.1%, 超供程度：79.1%, 超供平均值：5.3, 方差：167.5
0  1.10e+05 4744.44 | 4744.44    0.0   2885     0 |    1.50   0.77   0.03  -0.55
0  1.44e+05 4900.26 |
成功率：98.1%, 提交量大于阈值的概率：0.72202%, 超供率：95.3%, 超供程度：76.9%, 超供平均值：5.2, 方差：159.7
0  1.44e+05 4900.26 | 4900.26    0.0   2885     0 |    1.56   0.70   0.03  -0.57
0  1.79e+05 5054.54 |
成功率：97.0%, 提交量大于阈值的概率：0.68687%, 超供率：93.4%, 超供程度：73.7%, 超供平均值：5.0, 方差：145.8
0  1.79e+05 5054.54 | 5054.54    0.0   2886     0 |    1.60   0.73   0.07  -0.59
0  2.14e+05 5248.78 |
成功率：95.0%, 提交量大于阈值的概率：0.42840%, 超供率：89.6%, 超供程度：69.9%, 超供平均值：4.8, 方差：125.3
0  2.14e+05 5248.78 | 5248.78    0.0   2886     0 |    1.67   0.63   0.05  -0.61
0  2.48e+05 5278.45 |
成功率：93.3%, 提交量大于阈值的概率：0.12305%, 超供率：86.1%, 超供程度：67.5%, 超供平均值：4.6, 方差：112.8
0  2.48e+05 5278.45 | 5278.45    0.0   2887     0 |    1.70   0.48   0.02  -0.65
0  2.83e+05 5311.98 |
成功率：93.2%, 提交量大于阈值的概率：0.09122%, 超供率：84.8%, 超供程度：65.8%, 超供平均值：4.5, 方差：110.2
0  2.83e+05 5311.98 | 5311.98    0.0   2887     0 |    1.72   0.56   0.08  -0.68
0  3.18e+05 5334.83 |
成功率：93.1%, 提交量大于阈值的概率：0.06119%, 超供率：83.0%, 超供程度：64.3%, 超供平均值：4.4, 方差：109.5
0  3.18e+05 5334.83 | 5334.83    0.0   2887     0 |    1.74   0.38  -0.07  -0.69
0  3.52e+05 5432.66 |
成功率：94.1%, 提交量大于阈值的概率：0.15661%, 超供率：82.5%, 超供程度：63.5%, 超供平均值：4.3, 方差：115.9
0  3.52e+05 5432.66 | 5432.66    0.0   2887     0 |    1.78   0.49   0.07  -0.73
0  3.87e+05 5432.66 | 5426.59    0.0   2887     0 |    1.79   0.46  -0.07  -0.75
0  4.50e+05 5569.89 |
成功率：94.4%, 提交量大于阈值的概率：0.18006%, 超供率：74.5%, 超供程度：56.4%, 超供平均值：3.8, 方差：116.2
0  4.50e+05 5569.89 | 5569.89    0.0   2887     0 |    1.84   0.41  -0.10  -0.78
0  4.85e+05 5618.77 |
成功率：94.9%, 提交量大于阈值的概率：0.23442%, 超供率：73.6%, 超供程度：56.1%, 超供平均值：3.8, 方差：119.5
0  4.85e+05 5618.77 | 5618.77    0.0   2887     0 |    1.86   0.46   0.10  -0.80
0  5.20e+05 5634.83 |
成功率：94.8%, 提交量大于阈值的概率：0.24704%, 超供率：71.9%, 超供程度：54.8%, 超供平均值：3.7, 方差：118.9
0  5.20e+05 5634.83 | 5634.83    0.0   2888     0 |    1.88   0.42   0.00  -0.81
0  5.54e+05 5648.20 |
成功率：94.7%, 提交量大于阈值的概率：0.26923%, 超供率：69.2%, 超供程度：52.8%, 超供平均值：3.6, 方差：118.1
0  5.54e+05 5648.20 | 5648.20    0.0   2888     0 |    1.90   0.34   0.00  -0.83
0  5.89e+05 5673.05 |
成功率：94.7%, 提交量大于阈值的概率：0.26071%, 超供率：68.4%, 超供程度：52.4%, 超供平均值：3.5, 方差：117.6
0  5.89e+05 5673.05 | 5673.05    0.0   2888     0 |    1.91   0.36  -0.04  -0.86
0  6.24e+05 5708.50 |
成功率：95.0%, 提交量大于阈值的概率：0.26745%, 超供率：69.0%, 超供程度：52.7%, 超供平均值：3.6, 方差：118.9
0  6.24e+05 5708.50 | 5708.50    0.0   2888     0 |    1.92   0.38   0.10  -0.88
0  6.58e+05 5719.91 |
成功率：95.4%, 提交量大于阈值的概率：0.34504%, 超供率：68.9%, 超供程度：52.2%, 超供平均值：3.5, 方差：121.0
0  6.58e+05 5719.91 | 5719.91    0.0   2888     0 |    1.93   0.41   0.09  -0.89
0  6.93e+05 5743.09 |
成功率：95.6%, 提交量大于阈值的概率：0.36329%, 超供率：68.9%, 超供程度：52.2%, 超供平均值：3.5, 方差：122.1
0  6.93e+05 5743.09 | 5743.09    0.0   2888     0 |    1.93   0.43   0.00  -0.90
0  7.28e+05 5756.15 |
成功率：95.5%, 提交量大于阈值的概率：0.32190%, 超供率：70.1%, 超供程度：53.7%, 超供平均值：3.6, 方差：121.9
0  7.28e+05 5756.15 | 5756.15    0.0   2888     0 |    1.94   0.37   0.00  -0.92
0  7.62e+05 5756.15 | 5737.97    0.0   2888     0 |    1.94   0.48   0.14  -0.93
0  8.26e+05 5771.81 |
成功率：95.2%, 提交量大于阈值的概率：0.30308%, 超供率：64.6%, 超供程度：49.7%, 超供平均值：3.4, 方差：119.6
0  8.26e+05 5771.81 | 5771.81    0.0   2888     0 |    1.96   0.35   0.00  -0.95
0  8.60e+05 5771.81 | 4718.35    0.0   2885     0 |    1.61   0.90  -0.02  -0.95
0  9.24e+05 5771.81 | 4797.22    0.0   2885     0 |    1.63   0.75   0.14  -0.96
0  9.87e+05 5771.81 | 4860.09    0.0   2885     0 |    1.65   0.75  -0.03  -0.97
0  1.05e+06 5771.81 | 4924.45    0.0   2886     0 |    1.68   0.83   0.05  -0.98
0  1.11e+06 5771.81 | 4963.13    0.0   2886     0 |    1.69   0.77  -0.04  -0.99
0  1.18e+06 5771.81 | 5037.38    0.0   2886     0 |    1.72   0.77  -0.01  -1.01
0  1.24e+06 5771.81 | 5112.31    0.0   2886     0 |    1.74   0.77   0.02  -1.03
0  1.30e+06 5771.81 | 5176.00    0.0   2887     0 |    1.76   0.80   0.03  -1.03
0  1.37e+06 5771.81 | 5315.44    0.0   2887     0 |    1.80   0.71   0.03  -1.05
0  1.43e+06 5771.81 | 5448.99    0.0   2887     0 |    1.85   0.53   0.07  -1.07
0  1.49e+06 5771.81 | 5521.23    0.0   2887     0 |    1.88   0.50   0.03  -1.09
0  1.55e+06 5771.81 | 5580.26    0.0   2887     0 |    1.90   0.57  -0.00  -1.10
0  1.62e+06 5771.81 | 5586.73    0.0   2887     0 |    1.90   0.56  -0.00  -1.13
0  1.67e+06 5771.81 | 5603.18    0.0   2887     0 |    1.91   0.55   0.07  -1.14
0  1.74e+06 5771.81 | 5624.20    0.0   2887     0 |    1.92   0.42   0.03  -1.16
0  1.80e+06 5771.81 | 5627.69    0.0   2887     0 |    1.92   0.40  -0.01  -1.16
0  1.86e+06 5771.81 | 5629.34    0.0   2887     0 |    1.92   0.49   0.03  -1.17
0  1.92e+06 5771.81 | 5631.34    0.0   2888     0 |    1.93   0.43   0.04  -1.18
0  1.98e+06 5771.81 | 5655.94    0.0   2888     0 |    1.93   0.42   0.07  -1.18
0  2.04e+06 5771.81 | 5668.53    0.0   2887     0 |    1.94   0.45   0.10  -1.18
0  2.11e+06 5771.81 | 5678.41    0.0   2888     0 |    1.94   0.43  -0.03  -1.18
0  2.17e+06 5771.81 | 5679.96    0.0   2888     0 |    1.94   0.45  -0.03  -1.18
0  2.23e+06 5771.81 | 5674.32    0.0   2888     0 |    1.94   0.43  -0.11  -1.18
0  2.30e+06 5771.81 | 5702.39    0.0   2888     0 |    1.95   0.43   0.05  -1.17
0  2.36e+06 5771.81 | 5703.11    0.0   2888     0 |    1.95   0.35   0.03  -1.18
0  2.43e+06 5771.81 | 5703.86    0.0   2887     0 |    1.95   0.39  -0.01  -1.17
0  2.49e+06 5771.81 | 5720.80    0.0   2888     0 |    1.96   0.39   0.03  -1.17
0  2.55e+06 5771.81 | 5725.67    0.0   2888     0 |    1.97   0.39  -0.00  -1.18
0  2.62e+06 5771.81 | 5738.27    0.0   2888     0 |    1.97   0.37  -0.01  -1.16
0  2.68e+06 5771.81 | 5736.52    0.0   2888     0 |    1.97   0.41   0.06  -1.15
0  2.74e+06 5771.81 | 5736.52    0.0   2888     0 |    1.96   0.40  -0.03  -1.15
0  2.81e+06 5771.81 | 5752.72    0.0   2888     0 |    1.98   0.41  -0.04  -1.15
0  2.87e+06 5771.81 | 5762.29    0.0   2888     0 |    1.98   0.32   0.12  -1.15
0  2.93e+06 5771.81 | 5754.61    0.0   2888     0 |    1.97   0.33  -0.04  -1.15
0  3.00e+06 5771.81 | 5752.81    0.0   2888     0 |    1.97   0.38  -0.01  -1.14
0  3.06e+06 5771.81 | 5754.98    0.0   2888     0 |    1.97   0.39   0.09  -1.16
0  3.12e+06 5771.81 | 5732.64    0.0   2888     0 |    1.97   0.40   0.04  -1.16
0  3.19e+06 5771.81 | 5754.87    0.0   2888     0 |    1.97   0.43   0.09  -1.16
0  3.25e+06 5771.81 | 5765.76    0.0   2888     0 |    1.98   0.43  -0.00  -1.16
0  3.31e+06 5771.81 | 5624.31    0.0   2887     0 |    1.92   0.44   0.06  -1.16
0  3.38e+06 5771.81 | 5694.32    0.0   2887     0 |    1.95   0.40   0.06  -1.16
0  3.44e+06 5771.81 | 5716.64    0.0   2887     0 |    1.96   0.42   0.03  -1.17
0  3.51e+06 5771.81 | 5712.22    0.0   2887     0 |    1.96   0.40   0.06  -1.17
0  3.57e+06 5771.81 | 5725.99    0.0   2887     0 |    1.96   0.34   0.10  -1.17
0  3.63e+06 5771.81 | 5723.37    0.0   2887     0 |    1.97   0.42   0.08  -1.17
0  3.70e+06 5771.81 | 5448.23    0.0   2888     0 |    1.87   0.40   0.03  -1.17
0  3.76e+06 5771.81 | 5576.36    0.0   2888     0 |    1.92   0.40   0.01  -1.16
0  3.82e+06 5771.81 | 5603.58    0.0   2888     0 |    1.93   0.43   0.11  -1.17
0  3.88e+06 5771.81 | 5654.30    0.0   2888     0 |    1.95   0.36   0.01  -1.17
0  3.94e+06 5771.81 | 5726.68    0.0   2888     0 |    1.97   0.34   0.06  -1.17
0  4.01e+06 5777.75 |
成功率：95.3%, 提交量大于阈值的概率：0.21827%, 超供率：64.9%, 超供程度：53.2%, 超供平均值：3.6, 方差：121.4
0  4.01e+06 5777.75 | 5777.75    0.0   2888     0 |    1.99   0.37   0.09  -1.17
0  4.04e+06 5789.33 |
成功率：95.7%, 提交量大于阈值的概率：0.33353%, 超供率：64.8%, 超供程度：52.7%, 超供平均值：3.6, 方差：124.2
0  4.04e+06 5789.33 | 5789.33    0.0   2888     0 |    1.99   0.41   0.08  -1.16
0  4.07e+06 5805.72 |
成功率：95.5%, 提交量大于阈值的概率：0.27169%, 超供率：63.8%, 超供程度：52.1%, 超供平均值：3.5, 方差：122.6
0  4.07e+06 5805.72 | 5805.72    0.0   2888     0 |    2.00   0.47   0.02  -1.16
0  4.11e+06 5805.72 | 5803.75    0.0   2888     0 |    1.99   0.32   0.08  -1.16
0  4.17e+06 5805.72 | 5594.35    0.0   2888     0 |    2.00   0.35   0.09  -1.15
0  4.23e+06 5805.72 | 5697.01    0.0   2887     0 |    1.96   0.45   0.01  -1.16
0  4.30e+06 5805.72 | 5736.91    0.0   2888     0 |    1.98   0.41   0.03  -1.15
0  4.36e+06 5805.72 | 5784.05    0.0   2888     0 |    1.99   0.27  -0.03  -1.16
0  4.42e+06 5805.72 | 5759.73    0.0   2888     0 |    1.99   0.41  -0.00  -1.16
0  4.48e+06 5805.72 | 5791.76    0.0   2888     0 |    1.99   0.33   0.05  -1.16
0  4.54e+06 5805.72 | 4896.90    0.0   2888     0 |    1.69   0.45   0.15  -1.16
0  4.60e+06 5805.72 | 5407.83    0.0   2888     0 |    1.79   0.47  -0.07  -1.15
0  4.65e+06 5805.72 | 5485.45    0.0   2888     0 |    1.89   0.28   0.01  -1.15
0  4.71e+06 5805.72 | 5540.62    0.0   2888     0 |    1.91   0.31   0.01  -1.15
0  4.77e+06 5805.72 | 5310.99    0.0   2888     0 |    1.89   0.28  -0.07  -1.15
0  4.83e+06 5805.72 | 5312.61    0.0   2888     0 |    1.83   0.36   0.06  -1.15
0  4.89e+06 5805.72 | 5397.20    0.0   2888     0 |    1.87   0.33   0.02  -1.15
0  4.94e+06 5805.72 | 5513.68    0.0   2888     0 |    1.90   0.36  -0.02  -1.15
0  5.00e+06 5805.72 | 5208.48    0.0   2888     0 |    1.81   0.50   0.03  -1.16
0  5.06e+06 5805.72 | 3718.84    0.0   2888     0 |    1.30   1.14  -0.02  -1.16
