################################################################################
ID     Step    maxR |    avgR   stdR   avgS  stdS |    expR   objC   etc.
0  5.77e+03 2897.44 |
成功率：99.7%, 提交量大于阈值的概率：0.87016%, 超供率：97.4%, 超供程度：82.5%, 超供平均值：5.5, 方差：203.7
0  5.77e+03 2897.44 | 2897.44    0.0   2886     0 |    0.81  15.31   0.03  -0.50
0  3.46e+04 2897.44 | 2853.01    0.0   2887     0 |    0.83   7.96  -0.03  -0.49
0  8.66e+04 3095.56 |
成功率：98.6%, 提交量大于阈值的概率：0.84552%, 超供率：96.6%, 超供程度：80.6%, 超供平均值：5.4, 方差：184.4
0  8.66e+04 3095.56 | 3095.56    0.0   2886     0 |    0.89   6.96   0.19  -0.52
0  1.10e+05 3146.80 |
成功率：98.6%, 提交量大于阈值的概率：0.82947%, 超供率：96.7%, 超供程度：80.6%, 超供平均值：5.4, 方差：179.2
0  1.10e+05 3146.80 | 3146.80    0.0   2886     0 |    0.92   8.19  -0.09  -0.52
0  1.33e+05 3191.71 |
成功率：98.6%, 提交量大于阈值的概率：0.85242%, 超供率：97.1%, 超供程度：81.1%, 超供平均值：5.5, 方差：175.2
0  1.33e+05 3191.71 | 3191.71    0.0   2886     0 |    0.95   7.00  -0.03  -0.54
0  1.56e+05 3216.43 |
成功率：98.6%, 提交量大于阈值的概率：0.84523%, 超供率：97.5%, 超供程度：80.8%, 超供平均值：5.4, 方差：173.2
0  1.56e+05 3216.43 | 3216.43    0.0   2886     0 |    0.97   7.35   0.00  -0.55
0  1.85e+05 3280.21 |
成功率：98.6%, 提交量大于阈值的概率：0.84478%, 超供率：97.1%, 超供程度：79.7%, 超供平均值：5.4, 方差：171.1
0  1.85e+05 3280.21 | 3280.21    0.0   2886     0 |    0.96   7.73   0.05  -0.57
0  2.08e+05 3280.21 | 3274.52    0.0   2886     0 |    0.99   7.12   0.07  -0.58
0  2.65e+05 3308.12 |
成功率：98.7%, 提交量大于阈值的概率：0.85649%, 超供率：97.2%, 超供程度：79.4%, 超供平均值：5.3, 方差：170.1
0  2.65e+05 3308.12 | 3308.12    0.0   2885     0 |    1.00   8.06  -0.11  -0.60
0  2.94e+05 3333.80 |
成功率：98.7%, 提交量大于阈值的概率：0.85022%, 超供率：97.0%, 超供程度：78.8%, 超供平均值：5.3, 方差：169.2
0  2.94e+05 3333.80 | 3333.80    0.0   2886     0 |    1.01   7.49  -0.01  -0.61
0  3.29e+05 3364.22 |
成功率：99.0%, 提交量大于阈值的概率：0.87041%, 超供率：97.0%, 超供程度：78.5%, 超供平均值：5.3, 方差：168.9
0  3.29e+05 3364.22 | 3364.22    0.0   2886     0 |    1.03   8.16   0.01  -0.61
0  3.58e+05 3405.79 |
成功率：99.0%, 提交量大于阈值的概率：0.85695%, 超供率：97.0%, 超供程度：78.1%, 超供平均值：5.3, 方差：167.1
0  3.58e+05 3405.79 | 3405.79    0.0   2886     0 |    1.04   7.33   0.04  -0.61
0  3.87e+05 3435.49 |
成功率：98.9%, 提交量大于阈值的概率：0.86172%, 超供率：96.8%, 超供程度：77.4%, 超供平均值：5.2, 方差：165.5
0  3.87e+05 3435.49 | 3435.49    0.0   2886     0 |    1.05   8.15  -0.01  -0.63
0  4.21e+05 3480.30 |
成功率：98.9%, 提交量大于阈值的概率：0.84097%, 超供率：96.8%, 超供程度：77.1%, 超供平均值：5.2, 方差：163.6
0  4.21e+05 3480.30 | 3480.30    0.0   2886     0 |    1.07   6.08   0.04  -0.65
0  4.50e+05 3495.46 |
成功率：98.8%, 提交量大于阈值的概率：0.84553%, 超供率：96.7%, 超供程度：77.1%, 超供平均值：5.2, 方差：162.1
0  4.50e+05 3495.46 | 3495.46    0.0   2886     0 |    1.08   7.71   0.02  -0.67
0  4.79e+05 3495.46 | 3447.17    0.0   2885     0 |    1.08   7.43   0.00  -0.68
0  5.37e+05 3495.46 | 3480.90    0.0   2886     0 |    1.09   7.87   0.03  -0.70
0  5.89e+05 3495.46 | 3493.96    0.0   2885     0 |    1.10   7.81  -0.01  -0.72
0  6.41e+05 3517.63 |
成功率：98.8%, 提交量大于阈值的概率：0.86058%, 超供率：96.7%, 超供程度：77.0%, 超供平均值：5.2, 方差：160.7
0  6.41e+05 3517.63 | 3517.63    0.0   2886     0 |    1.11   6.96   0.05  -0.73
0  6.64e+05 3517.63 | 3512.28    0.0   2886     0 |    1.11   6.84   0.09  -0.74
0  7.16e+05 3517.63 | 3504.80    0.0   2886     0 |    1.11   7.20   0.11  -0.74
0  7.68e+05 3517.63 | 3489.59    0.0   2886     0 |    1.12   6.84   0.10  -0.76
0  8.20e+05 3517.63 | 3399.97    0.0   2886     0 |    1.09   6.19   0.19  -0.77
0  8.72e+05 3560.67 |
成功率：98.5%, 提交量大于阈值的概率：0.83144%, 超供率：96.2%, 超供程度：76.6%, 超供平均值：5.2, 方差：155.1
0  8.72e+05 3560.67 | 3560.67    0.0   2886     0 |    1.13   6.60   0.11  -0.78
0  8.95e+05 3605.85 |
成功率：98.3%, 提交量大于阈值的概率：0.82907%, 超供率：96.0%, 超供程度：76.0%, 超供平均值：5.1, 方差：152.7
0  8.95e+05 3605.85 | 3605.85    0.0   2886     0 |    1.15   6.61   0.02  -0.79
0  9.24e+05 3639.10 |
成功率：98.3%, 提交量大于阈值的概率：0.82389%, 超供率：96.0%, 超供程度：75.7%, 超供平均值：5.1, 方差：151.9
0  9.24e+05 3639.10 | 3639.10    0.0   2887     0 |    1.17   6.85   0.05  -0.79
0  9.47e+05 3686.20 |
成功率：98.0%, 提交量大于阈值的概率：0.82224%, 超供率：95.4%, 超供程度：74.4%, 超供平均值：5.0, 方差：149.4
0  9.47e+05 3686.20 | 3686.20    0.0   2887     0 |    1.17   7.94  -0.04  -0.80
0  9.70e+05 3686.20 | 3671.84    0.0   2886     0 |    1.18   6.82   0.01  -0.82
0  1.02e+06 3686.20 | 3615.40    0.0   2886     0 |    1.17   7.19   0.14  -0.83
0  1.07e+06 3686.20 | 3613.84    0.0   2886     0 |    1.17   6.74   0.04  -0.84
0  1.13e+06 3686.20 | 3613.75    0.0   2886     0 |    1.16   7.38  -0.05  -0.85
0  1.18e+06 3720.42 |
成功率：97.9%, 提交量大于阈值的概率：0.80639%, 超供率：95.2%, 超供程度：75.1%, 超供平均值：5.1, 方差：146.7
0  1.18e+06 3720.42 | 3720.42    0.0   2887     0 |    1.20   6.65   0.06  -0.86
0  1.20e+06 3764.44 |
成功率：97.7%, 提交量大于阈值的概率：0.80012%, 超供率：94.6%, 超供程度：74.4%, 超供平均值：5.1, 方差：143.0
0  1.20e+06 3764.44 | 3764.44    0.0   2886     0 |    1.21   6.37   0.07  -0.87
0  1.22e+06 3764.44 | 3749.72    0.0   2887     0 |    1.20   7.19  -0.01  -0.88
0  1.28e+06 3805.23 |
成功率：97.4%, 提交量大于阈值的概率：0.75114%, 超供率：94.1%, 超供程度：74.2%, 超供平均值：5.0, 方差：139.7
0  1.28e+06 3805.23 | 3805.23    0.0   2887     0 |    1.22   5.80   0.09  -0.91
0  1.30e+06 3862.41 |
成功率：97.0%, 提交量大于阈值的概率：0.72846%, 超供率：93.4%, 超供程度：73.5%, 超供平均值：5.0, 方差：134.8
0  1.30e+06 3862.41 | 3862.41    0.0   2887     0 |    1.24   6.37   0.05  -0.92
0  1.32e+06 3915.67 |
成功率：96.4%, 提交量大于阈值的概率：0.67521%, 超供率：92.2%, 超供程度：71.7%, 超供平均值：4.9, 方差：131.1
0  1.32e+06 3915.67 | 3915.67    0.0   2887     0 |    1.25   5.73   0.06  -0.93
0  1.34e+06 3943.09 |
成功率：96.3%, 提交量大于阈值的概率：0.65933%, 超供率：91.9%, 超供程度：71.5%, 超供平均值：4.9, 方差：129.7
0  1.34e+06 3943.09 | 3943.09    0.0   2887     0 |    1.27   5.99   0.05  -0.94
0  1.37e+06 3982.14 |
成功率：95.8%, 提交量大于阈值的概率：0.60997%, 超供率：91.0%, 超供程度：70.6%, 超供平均值：4.8, 方差：125.5
0  1.37e+06 3982.14 | 3982.14    0.0   2887     0 |    1.29   5.39   0.02  -0.95
0  1.39e+06 4018.39 |
成功率：95.0%, 提交量大于阈值的概率：0.54821%, 超供率：89.7%, 超供程度：69.3%, 超供平均值：4.7, 方差：119.6
0  1.39e+06 4018.39 | 4018.39    0.0   2887     0 |    1.29   4.37   0.15  -0.96
0  1.41e+06 4053.93 |
成功率：95.3%, 提交量大于阈值的概率：0.56162%, 超供率：89.4%, 超供程度：68.5%, 超供平均值：4.7, 方差：121.8
0  1.41e+06 4053.93 | 4053.93    0.0   2887     0 |    1.31   5.72   0.03  -0.98
0  1.44e+06 4097.10 |
成功率：95.0%, 提交量大于阈值的概率：0.52091%, 超供率：88.6%, 超供程度：67.3%, 超供平均值：4.6, 方差：118.3
0  1.44e+06 4097.10 | 4097.10    0.0   2887     0 |    1.33   4.90   0.00  -0.98
0  1.46e+06 4122.05 |
成功率：94.4%, 提交量大于阈值的概率：0.46274%, 超供率：87.9%, 超供程度：66.3%, 超供平均值：4.5, 方差：113.9
0  1.46e+06 4122.05 | 4122.05    0.0   2887     0 |    1.33   5.65   0.02  -0.99
0  1.48e+06 4140.69 |
成功率：94.0%, 提交量大于阈值的概率：0.40618%, 超供率：87.2%, 超供程度：65.9%, 超供平均值：4.5, 方差：110.4
0  1.48e+06 4140.69 | 4140.69    0.0   2887     0 |    1.34   5.02   0.13  -1.00
0  1.51e+06 4140.69 | 4125.19    0.0   2887     0 |    1.34   5.21   0.04  -1.01
0  1.56e+06 4143.31 |
成功率：94.4%, 提交量大于阈值的概率：0.48020%, 超供率：88.1%, 超供程度：66.7%, 超供平均值：4.6, 方差：113.0
0  1.56e+06 4143.31 | 4143.31    0.0   2887     0 |    1.35   4.91   0.10  -1.03
0  1.58e+06 4143.31 | 4140.88    0.0   2887     0 |    1.35   5.34   0.11  -1.04
0  1.63e+06 4143.31 | 4129.11    0.0   2887     0 |    1.34   5.60   0.05  -1.04
0  1.69e+06 4144.71 |
成功率：94.1%, 提交量大于阈值的概率：0.42210%, 超供率：87.1%, 超供程度：66.4%, 超供平均值：4.5, 方差：111.7
0  1.69e+06 4144.71 | 4144.71    0.0   2887     0 |    1.36   4.94   0.13  -1.05
0  1.71e+06 4144.71 | 4130.30    0.0   2887     0 |    1.34   4.98   0.08  -1.05
0  1.76e+06 4156.02 |
成功率：93.0%, 提交量大于阈值的概率：0.32955%, 超供率：84.4%, 超供程度：64.5%, 超供平均值：4.4, 方差：104.2
0  1.76e+06 4156.02 | 4156.02    0.0   2887     0 |    1.36   5.03   0.03  -1.07
0  1.78e+06 4156.02 | 4144.86    0.0   2887     0 |    1.37   4.65   0.11  -1.07
0  1.83e+06 4163.92 |
成功率：92.8%, 提交量大于阈值的概率：0.28963%, 超供率：83.5%, 超供程度：63.4%, 超供平均值：4.3, 方差：102.4
0  1.83e+06 4163.92 | 4163.92    0.0   2887     0 |    1.37   5.09   0.04  -1.08
0  1.85e+06 4184.03 |
成功率：93.0%, 提交量大于阈值的概率：0.32110%, 超供率：83.4%, 超供程度：62.7%, 超供平均值：4.3, 方差：104.4
0  1.85e+06 4184.03 | 4184.03    0.0   2887     0 |    1.38   4.21   0.12  -1.09
0  1.88e+06 4184.03 | 4167.70    0.0   2887     0 |    1.38   6.06   0.06  -1.10
0  1.93e+06 4191.99 |
成功率：91.9%, 提交量大于阈值的概率：0.21552%, 超供率：81.1%, 超供程度：60.5%, 超供平均值：4.1, 方差：97.7
0  1.93e+06 4191.99 | 4191.99    0.0   2887     0 |    1.39   4.81   0.06  -1.09
0  1.95e+06 4191.99 | 4191.87    0.0   2887     0 |    1.39   4.96   0.07  -1.09
0  2.00e+06 4208.56 |
成功率：92.0%, 提交量大于阈值的概率：0.23196%, 超供率：81.4%, 超供程度：60.7%, 超供平均值：4.2, 方差：97.1
0  2.00e+06 4208.56 | 4208.56    0.0   2887     0 |    1.39   4.55   0.11  -1.09
0  2.02e+06 4208.56 | 4207.74    0.0   2887     0 |    1.40   4.83   0.09  -1.09
0  2.07e+06 4242.25 |
成功率：92.5%, 提交量大于阈值的概率：0.28177%, 超供率：81.8%, 超供程度：60.1%, 超供平均值：4.1, 方差：100.1
0  2.07e+06 4242.25 | 4242.25    0.0   2887     0 |    1.40   4.97  -0.06  -1.11
0  2.10e+06 4250.23 |
成功率：92.6%, 提交量大于阈值的概率：0.27357%, 超供率：82.1%, 超供程度：60.7%, 超供平均值：4.2, 方差：100.6
0  2.10e+06 4250.23 | 4250.23    0.0   2887     0 |    1.40   5.79   0.03  -1.11
0  2.12e+06 4270.61 |
成功率：93.7%, 提交量大于阈值的概率：0.41795%, 超供率：84.3%, 超供程度：61.5%, 超供平均值：4.2, 方差：108.0
0  2.12e+06 4270.61 | 4270.61    0.0   2887     0 |    1.41   4.86   0.01  -1.12
0  2.14e+06 4270.61 | 4267.60    0.0   2887     0 |    1.40   4.50   0.06  -1.11
0  2.19e+06 4299.01 |
成功率：94.0%, 提交量大于阈值的概率：0.42814%, 超供率：84.0%, 超供程度：61.5%, 超供平均值：4.2, 方差：110.1
0  2.19e+06 4299.01 | 4299.01    0.0   2887     0 |    1.41   5.29   0.05  -1.12
0  2.22e+06 4318.48 |
成功率：93.9%, 提交量大于阈值的概率：0.37583%, 超供率：83.9%, 超供程度：61.3%, 超供平均值：4.2, 方差：108.7
0  2.22e+06 4318.48 | 4318.48    0.0   2887     0 |    1.42   5.01   0.01  -1.13
0  2.24e+06 4318.76 |
成功率：93.6%, 提交量大于阈值的概率：0.35673%, 超供率：83.0%, 超供程度：60.4%, 超供平均值：4.1, 方差：107.3
0  2.24e+06 4318.76 | 4318.76    0.0   2887     0 |    1.42   5.31   0.08  -1.13
0  2.26e+06 4324.20 |
成功率：93.5%, 提交量大于阈值的概率：0.33957%, 超供率：82.8%, 超供程度：60.1%, 超供平均值：4.1, 方差：106.7
0  2.26e+06 4324.20 | 4324.20    0.0   2887     0 |    1.42   5.81   0.06  -1.13
0  2.29e+06 4324.52 |
成功率：93.6%, 提交量大于阈值的概率：0.35841%, 超供率：83.0%, 超供程度：60.4%, 超供平均值：4.1, 方差：107.8
0  2.29e+06 4324.52 | 4324.52    0.0   2887     0 |    1.42   5.78  -0.01  -1.14
0  2.31e+06 4324.52 | 4312.17    0.0   2887     0 |    1.42   4.31   0.11  -1.14
0  2.36e+06 4337.16 |
成功率：94.0%, 提交量大于阈值的概率：0.34747%, 超供率：83.7%, 超供程度：60.8%, 超供平均值：4.2, 方差：110.4
0  2.36e+06 4337.16 | 4337.16    0.0   2887     0 |    1.43   5.65  -0.01  -1.13
0  2.38e+06 4337.16 | 4332.36    0.0   2887     0 |    1.41   4.66   0.02  -1.13
0  2.43e+06 4337.16 | 4336.94    0.0   2886     0 |    1.42   4.78   0.08  -1.13
0  2.48e+06 4344.73 |
成功率：94.2%, 提交量大于阈值的概率：0.35034%, 超供率：83.6%, 超供程度：61.4%, 超供平均值：4.2, 方差：112.0
0  2.48e+06 4344.73 | 4344.73    0.0   2887     0 |    1.43   4.55   0.10  -1.13
0  2.49e+06 4350.57 |
成功率：94.1%, 提交量大于阈值的概率：0.33179%, 超供率：82.8%, 超供程度：60.7%, 超供平均值：4.1, 方差：110.7
0  2.49e+06 4350.57 | 4350.57    0.0   2887     0 |    1.43   5.06  -0.05  -1.13
0  2.52e+06 4367.20 |
成功率：94.3%, 提交量大于阈值的概率：0.39218%, 超供率：83.2%, 超供程度：60.4%, 超供平均值：4.1, 方差：112.0
0  2.52e+06 4367.20 | 4367.20    0.0   2886     0 |    1.43   4.89   0.05  -1.13
0  2.54e+06 4367.20 | 4363.85    0.0   2886     0 |    1.43   4.61   0.04  -1.13
0  2.59e+06 4367.20 | 4309.73    0.0   2886     0 |    1.43   5.56   0.00  -1.13
0  2.64e+06 4367.20 | 4334.63    0.0   2886     0 |    1.43   5.90   0.01  -1.12
0  2.69e+06 4367.20 | 4305.80    0.0   2886     0 |    1.44   4.36   0.10  -1.12
0  2.74e+06 4367.20 | 4272.85    0.0   2886     0 |    1.43   4.97   0.09  -1.12
0  2.79e+06 4367.20 | 4329.01    0.0   2886     0 |    1.44   4.97   0.06  -1.13
0  2.83e+06 4367.20 | 4324.13    0.0   2886     0 |    1.44   4.77  -0.03  -1.13
0  2.89e+06 4367.20 | 4362.84    0.0   2886     0 |    1.44   4.47   0.14  -1.12
0  2.93e+06 4394.66 |
成功率：92.7%, 提交量大于阈值的概率：0.22341%, 超供率：80.1%, 超供程度：56.7%, 超供平均值：3.9, 方差：102.5
0  2.93e+06 4394.66 | 4394.66    0.0   2886     0 |    1.44   3.95   0.01  -1.12
0  2.96e+06 4394.66 | 4392.07    0.0   2886     0 |    1.46   5.40  -0.01  -1.13
0  3.01e+06 4394.66 | 4387.87    0.0   2885     0 |    1.46   4.79   0.12  -1.13
