                                            ################################################################################
ID     Step    maxR |    avgR   stdR   avgS  stdS |    expR   objC   etc.
0  5.77e+03 2947.56 |
成功率：99.6%, 提交量大于阈值的概率：0.87420%, 超供率：97.3%, 超供程度：82.1%, 超供平均值：5.5, 方差：199.7
0  5.77e+03 2947.56 | 2947.56    0.0   2887     0 |    0.81   1.37  -0.08  -0.50
0  2.89e+04 3312.90 |
成功率：99.2%, 提交量大于阈值的概率：0.85286%, 超供率：97.2%, 超供程度：79.7%, 超供平均值：5.4, 方差：174.1
0  2.89e+04 3312.90 | 3312.90    0.0   2885     0 |    0.95   0.37  -0.05  -0.54
0  5.19e+04 3589.37 |
成功率：98.5%, 提交量大于阈值的概率：0.78395%, 超供率：96.3%, 超供程度：76.1%, 超供平均值：5.2, 方差：159.2
0  5.19e+04 3589.37 | 3589.37    0.0   2885     0 |    1.07   0.20  -0.09  -0.59
0  7.50e+04 3801.91 |
成功率：97.9%, 提交量大于阈值的概率：0.69278%, 超供率：95.2%, 超供程度：73.7%, 超供平均值：5.0, 方差：148.8
0  7.50e+04 3801.91 | 3801.91    0.0   2886     0 |    1.16   0.17   0.08  -0.65
0  9.81e+04 3987.25 |
成功率：96.8%, 提交量大于阈值的概率：0.59687%, 超供率：93.5%, 超供程度：70.4%, 超供平均值：4.8, 方差：136.1
0  9.81e+04 3987.25 | 3987.25    0.0   2886     0 |    1.23   0.14  -0.08  -0.71
0  1.21e+05 4180.44 |
成功率：94.9%, 提交量大于阈值的概率：0.44804%, 超供率：90.1%, 超供程度：66.6%, 超供平均值：4.5, 方差：117.8
0  1.21e+05 4180.44 | 4180.44    0.0   2886     0 |    1.32   0.13  -0.09  -0.78
0  1.44e+05 4286.56 |
成功率：93.5%, 提交量大于阈值的概率：0.17028%, 超供率：88.1%, 超供程度：66.2%, 超供平均值：4.5, 方差：106.8
0  1.44e+05 4286.56 | 4286.56    0.0   2886     0 |    1.36   0.11   0.03  -0.86
0  1.67e+05 4299.55 |
成功率：92.9%, 提交量大于阈值的概率：0.03796%, 超供率：86.8%, 超供程度：65.2%, 超供平均值：4.4, 方差：102.7
0  1.67e+05 4299.55 | 4299.55    0.0   2886     0 |    1.39   0.08   0.01  -0.94
0  1.90e+05 4323.16 |
成功率：92.9%, 提交量大于阈值的概率：0.01364%, 超供率：86.1%, 超供程度：64.4%, 超供平均值：4.4, 方差：102.1
0  1.90e+05 4323.16 | 4323.16    0.0   2886     0 |    1.43   0.05   0.06  -1.01
0  2.14e+05 4387.69 |
成功率：92.8%, 提交量大于阈值的概率：0.03120%, 超供率：84.6%, 超供程度：61.7%, 超供平均值：4.2, 方差：101.0
0  2.14e+05 4387.69 | 4387.69    0.0   2886     0 |    1.45   0.06  -0.06  -1.08
0  2.37e+05 4481.44 |
成功率：93.7%, 提交量大于阈值的概率：0.06853%, 超供率：85.1%, 超供程度：62.4%, 超供平均值：4.2, 方差：107.0
0  2.37e+05 4481.44 | 4481.44    0.0   2886     0 |    1.48   0.05   0.07  -1.14
0  2.60e+05 4524.50 |
成功率：94.2%, 提交量大于阈值的概率：0.09988%, 超供率：85.0%, 超供程度：62.5%, 超供平均值：4.2, 方差：110.7
0  2.60e+05 4524.50 | 4524.50    0.0   2887     0 |    1.49   0.05  -0.01  -1.19
0  2.83e+05 4563.45 |
成功率：94.2%, 提交量大于阈值的概率：0.08737%, 超供率：84.4%, 超供程度：61.6%, 超供平均值：4.2, 方差：110.1
0  2.83e+05 4563.45 | 4563.45    0.0   2886     0 |    1.52   0.03   0.00  -1.23
0  3.06e+05 4600.74 |
成功率：94.1%, 提交量大于阈值的概率：0.06827%, 超供率：82.9%, 超供程度：60.0%, 超供平均值：4.1, 方差：108.5
0  3.06e+05 4600.74 | 4600.74    0.0   2886     0 |    1.53   0.04   0.07  -1.26
0  3.29e+05 4615.01 |
成功率：93.9%, 提交量大于阈值的概率：0.06262%, 超供率：81.4%, 超供程度：58.8%, 超供平均值：4.0, 方差：107.8
0  3.29e+05 4615.01 | 4615.01    0.0   2887     0 |    1.55   0.04   0.03  -1.26
0  3.52e+05 4659.68 |
成功率：93.8%, 提交量大于阈值的概率：0.06846%, 超供率：79.6%, 超供程度：57.0%, 超供平均值：3.9, 方差：107.2
0  3.52e+05 4659.68 | 4659.68    0.0   2887     0 |    1.56   0.03  -0.02  -1.27
0  3.75e+05 4718.87 |
成功率：94.6%, 提交量大于阈值的概率：0.10997%, 超供率：80.2%, 超供程度：57.7%, 超供平均值：3.9, 方差：112.3
0  3.75e+05 4718.87 | 4718.87    0.0   2887     0 |    1.58   0.04   0.01  -1.27
0  4.04e+05 4749.87 |
成功率：94.4%, 提交量大于阈值的概率：0.11885%, 超供率：77.4%, 超供程度：55.8%, 超供平均值：3.8, 方差：110.7
0  4.04e+05 4749.87 | 4749.87    0.0   2887     0 |    1.60   0.04   0.02  -1.27
0  4.33e+05 4807.12 |
成功率：94.7%, 提交量大于阈值的概率：0.13463%, 超供率：77.2%, 超供程度：55.5%, 超供平均值：3.7, 方差：112.6
0  4.33e+05 4807.12 | 4807.12    0.0   2887     0 |    1.61   0.03   0.21  -1.27
0  4.62e+05 4846.16 |
成功率：94.4%, 提交量大于阈值的概率：0.09871%, 超供率：75.0%, 超供程度：53.2%, 超供平均值：3.6, 方差：110.0
0  4.62e+05 4846.16 | 4846.16    0.0   2887     0 |    1.63   0.03  -0.02  -1.27
0  4.91e+05 4897.46 |
成功率：94.7%, 提交量大于阈值的概率：0.17663%, 超供率：74.2%, 超供程度：52.3%, 超供平均值：3.5, 方差：112.2
0  4.91e+05 4897.46 | 4897.46    0.0   2887     0 |    1.64   0.03   0.16  -1.26
0  5.20e+05 4914.75 |
成功率：94.9%, 提交量大于阈值的概率：0.20769%, 超供率：73.7%, 超供程度：52.6%, 超供平均值：3.5, 方差：113.6
0  5.20e+05 4914.75 | 4914.75    0.0   2887     0 |    1.66   0.02  -0.11  -1.27
0  5.43e+05 4943.39 |
成功率：94.9%, 提交量大于阈值的概率：0.18493%, 超供率：72.8%, 超供程度：51.7%, 超供平均值：3.5, 方差：113.5
0  5.43e+05 4943.39 | 4943.39    0.0   2887     0 |    1.66   0.03  -0.02  -1.27
0  5.66e+05 4949.66 |
成功率：95.0%, 提交量大于阈值的概率：0.15620%, 超供率：72.9%, 超供程度：52.1%, 超供平均值：3.5, 方差：114.2
0  5.66e+05 4949.66 | 4949.66    0.0   2887     0 |    1.67   0.03  -0.00  -1.27
0  5.89e+05 4980.21 |
成功率：94.9%, 提交量大于阈值的概率：0.15628%, 超供率：71.8%, 超供程度：51.0%, 超供平均值：3.4, 方差：113.5
0  5.89e+05 4980.21 | 4980.21    0.0   2887     0 |    1.68   0.03  -0.02  -1.27
0  6.12e+05 4998.39 |
成功率：95.0%, 提交量大于阈值的概率：0.17798%, 超供率：71.5%, 超供程度：50.6%, 超供平均值：3.4, 方差：114.2
0  6.12e+05 4998.39 | 4998.39    0.0   2887     0 |    1.68   0.03   0.01  -1.26
0  6.35e+05 5006.74 |
成功率：95.2%, 提交量大于阈值的概率：0.22992%, 超供率：71.5%, 超供程度：50.5%, 超供平均值：3.4, 方差：115.2
0  6.35e+05 5006.74 | 5006.74    0.0   2887     0 |    1.69   0.02   0.02  -1.26
0  6.58e+05 5025.02 |
成功率：95.2%, 提交量大于阈值的概率：0.22047%, 超供率：70.9%, 超供程度：49.9%, 超供平均值：3.4, 方差：115.0
0  6.58e+05 5025.02 | 5025.02    0.0   2887     0 |    1.70   0.02   0.00  -1.25
0  6.81e+05 5025.02 | 5023.08    0.0   2887     0 |    1.70   0.02   0.09  -1.26
0  7.33e+05 5051.56 |
成功率：95.4%, 提交量大于阈值的概率：0.23425%, 超供率：70.3%, 超供程度：49.7%, 超供平均值：3.3, 方差：115.7
0  7.33e+05 5051.56 | 5051.56    0.0   2887     0 |    1.72   0.02   0.09  -1.25
0  7.56e+05 5068.75 |
成功率：94.9%, 提交量大于阈值的概率：0.21448%, 超供率：66.9%, 超供程度：47.3%, 超供平均值：3.2, 方差：112.2
0  7.56e+05 5068.75 | 5068.75    0.0   2887     0 |    1.73   0.02  -0.01  -1.25
0  7.79e+05 5068.75 | 5058.84    0.0   2887     0 |    1.73   0.03  -0.04  -1.25
0  8.31e+05 5068.75 | 4837.53    0.0   2887     0 |    1.63   0.04   0.08  -1.23
0  8.78e+05 5068.75 | 4974.69    0.0   2887     0 |    1.69   0.02   0.03  -1.24
0  9.30e+05 5068.75 | 5022.41    0.0   2887     0 |    1.71   0.02   0.04  -1.24
0  9.81e+05 5068.80 |
成功率：95.2%, 提交量大于阈值的概率：0.22133%, 超供率：67.2%, 超供程度：49.0%, 超供平均值：3.3, 方差：116.2
0  9.81e+05 5068.80 | 5068.80    0.0   2887     0 |    1.73   0.02   0.07  -1.24
0  1.00e+06 5098.01 |
成功率：95.2%, 提交量大于阈值的概率：0.24787%, 超供率：65.8%, 超供程度：47.7%, 超供平均值：3.2, 方差：116.1
0  1.00e+06 5098.01 | 5098.01    0.0   2887     0 |    1.72   0.02  -0.10  -1.25
0  1.03e+06 5104.91 |
成功率：95.2%, 提交量大于阈值的概率：0.19104%, 超供率：65.6%, 超供程度：47.8%, 超供平均值：3.2, 方差：115.9
0  1.03e+06 5104.91 | 5104.91    0.0   2887     0 |    1.74   0.02  -0.05  -1.24
0  1.05e+06 5116.68 |
成功率：95.3%, 提交量大于阈值的概率：0.22296%, 超供率：65.9%, 超供程度：47.9%, 超供平均值：3.2, 方差：117.0
0  1.05e+06 5116.68 | 5116.68    0.0   2887     0 |    1.75   0.02   0.08  -1.24
0  1.08e+06 5116.68 | 5085.83    0.0   2887     0 |    1.73   0.02   0.06  -1.25
0  1.14e+06 5116.68 | 5105.25    0.0   2887     0 |    1.73   0.02   0.08  -1.24
0  1.19e+06 5128.44 |
成功率：95.3%, 提交量大于阈值的概率：0.14234%, 超供率：65.7%, 超供程度：48.3%, 超供平均值：3.2, 方差：117.9
0  1.19e+06 5128.44 | 5128.44    0.0   2887     0 |    1.76   0.02  -0.03  -1.25
0  1.21e+06 5128.44 | 5100.65    0.0   2887     0 |    1.74   0.02   0.03  -1.25
0  1.26e+06 5128.44 | 4949.53    0.0   2887     0 |    1.70   0.03  -0.11  -1.23
0  1.31e+06 5128.44 | 5087.89    0.0   2887     0 |    1.74   0.03  -0.05  -1.21
0  1.36e+06 5128.44 | 5117.75    0.0   2887     0 |    1.74   0.03  -0.08  -1.20
0  1.41e+06 5193.16 |
成功率：96.1%, 提交量大于阈值的概率：0.37284%, 超供率：62.5%, 超供程度：45.7%, 超供平均值：3.1, 方差：123.3
0  1.41e+06 5193.16 | 5193.16    0.0   2887     0 |    1.78   0.02   0.06  -1.22
0  1.43e+06 5201.76 |
成功率：96.0%, 提交量大于阈值的概率：0.33369%, 超供率：63.1%, 超供程度：46.1%, 超供平均值：3.1, 方差：121.7
0  1.43e+06 5201.76 | 5201.76    0.0   2887     0 |    1.78   0.02   0.02  -1.22
0  1.45e+06 5201.76 | 4902.32    0.0   2887     0 |    1.77   0.02  -0.01  -1.21
0  1.50e+06 5201.76 | 4909.28    0.0   2887     0 |    1.67   0.03   0.19  -1.21
0  1.55e+06 5201.76 | 4978.02    0.0   2887     0 |    1.69   0.02  -0.04  -1.22
0  1.61e+06 5201.76 | 5012.79    0.0   2887     0 |    1.71   0.02  -0.02  -1.23
0  1.66e+06 5201.76 | 5014.94    0.0   2887     0 |    1.71   0.02  -0.01  -1.24
0  1.71e+06 5201.76 | 5008.51    0.0   2887     0 |    1.71   0.02   0.01  -1.24
0  1.77e+06 5201.76 | 5056.09    0.0   2887     0 |    1.73   0.02  -0.00  -1.22
0  1.82e+06 5201.76 | 5071.19    0.0   2887     0 |    1.73   0.02   0.02  -1.21
0  1.88e+06 5201.76 | 5082.00    0.0   2887     0 |    1.73   0.02  -0.04  -1.23
0  1.93e+06 5201.76 | 5079.44    0.0   2887     0 |    1.73   0.02   0.13  -1.22
0  1.99e+06 5201.76 | 5107.83    0.0   2887     0 |    1.75   0.02  -0.05  -1.21
0  2.04e+06 5201.76 | 5127.04    0.0   2887     0 |    1.75   0.02   0.00  -1.21
0  2.10e+06 5201.76 | 5150.34    0.0   2887     0 |    1.76   0.02   0.01  -1.22
0  2.16e+06 5201.76 | 5134.32    0.0   2887     0 |    1.76   0.02   0.12  -1.21
0  2.22e+06 5201.76 | 4701.52    0.0   2887     0 |    1.61   0.03  -0.02  -1.21
0  2.27e+06 5201.76 | 4922.29    0.0   2887     0 |    1.67   0.02  -0.06  -1.21
0  2.32e+06 5201.76 | 5023.06    0.0   2887     0 |    1.72   0.02  -0.08  -1.21
0  2.37e+06 5201.76 | 5012.56    0.0   2887     0 |    1.71   0.02   0.06  -1.22
0  2.41e+06 5201.76 | 5037.17    0.0   2887     0 |    1.70   0.02  -0.01  -1.21
0  2.46e+06 5201.76 | 5048.51    0.0   2887     0 |    1.72   0.02  -0.03  -1.21
0  2.51e+06 5201.76 | 5074.73    0.0   2887     0 |    1.74   0.02   0.21  -1.22
0  2.56e+06 5201.76 | 5095.12    0.0   2887     0 |    1.74   0.02  -0.02  -1.21
0  2.61e+06 5201.76 | 5074.04    0.0   2887     0 |    1.74   0.02   0.12  -1.21
0  2.66e+06 5201.76 | 5071.97    0.0   2887     0 |    1.75   0.02   0.05  -1.21
0  2.71e+06 5201.76 | 5120.38    0.0   2887     0 |    1.76   0.01   0.10  -1.20
0  2.76e+06 5201.76 | 3984.30    0.0   2885     0 |    1.72   0.02  -0.09  -1.19
0  2.81e+06 5201.76 | 4313.69    0.0   2886     0 |    1.47   0.05   0.04  -1.19
0  2.86e+06 5201.76 | 4541.00    0.0   2886     0 |    1.55   0.03   0.09  -1.19
0  2.92e+06 5201.76 | 4768.05    0.0   2887     0 |    1.64   0.03   0.07  -1.18
0  2.97e+06 5201.76 | 4806.61    0.0   2887     0 |    1.65   0.02  -0.00  -1.19
0  3.02e+06 5201.76 | 4833.95    0.0   2887     0 |    1.66   0.02   0.05  -1.19
0  3.07e+06 5201.76 | 4858.88    0.0   2887     0 |    1.67   0.02   0.00  -1.20
0  3.12e+06 5201.76 | 4879.17    0.0   2887     0 |    1.67   0.02   0.03  -1.20
0  3.18e+06 5201.76 | 4890.52    0.0   2887     0 |    1.68   0.02  -0.07  -1.20
0  3.23e+06 5201.76 | 4881.40    0.0   2887     0 |    1.67   0.02  -0.06  -1.19
0  3.28e+06 5201.76 | 4897.62    0.0   2887     0 |    1.68   0.02  -0.02  -1.19
0  3.33e+06 5201.76 | 4911.37    0.0   2887     0 |    1.69   0.02  -0.07  -1.19
