################################################################################
ID     Step    maxR |    avgR   stdR   avgS  stdS |    expR   objC   etc.
0  5.77e+03 2908.16 |
成功率：99.7%, 提交量大于阈值的概率：0.87196%, 超供率：97.4%, 超供程度：82.4%, 超供平均值：5.5, 方差：203.2
0  5.77e+03 2908.16 | 2908.16    0.0   2887     0 |    0.81   5.61  -0.00  -0.50
0  1.15e+04 2918.60 |
成功率：99.5%, 提交量大于阈值的概率：0.88045%, 超供率：97.1%, 超供程度：82.0%, 超供平均值：5.5, 方差：202.3
0  1.15e+04 2918.60 | 2918.60    0.0   2887     0 |    0.82   3.99   0.07  -0.50
0  1.73e+04 2931.00 |
成功率：99.2%, 提交量大于阈值的概率：0.86908%, 超供率：96.7%, 超供程度：81.7%, 超供平均值：5.5, 方差：200.8
0  1.73e+04 2931.00 | 2931.00    0.0   2887     0 |    0.83   3.13   0.07  -0.50
0  2.31e+04 2931.00 | 2881.88    0.0   2887     0 |    0.84   3.22  -0.02  -0.49
0  2.89e+04 2931.00 | 2885.80    0.0   2887     0 |    0.85   2.89   0.01  -0.50
0  3.46e+04 2976.16 |
成功率：98.1%, 提交量大于阈值的概率：0.84376%, 超供率：96.5%, 超供程度：81.9%, 超供平均值：5.5, 方差：189.8
0  3.46e+04 2976.16 | 2976.16    0.0   2887     0 |    0.86   2.85   0.02  -0.51
0  4.04e+04 3078.22 |
成功率：98.7%, 提交量大于阈值的概率：0.85346%, 超供率：96.7%, 超供程度：81.3%, 超供平均值：5.5, 方差：183.9
0  4.04e+04 3078.22 | 3078.22    0.0   2887     0 |    0.88   3.03  -0.04  -0.52
0  4.62e+04 3116.13 |
成功率：98.5%, 提交量大于阈值的概率：0.83535%, 超供率：96.4%, 超供程度：81.1%, 超供平均值：5.5, 方差：179.5
0  4.62e+04 3116.13 | 3116.13    0.0   2886     0 |    0.89   2.81   0.02  -0.52
0  7.50e+04 3300.71 |
成功率：98.8%, 提交量大于阈值的概率：0.85104%, 超供率：96.5%, 超供程度：79.6%, 超供平均值：5.4, 方差：170.0
0  7.50e+04 3300.71 | 3300.71    0.0   2886     0 |    0.96   2.77  -0.04  -0.55
0  1.04e+05 3429.85 |
成功率：98.5%, 提交量大于阈值的概率：0.83856%, 超供率：96.4%, 超供程度：78.2%, 超供平均值：5.3, 方差：162.0
0  1.04e+05 3429.85 | 3429.85    0.0   2886     0 |    1.02   2.47  -0.05  -0.56
0  1.33e+05 3495.61 |
成功率：98.5%, 提交量大于阈值的概率：0.84194%, 超供率：96.5%, 超供程度：77.5%, 超供平均值：5.2, 方差：159.7
0  1.33e+05 3495.61 | 3495.61    0.0   2886     0 |    1.05   2.17   0.04  -0.59
0  1.67e+05 3577.07 |
成功率：98.4%, 提交量大于阈值的概率：0.85177%, 超供率：96.4%, 超供程度：76.7%, 超供平均值：5.2, 方差：155.1
0  1.67e+05 3577.07 | 3577.07    0.0   2886     0 |    1.09   2.27  -0.01  -0.60
0  2.02e+05 3666.61 |
成功率：98.3%, 提交量大于阈值的概率：0.83161%, 超供率：96.1%, 超供程度：75.6%, 超供平均值：5.1, 方差：151.1
0  2.02e+05 3666.61 | 3666.61    0.0   2886     0 |    1.12   2.22   0.00  -0.63
0  2.37e+05 3767.70 |
成功率：98.0%, 提交量大于阈值的概率：0.80863%, 超供率：95.6%, 超供程度：74.0%, 超供平均值：5.0, 方差：145.5
0  2.37e+05 3767.70 | 3767.70    0.0   2886     0 |    1.16   1.77   0.08  -0.65
0  2.71e+05 3819.81 |
成功率：97.8%, 提交量大于阈值的概率：0.80348%, 超供率：95.3%, 超供程度：73.1%, 超供平均值：5.0, 方差：143.5
0  2.71e+05 3819.81 | 3819.81    0.0   2886     0 |    1.19   2.08  -0.01  -0.67
0  3.06e+05 3922.81 |
成功率：97.4%, 提交量大于阈值的概率：0.73739%, 超供率：94.7%, 超供程度：71.1%, 超供平均值：4.8, 方差：138.5
0  3.06e+05 3922.81 | 3922.81    0.0   2886     0 |    1.22   2.18  -0.03  -0.68
0  3.41e+05 4089.45 |
成功率：96.2%, 提交量大于阈值的概率：0.63498%, 超供率：93.0%, 超供程度：68.0%, 超供平均值：4.6, 方差：125.8
0  3.41e+05 4089.45 | 4089.45    0.0   2887     0 |    1.26   1.62   0.07  -0.72
0  3.75e+05 4241.32 |
成功率：95.0%, 提交量大于阈值的概率：0.54086%, 超供率：91.4%, 超供程度：65.0%, 超供平均值：4.5, 方差：114.6
0  3.75e+05 4241.32 | 4241.32    0.0   2887     0 |    1.31   1.38   0.17  -0.74
0  4.04e+05 4302.18 |
成功率：92.6%, 提交量大于阈值的概率：0.18370%, 超供率：88.2%, 超供程度：61.0%, 超供平均值：4.2, 方差：97.0
0  4.04e+05 4302.18 | 4302.18    0.0   2887     0 |    1.35   1.49   0.00  -0.76
0  4.27e+05 4322.52 |
成功率：92.4%, 提交量大于阈值的概率：0.15759%, 超供率：87.8%, 超供程度：59.8%, 超供平均值：4.1, 方差：96.0
0  4.27e+05 4322.52 | 4322.52    0.0   2887     0 |    1.37   1.24  -0.06  -0.78
0  4.62e+05 4352.28 |
成功率：92.3%, 提交量大于阈值的概率：0.11464%, 超供率：87.7%, 超供程度：59.5%, 超供平均值：4.1, 方差：94.3
0  4.62e+05 4352.28 | 4352.28    0.0   2887     0 |    1.38   1.36   0.13  -0.81
0  4.96e+05 4352.28 | 4321.22    0.0   2887     0 |    1.39   1.52  -0.05  -0.83
0  5.60e+05 4415.11 |
成功率：92.4%, 提交量大于阈值的概率：0.12524%, 超供率：87.0%, 超供程度：57.8%, 超供平均值：4.0, 方差：94.8
0  5.60e+05 4415.11 | 4415.11    0.0   2887     0 |    1.42   1.02   0.14  -0.88
0  5.95e+05 4458.02 |
成功率：92.7%, 提交量大于阈值的概率：0.14342%, 超供率：86.7%, 超供程度：57.2%, 超供平均值：3.9, 方差：96.1
0  5.95e+05 4458.02 | 4458.02    0.0   2887     0 |    1.43   1.22   0.08  -0.93
0  6.23e+05 4475.69 |
成功率：93.4%, 提交量大于阈值的概率：0.20825%, 超供率：87.8%, 超供程度：58.8%, 超供平均值：4.0, 方差：100.1
0  6.23e+05 4475.69 | 4475.69    0.0   2887     0 |    1.44   1.27  -0.10  -0.94
0  6.58e+05 4522.15 |
成功率：93.3%, 提交量大于阈值的概率：0.17931%, 超供率：87.5%, 超供程度：57.6%, 超供平均值：3.9, 方差：99.3
0  6.58e+05 4522.15 | 4522.15    0.0   2887     0 |    1.46   1.18   0.01  -0.97
0  6.93e+05 4522.15 | 4510.91    0.0   2887     0 |    1.46   1.16  -0.02  -1.00
0  7.56e+05 4570.97 |
成功率：94.0%, 提交量大于阈值的概率：0.23965%, 超供率：87.8%, 超供程度：57.5%, 超供平均值：3.9, 方差：103.3
0  7.56e+05 4570.97 | 4570.97    0.0   2887     0 |    1.48   1.39  -0.00  -1.06
0  7.91e+05 4577.93 |
成功率：93.2%, 提交量大于阈值的概率：0.15724%, 超供率：86.4%, 超供程度：55.2%, 超供平均值：3.8, 方差：98.4
0  7.91e+05 4577.93 | 4577.93    0.0   2887     0 |    1.50   1.29  -0.00  -1.08
0  8.26e+05 4620.21 |
成功率：93.3%, 提交量大于阈值的概率：0.17264%, 超供率：86.1%, 超供程度：54.0%, 超供平均值：3.7, 方差：98.5
0  8.26e+05 4620.21 | 4620.21    0.0   2887     0 |    1.52   1.08   0.04  -1.10
0  8.60e+05 4620.21 | 4579.04    0.0   2887     0 |    1.52   1.45  -0.07  -1.11
0  9.24e+05 4696.65 |
成功率：94.0%, 提交量大于阈值的概率：0.27030%, 超供率：86.7%, 超供程度：53.3%, 超供平均值：3.6, 方差：102.7
0  9.24e+05 4696.65 | 4696.65    0.0   2887     0 |    1.53   1.29   0.17  -1.13
0  9.58e+05 4722.05 |
成功率：93.3%, 提交量大于阈值的概率：0.20933%, 超供率：84.6%, 超供程度：50.2%, 超供平均值：3.4, 方差：98.7
0  9.58e+05 4722.05 | 4722.05    0.0   2887     0 |    1.56   1.17   0.03  -1.15
0  9.93e+05 4740.53 |
成功率：93.2%, 提交量大于阈值的概率：0.20288%, 超供率：83.9%, 超供程度：49.1%, 超供平均值：3.4, 方差：97.5
0  9.93e+05 4740.53 | 4740.53    0.0   2887     0 |    1.56   1.13   0.14  -1.15
0  1.03e+06 4787.71 |
成功率：94.1%, 提交量大于阈值的概率：0.33553%, 超供率：85.3%, 超供程度：49.3%, 超供平均值：3.4, 方差：103.3
0  1.03e+06 4787.71 | 4787.71    0.0   2887     0 |    1.58   1.18   0.05  -1.15
0  1.06e+06 4794.38 |
成功率：94.3%, 提交量大于阈值的概率：0.37229%, 超供率：85.5%, 超供程度：49.1%, 超供平均值：3.4, 方差：104.6
0  1.06e+06 4794.38 | 4794.38    0.0   2887     0 |    1.59   0.97   0.02  -1.16
0  1.10e+06 4812.43 |
成功率：94.1%, 提交量大于阈值的概率：0.31336%, 超供率：85.1%, 超供程度：49.0%, 超供平均值：3.4, 方差：103.1
0  1.10e+06 4812.43 | 4812.43    0.0   2887     0 |    1.59   1.11   0.00  -1.16
0  1.13e+06 4827.21 |
成功率：94.0%, 提交量大于阈值的概率：0.23871%, 超供率：84.6%, 超供程度：48.8%, 超供平均值：3.3, 方差：101.6
0  1.13e+06 4827.21 | 4827.21    0.0   2887     0 |    1.60   1.24   0.05  -1.16
0  1.17e+06 4882.32 |
成功率：94.1%, 提交量大于阈值的概率：0.28454%, 超供率：84.7%, 超供程度：47.6%, 超供平均值：3.3, 方差：102.3
0  1.17e+06 4882.32 | 4882.32    0.0   2887     0 |    1.61   1.33  -0.04  -1.17
0  1.20e+06 4882.32 | 4880.87    0.0   2887     0 |    1.62   1.35  -0.07  -1.17
0  1.26e+06 4909.31 |
成功率：94.0%, 提交量大于阈值的概率：0.21064%, 超供率：83.5%, 超供程度：47.6%, 超供平均值：3.3, 方差：101.8
0  1.26e+06 4909.31 | 4909.31    0.0   2887     0 |    1.62   1.25  -0.03  -1.16
0  1.30e+06 4911.90 |
成功率：93.9%, 提交量大于阈值的概率：0.18299%, 超供率：82.4%, 超供程度：47.2%, 超供平均值：3.2, 方差：101.1
0  1.30e+06 4911.90 | 4911.90    0.0   2887     0 |    1.63   1.07   0.07  -1.15
0  1.33e+06 4911.90 | 4911.61    0.0   2887     0 |    1.63   1.13   0.13  -1.15
0  1.40e+06 4911.90 | 4905.02    0.0   2887     0 |    1.62   1.19  -0.04  -1.16
0  1.46e+06 4972.03 |
成功率：94.2%, 提交量大于阈值的概率：0.26317%, 超供率：80.8%, 超供程度：45.4%, 超供平均值：3.1, 方差：102.7
0  1.46e+06 4972.03 | 4972.03    0.0   2887     0 |    1.65   1.34   0.08  -1.16
0  1.50e+06 4988.68 |
成功率：94.2%, 提交量大于阈值的概率：0.27074%, 超供率：79.9%, 超供程度：44.6%, 超供平均值：3.1, 方差：102.7
0  1.50e+06 4988.68 | 4988.68    0.0   2887     0 |    1.66   0.99   0.15  -1.17
0  1.53e+06 4992.13 |
成功率：94.4%, 提交量大于阈值的概率：0.30656%, 超供率：80.8%, 超供程度：44.8%, 超供平均值：3.1, 方差：103.9
0  1.53e+06 4992.13 | 4992.13    0.0   2887     0 |    1.67   0.99   0.08  -1.17
0  1.56e+06 5033.02 |
成功率：94.4%, 提交量大于阈值的概率：0.32274%, 超供率：79.3%, 超供程度：43.1%, 超供平均值：2.9, 方差：104.4
0  1.56e+06 5033.02 | 5033.02    0.0   2887     0 |    1.67   1.20   0.03  -1.16
0  1.60e+06 5062.66 |
成功率：94.3%, 提交量大于阈值的概率：0.34039%, 超供率：78.3%, 超供程度：41.8%, 超供平均值：2.9, 方差：103.9
0  1.60e+06 5062.66 | 5062.66    0.0   2887     0 |    1.69   1.30  -0.02  -1.15
0  1.63e+06 5066.11 |
成功率：94.4%, 提交量大于阈值的概率：0.32287%, 超供率：77.8%, 超供程度：41.9%, 超供平均值：2.9, 方差：103.8
0  1.63e+06 5066.11 | 5066.11    0.0   2887     0 |    1.69   1.05   0.05  -1.16
0  1.67e+06 5078.98 |
成功率：94.3%, 提交量大于阈值的概率：0.28198%, 超供率：76.9%, 超供程度：41.5%, 超供平均值：2.8, 方差：103.2
0  1.67e+06 5078.98 | 5078.98    0.0   2887     0 |    1.69   1.10   0.09  -1.15
0  1.70e+06 5112.14 |
成功率：94.4%, 提交量大于阈值的概率：0.29692%, 超供率：76.9%, 超供程度：41.2%, 超供平均值：2.8, 方差：103.7
0  1.70e+06 5112.14 | 5112.14    0.0   2887     0 |    1.71   1.31  -0.00  -1.15
0  1.74e+06 5112.14 | 5108.39    0.0   2887     0 |    1.70   1.22   0.13  -1.15
0  1.80e+06 5125.47 |
成功率：93.8%, 提交量大于阈值的概率：0.19569%, 超供率：73.0%, 超供程度：39.3%, 超供平均值：2.7, 方差：99.4
0  1.80e+06 5125.47 | 5125.47    0.0   2887     0 |    1.71   1.24   0.09  -1.15
0  1.84e+06 5136.20 |
成功率：94.1%, 提交量大于阈值的概率：0.22204%, 超供率：74.4%, 超供程度：40.1%, 超供平均值：2.7, 方差：101.0
0  1.84e+06 5136.20 | 5136.20    0.0   2887     0 |    1.72   1.29   0.13  -1.15
0  1.87e+06 5153.50 |
成功率：94.5%, 提交量大于阈值的概率：0.28615%, 超供率：74.1%, 超供程度：40.0%, 超供平均值：2.7, 方差：103.9
0  1.87e+06 5153.50 | 5153.50    0.0   2887     0 |    1.72   1.08  -0.01  -1.15
0  1.90e+06 5156.41 |
成功率：94.1%, 提交量大于阈值的概率：0.24607%, 超供率：71.8%, 超供程度：38.7%, 超供平均值：2.6, 方差：101.6
0  1.90e+06 5156.41 | 5156.41    0.0   2887     0 |    1.73   1.21   0.03  -1.15
0  1.92e+06 5184.17 |
成功率：94.4%, 提交量大于阈值的概率：0.30847%, 超供率：70.9%, 超供程度：37.6%, 超供平均值：2.6, 方差：104.0
0  1.92e+06 5184.17 | 5184.17    0.0   2887     0 |    1.74   1.17   0.06  -1.15
0  1.94e+06 5208.37 |
成功率：94.2%, 提交量大于阈值的概率：0.28338%, 超供率：70.1%, 超供程度：36.8%, 超供平均值：2.5, 方差：101.9
0  1.94e+06 5208.37 | 5208.37    0.0   2887     0 |    1.76   1.21   0.13  -1.15
0  1.97e+06 5230.13 |
成功率：94.6%, 提交量大于阈值的概率：0.35872%, 超供率：71.1%, 超供程度：37.1%, 超供平均值：2.5, 方差：104.3
0  1.97e+06 5230.13 | 5230.13    0.0   2887     0 |    1.75   1.25  -0.02  -1.16
0  2.00e+06 5233.57 |
成功率：94.5%, 提交量大于阈值的概率：0.35512%, 超供率：70.6%, 超供程度：37.0%, 超供平均值：2.5, 方差：104.0
0  2.00e+06 5233.57 | 5233.57    0.0   2887     0 |    1.76   1.25  -0.04  -1.15
0  2.01e+06 5237.23 |
成功率：94.8%, 提交量大于阈值的概率：0.40854%, 超供率：70.3%, 超供程度：36.7%, 超供平均值：2.5, 方差：105.8
0  2.01e+06 5237.23 | 5237.23    0.0   2887     0 |    1.76   1.15  -0.07  -1.15
0  2.04e+06 5257.28 |
成功率：94.6%, 提交量大于阈值的概率：0.36431%, 超供率：70.1%, 超供程度：36.4%, 超供平均值：2.5, 方差：104.2
0  2.04e+06 5257.28 | 5257.28    0.0   2887     0 |    1.77   1.17   0.14  -1.15
0  2.07e+06 5257.28 | 5254.32    0.0   2887     0 |    1.77   1.09  -0.12  -1.15
0  2.13e+06 5276.88 |
成功率：95.1%, 提交量大于阈值的概率：0.44870%, 超供率：68.5%, 超供程度：35.7%, 超供平均值：2.4, 方差：108.1
0  2.13e+06 5276.88 | 5276.88    0.0   2887     0 |    1.77   1.25  -0.08  -1.16
0  2.17e+06 5280.73 |
成功率：94.9%, 提交量大于阈值的概率：0.40141%, 超供率：68.0%, 超供程度：35.8%, 超供平均值：2.4, 方差：106.1
0  2.17e+06 5280.73 | 5280.73    0.0   2887     0 |    1.78   1.11   0.03  -1.15
0  2.20e+06 5292.92 |
成功率：94.8%, 提交量大于阈值的概率：0.42544%, 超供率：66.4%, 超供程度：34.7%, 超供平均值：2.4, 方差：106.2
0  2.20e+06 5292.92 | 5292.92    0.0   2887     0 |    1.78   1.17   0.15  -1.15
0  2.22e+06 5315.91 |
成功率：94.5%, 提交量大于阈值的概率：0.37049%, 超供率：64.9%, 超供程度：33.7%, 超供平均值：2.3, 方差：103.9
0  2.22e+06 5315.91 | 5315.91    0.0   2887     0 |    1.79   1.00   0.04  -1.14
0  2.25e+06 5337.61 |
成功率：94.9%, 提交量大于阈值的概率：0.44232%, 超供率：65.6%, 超供程度：33.4%, 超供平均值：2.3, 方差：106.7
0  2.25e+06 5337.61 | 5337.61    0.0   2887     0 |    1.81   1.13   0.05  -1.14
0  2.29e+06 5337.61 | 5318.11    0.0   2887     0 |    1.80   1.21   0.01  -1.14
0  2.35e+06 5337.61 | 5319.23    0.0   2887     0 |    1.80   1.00   0.05  -1.14
0  2.41e+06 5337.61 | 5336.79    0.0   2887     0 |    1.80   1.10   0.04  -1.14
0  2.47e+06 5383.91 |
成功率：94.7%, 提交量大于阈值的概率：0.36503%, 超供率：66.2%, 超供程度：33.0%, 超供平均值：2.3, 方差：104.7
0  2.47e+06 5383.91 | 5383.91    0.0   2887     0 |    1.82   1.05   0.02  -1.14
0  2.50e+06 5383.91 | 5370.53    0.0   2887     0 |    1.82   1.23   0.04  -1.14
0  2.56e+06 5396.74 |
成功率：95.0%, 提交量大于阈值的概率：0.42847%, 超供率：65.6%, 超供程度：32.3%, 超供平均值：2.2, 方差：107.5
0  2.56e+06 5396.74 | 5396.74    0.0   2887     0 |    1.83   1.09   0.01  -1.15
0  2.60e+06 5401.44 |
成功率：95.1%, 提交量大于阈值的概率：0.43941%, 超供率：66.6%, 超供程度：32.7%, 超供平均值：2.2, 方差：108.2
0  2.60e+06 5401.44 | 5401.44    0.0   2887     0 |    1.83   1.17  -0.01  -1.15
0  2.63e+06 5401.44 | 5397.41    0.0   2887     0 |    1.84   0.89   0.00  -1.15
0  2.69e+06 5428.14 |
成功率：94.4%, 提交量大于阈值的概率：0.36491%, 超供率：62.6%, 超供程度：30.8%, 超供平均值：2.1, 方差：104.3
0  2.69e+06 5428.14 | 5428.14    0.0   2887     0 |    1.84   1.39   0.09  -1.14
0  2.73e+06 5438.45 |
成功率：94.5%, 提交量大于阈值的概率：0.42484%, 超供率：60.8%, 超供程度：29.8%, 超供平均值：2.0, 方差：105.4
0  2.73e+06 5438.45 | 5438.45    0.0   2887     0 |    1.86   1.32   0.07  -1.13
0  2.76e+06 5438.45 | 5436.87    0.0   2887     0 |    1.86   1.21   0.06  -1.14
0  2.82e+06 5458.69 |
成功率：94.4%, 提交量大于阈值的概率：0.40354%, 超供率：59.1%, 超供程度：28.8%, 超供平均值：2.0, 方差：104.5
0  2.82e+06 5458.69 | 5458.69    0.0   2887     0 |    1.86   1.13   0.07  -1.15
0  2.85e+06 5458.83 |
成功率：94.2%, 提交量大于阈值的概率：0.35345%, 超供率：58.5%, 超供程度：28.8%, 超供平均值：2.0, 方差：103.2
0  2.85e+06 5458.83 | 5458.83    0.0   2887     0 |    1.86   1.39  -0.06  -1.15
0  2.89e+06 5467.46 |
成功率：94.0%, 提交量大于阈值的概率：0.34819%, 超供率：57.2%, 超供程度：28.0%, 超供平均值：1.9, 方差：102.2
0  2.89e+06 5467.46 | 5467.46    0.0   2887     0 |    1.87   1.07  -0.02  -1.15
0  2.92e+06 5481.22 |
成功率：94.5%, 提交量大于阈值的概率：0.40219%, 超供率：58.0%, 超供程度：28.2%, 超供平均值：1.9, 方差：104.7
0  2.92e+06 5481.22 | 5481.22    0.0   2887     0 |    1.87   1.24  -0.12  -1.15
0  2.96e+06 5481.39 |
成功率：94.4%, 提交量大于阈值的概率：0.41097%, 超供率：57.7%, 超供程度：28.3%, 超供平均值：1.9, 方差：104.4
0  2.96e+06 5481.39 | 5481.39    0.0   2887     0 |    1.88   0.95   0.09  -1.15
0  2.99e+06 5492.12 |
成功率：94.5%, 提交量大于阈值的概率：0.38951%, 超供率：58.2%, 超供程度：28.7%, 超供平均值：2.0, 方差：104.5
0  2.99e+06 5492.12 | 5492.12    0.0   2887     0 |    1.87   0.89   0.08  -1.15
0  3.03e+06 5492.12 | 5487.19    0.0   2887     0 |    1.87   0.98   0.07  -1.15
0  3.08e+06 5507.78 |
成功率：94.5%, 提交量大于阈值的概率：0.36948%, 超供率：57.7%, 超供程度：28.6%, 超供平均值：2.0, 方差：104.4
0  3.08e+06 5507.78 | 5507.78    0.0   2887     0 |    1.87   1.14   0.02  -1.14
0  3.12e+06 5507.78 | 5503.65    0.0   2887     0 |    1.87   0.89   0.11  -1.15
0  3.18e+06 5508.13 |
成功率：94.8%, 提交量大于阈值的概率：0.39970%, 超供率：60.5%, 超供程度：29.6%, 超供平均值：2.0, 方差：105.8
0  3.18e+06 5508.13 | 5508.13    0.0   2887     0 |    1.87   1.11  -0.04  -1.14
0  3.20e+06 5508.13 | 5499.91    0.0   2887     0 |    1.87   1.08   0.03  -1.14
0  3.26e+06 5508.13 | 5495.08    0.0   2887     0 |    1.87   0.85   0.10  -1.14
0  3.31e+06 5508.13 | 5497.05    0.0   2887     0 |    1.87   0.90   0.04  -1.13
0  3.36e+06 5508.13 | 5488.56    0.0   2887     0 |    1.87   1.12   0.00  -1.14
0  3.41e+06 5508.13 | 5490.49    0.0   2887     0 |    1.87   1.07   0.04  -1.14
0  3.47e+06 5508.13 | 5491.33    0.0   2887     0 |    1.87   0.83  -0.02  -1.15
0  3.52e+06 5508.13 | 5491.79    0.0   2887     0 |    1.87   0.91   0.03  -1.15
