################################################################################
ID     Step    maxR |    avgR   stdR   avgS  stdS |    expR   objC   etc.
0  5.77e+03 2897.44 |
成功率：99.7%, 提交量大于阈值的概率：0.87016%, 超供率：97.4%, 超供程度：82.5%, 超供平均值：5.5, 方差：203.7
0  5.77e+03 2897.44 | 2897.44    0.0   2886     0 |    0.81  15.31   0.03  -0.50
0  1.15e+04 2897.44 | 2890.53    0.0   2887     0 |    0.82   9.29   0.11  -0.50
0  1.73e+04 2897.44 | 2858.52    0.0   2887     0 |    0.82   7.66   0.11  -0.49
0  2.31e+04 2897.44 | 2791.64    0.0   2887     0 |    0.82   9.23  -0.03  -0.49
0  2.89e+04 2897.44 | 2813.40    0.0   2887     0 |    0.83   8.92  -0.01  -0.49
0  3.46e+04 2897.44 | 2853.01    0.0   2887     0 |    0.83   7.96  -0.03  -0.49
0  4.04e+04 2910.13 |
成功率：98.3%, 提交量大于阈值的概率：0.85102%, 超供率：96.5%, 超供程度：82.4%, 超供平均值：5.6, 方差：195.7
0  4.04e+04 2910.13 | 2910.13    0.0   2887     0 |    0.85   8.36  -0.03  -0.50
0  4.62e+04 2932.96 |
成功率：98.2%, 提交量大于阈值的概率：0.83602%, 超供率：96.2%, 超供程度：82.1%, 超供平均值：5.6, 方差：191.7
0  4.62e+04 2932.96 | 2932.96    0.0   2886     0 |    0.85   7.88   0.01  -0.50
0  5.19e+04 2988.42 |
成功率：98.4%, 提交量大于阈值的概率：0.83532%, 超供率：96.1%, 超供程度：81.4%, 超供平均值：5.5, 方差：189.4
0  5.19e+04 2988.42 | 2988.42    0.0   2886     0 |    0.86   7.08   0.02  -0.50
0  8.08e+04 3049.36 |
成功率：98.5%, 提交量大于阈值的概率：0.84125%, 超供率：96.3%, 超供程度：80.8%, 超供平均值：5.5, 方差：185.6
0  8.08e+04 3049.36 | 3049.36    0.0   2886     0 |    0.90   7.61  -0.06  -0.51
0  1.10e+05 3146.80 |
成功率：98.6%, 提交量大于阈值的概率：0.82947%, 超供率：96.7%, 超供程度：80.6%, 超供平均值：5.4, 方差：179.2
0  1.10e+05 3146.80 | 3146.80    0.0   2886     0 |    0.92   8.19  -0.09  -0.52
0  1.44e+05 3192.20 |
成功率：98.4%, 提交量大于阈值的概率：0.83573%, 超供率：97.2%, 超供程度：81.1%, 超供平均值：5.5, 方差：173.9
0  1.44e+05 3192.20 | 3192.20    0.0   2886     0 |    0.96   6.75   0.13  -0.54
0  1.79e+05 3243.56 |
成功率：98.6%, 提交量大于阈值的概率：0.84614%, 超供率：97.3%, 超供程度：80.5%, 超供平均值：5.4, 方差：171.6
0  1.79e+05 3243.56 | 3243.56    0.0   2886     0 |    0.97   8.35  -0.02  -0.57
0  2.14e+05 3282.35 |
成功率：98.8%, 提交量大于阈值的概率：0.86051%, 超供率：97.3%, 超供程度：80.3%, 超供平均值：5.4, 方差：170.9
0  2.14e+05 3282.35 | 3282.35    0.0   2886     0 |    0.98   7.90  -0.00  -0.58
0  2.48e+05 3310.32 |
成功率：98.9%, 提交量大于阈值的概率：0.86700%, 超供率：97.3%, 超供程度：79.6%, 超供平均值：5.3, 方差：170.7
0  2.48e+05 3310.32 | 3310.32    0.0   2886     0 |    1.00   8.52   0.04  -0.60
0  2.77e+05 3325.95 |
成功率：98.7%, 提交量大于阈值的概率：0.85743%, 超供率：97.1%, 超供程度：79.0%, 超供平均值：5.3, 方差：169.2
0  2.77e+05 3325.95 | 3325.95    0.0   2885     0 |    1.02   6.61   0.13  -0.61
0  3.06e+05 3365.57 |
成功率：98.7%, 提交量大于阈值的概率：0.84090%, 超供率：96.9%, 超供程度：78.7%, 超供平均值：5.3, 方差：167.2
0  3.06e+05 3365.57 | 3365.57    0.0   2886     0 |    1.01   7.53   0.01  -0.61
0  3.35e+05 3369.48 |
成功率：98.9%, 提交量大于阈值的概率：0.86409%, 超供率：97.0%, 超供程度：78.5%, 超供平均值：5.3, 方差：168.1
0  3.35e+05 3369.48 | 3369.48    0.0   2886     0 |    1.03   7.54   0.04  -0.61
0  3.64e+05 3424.99 |
成功率：99.0%, 提交量大于阈值的概率：0.86435%, 超供率：96.9%, 超供程度：77.6%, 超供平均值：5.2, 方差：166.1
0  3.64e+05 3424.99 | 3424.99    0.0   2885     0 |    1.04   8.41  -0.01  -0.62
0  3.87e+05 3435.49 |
成功率：98.9%, 提交量大于阈值的概率：0.86172%, 超供率：96.8%, 超供程度：77.4%, 超供平均值：5.2, 方差：165.5
0  3.87e+05 3435.49 | 3435.49    0.0   2886     0 |    1.05   8.15  -0.01  -0.63
0  4.04e+05 3449.45 |
成功率：98.9%, 提交量大于阈值的概率：0.84478%, 超供率：96.8%, 超供程度：77.2%, 超供平均值：5.2, 方差：165.3
0  4.04e+05 3449.45 | 3449.45    0.0   2886     0 |    1.06   6.81   0.08  -0.64
0  4.33e+05 3480.07 |
成功率：99.0%, 提交量大于阈值的概率：0.85547%, 超供率：96.9%, 超供程度：77.4%, 超供平均值：5.2, 方差：163.0
0  4.33e+05 3480.07 | 3480.07    0.0   2886     0 |    1.07   7.05   0.07  -0.66
0  4.62e+05 3480.07 | 3475.66    0.0   2886     0 |    1.08   7.22   0.01  -0.67
0  5.14e+05 3480.07 | 3433.27    0.0   2886     0 |    1.07   8.10   0.03  -0.69
0  5.71e+05 3494.19 |
成功率：98.9%, 提交量大于阈值的概率：0.87049%, 超供率：96.8%, 超供程度：77.2%, 超供平均值：5.2, 方差：162.6
0  5.71e+05 3494.19 | 3494.19    0.0   2885     0 |    1.09   7.91  -0.03  -0.71
0  5.89e+05 3494.19 | 3493.96    0.0   2885     0 |    1.10   7.81  -0.01  -0.72
0  6.46e+05 3495.25 |
成功率：98.8%, 提交量大于阈值的概率：0.85697%, 超供率：96.7%, 超供程度：77.2%, 超供平均值：5.2, 方差：160.9
0  6.46e+05 3495.25 | 3495.25    0.0   2885     0 |    1.11   8.31  -0.03  -0.74
0  6.75e+05 3500.44 |
成功率：98.8%, 提交量大于阈值的概率：0.85291%, 超供率：96.7%, 超供程度：77.4%, 超供平均值：5.2, 方差：160.8
0  6.75e+05 3500.44 | 3500.44    0.0   2886     0 |    1.12   7.89   0.01  -0.74
0  7.04e+05 3506.80 |
成功率：98.8%, 提交量大于阈值的概率：0.85031%, 超供率：96.8%, 超供程度：77.7%, 超供平均值：5.2, 方差：160.0
0  7.04e+05 3506.80 | 3506.80    0.0   2886     0 |    1.11   6.77   0.07  -0.74
0  7.33e+05 3524.88 |
成功率：98.7%, 提交量大于阈值的概率：0.85972%, 超供率：96.5%, 超供程度：77.0%, 超供平均值：5.2, 方差：158.7
0  7.33e+05 3524.88 | 3524.88    0.0   2886     0 |    1.12   7.60   0.04  -0.75
0  7.62e+05 3535.96 |
成功率：98.6%, 提交量大于阈值的概率：0.83543%, 超供率：96.4%, 超供程度：76.9%, 超供平均值：5.2, 方差：157.5
0  7.62e+05 3535.96 | 3535.96    0.0   2886     0 |    1.11   7.33   0.07  -0.76
0  7.91e+05 3535.96 | 3470.28    0.0   2886     0 |    1.11   7.45   0.06  -0.77
0  8.48e+05 3535.96 | 3448.79    0.0   2886     0 |    1.12   7.71  -0.01  -0.77
0  9.06e+05 3624.64 |
成功率：98.2%, 提交量大于阈值的概率：0.82158%, 超供率：95.9%, 超供程度：75.7%, 超供平均值：5.1, 方差：151.8
0  9.06e+05 3624.64 | 3624.64    0.0   2886     0 |    1.16   6.33   0.04  -0.79
0  9.35e+05 3688.09 |
成功率：98.1%, 提交量大于阈值的概率：0.81795%, 超供率：95.6%, 超供程度：74.8%, 超供平均值：5.1, 方差：149.9
0  9.35e+05 3688.09 | 3688.09    0.0   2887     0 |    1.17   6.55   0.04  -0.80
0  9.64e+05 3699.96 |
成功率：97.9%, 提交量大于阈值的概率：0.80066%, 超供率：95.4%, 超供程度：74.2%, 超供平均值：5.0, 方差：148.8
0  9.64e+05 3699.96 | 3699.96    0.0   2887     0 |    1.18   7.85  -0.05  -0.82
0  9.93e+05 3699.96 | 3615.84    0.0   2887     0 |    1.16   7.29  -0.05  -0.83
0  1.05e+06 3699.96 | 3632.42    0.0   2886     0 |    1.17   6.64   0.06  -0.83
0  1.11e+06 3699.96 | 3587.90    0.0   2886     0 |    1.15   7.28  -0.01  -0.83
0  1.17e+06 3707.56 |
成功率：98.0%, 提交量大于阈值的概率：0.80664%, 超供率：95.3%, 超供程度：75.5%, 超供平均值：5.1, 方差：147.4
0  1.17e+06 3707.56 | 3707.56    0.0   2887     0 |    1.19   6.51   0.02  -0.86
0  1.19e+06 3767.21 |
成功率：97.7%, 提交量大于阈值的概率：0.79442%, 超供率：94.6%, 超供程度：74.3%, 超供平均值：5.0, 方差：143.7
0  1.19e+06 3767.21 | 3767.21    0.0   2887     0 |    1.21   6.08   0.15  -0.87
0  1.22e+06 3767.21 | 3749.72    0.0   2887     0 |    1.20   7.19  -0.01  -0.88
0  1.28e+06 3861.25 |
成功率：97.1%, 提交量大于阈值的概率：0.72832%, 超供率：93.5%, 超供程度：73.2%, 超供平均值：5.0, 方差：136.7
0  1.28e+06 3861.25 | 3861.25    0.0   2887     0 |    1.23   6.23   0.02  -0.91
0  1.31e+06 3917.48 |
成功率：96.6%, 提交量大于阈值的概率：0.69029%, 超供率：92.4%, 超供程度：72.1%, 超供平均值：4.9, 方差：131.8
0  1.31e+06 3917.48 | 3917.48    0.0   2887     0 |    1.26   6.35  -0.03  -0.92
0  1.34e+06 3934.11 |
成功率：96.4%, 提交量大于阈值的概率：0.66739%, 超供率：92.0%, 超供程度：71.4%, 超供平均值：4.9, 方差：130.2
0  1.34e+06 3934.11 | 3934.11    0.0   2887     0 |    1.27   4.99   0.07  -0.94
0  1.37e+06 3982.14 |
成功率：95.8%, 提交量大于阈值的概率：0.60997%, 超供率：91.0%, 超供程度：70.6%, 超供平均值：4.8, 方差：125.5
0  1.37e+06 3982.14 | 3982.14    0.0   2887     0 |    1.29   5.39   0.02  -0.95
0  1.40e+06 4040.15 |
成功率：95.0%, 提交量大于阈值的概率：0.54930%, 超供率：89.4%, 超供程度：68.9%, 超供平均值：4.7, 方差：119.0
0  1.40e+06 4040.15 | 4040.15    0.0   2887     0 |    1.30   5.02   0.05  -0.97
0  1.43e+06 4066.72 |
成功率：95.0%, 提交量大于阈值的概率：0.52864%, 超供率：88.8%, 超供程度：68.0%, 超供平均值：4.6, 方差：119.0
0  1.43e+06 4066.72 | 4066.72    0.0   2887     0 |    1.32   5.44  -0.04  -0.98
0  1.45e+06 4101.91 |
成功率：94.6%, 提交量大于阈值的概率：0.48076%, 超供率：88.3%, 超供程度：67.0%, 超供平均值：4.6, 方差：115.8
0  1.45e+06 4101.91 | 4101.91    0.0   2887     0 |    1.33   4.75   0.06  -0.99
0  1.48e+06 4140.69 |
成功率：94.0%, 提交量大于阈值的概率：0.40618%, 超供率：87.2%, 超供程度：65.9%, 超供平均值：4.5, 方差：110.4
0  1.48e+06 4140.69 | 4140.69    0.0   2887     0 |    1.34   5.02   0.13  -1.00
0  1.51e+06 4140.69 | 4138.89    0.0   2887     0 |    1.34   5.23  -0.01  -1.01
0  1.57e+06 4152.06 |
成功率：94.4%, 提交量大于阈值的概率：0.45023%, 超供率：87.9%, 超供程度：66.2%, 超供平均值：4.5, 方差：113.8
0  1.57e+06 4152.06 | 4152.06    0.0   2887     0 |    1.34   5.71   0.04  -1.04
0  1.60e+06 4152.06 | 4138.43    0.0   2887     0 |    1.35   5.18   0.01  -1.04
0  1.66e+06 4152.06 | 4137.00    0.0   2887     0 |    1.34   5.51   0.01  -1.05
0  1.71e+06 4152.06 | 4131.34    0.0   2887     0 |    1.35   4.97   0.10  -1.05
0  1.77e+06 4152.06 | 4136.28    0.0   2887     0 |    1.36   4.89   0.12  -1.07
0  1.83e+06 4163.92 |
成功率：92.8%, 提交量大于阈值的概率：0.28963%, 超供率：83.5%, 超供程度：63.4%, 超供平均值：4.3, 方差：102.4
0  1.83e+06 4163.92 | 4163.92    0.0   2887     0 |    1.37   5.09   0.04  -1.08
0  1.86e+06 4182.50 |
成功率：92.8%, 提交量大于阈值的概率：0.29930%, 超供率：83.1%, 超供程度：62.6%, 超供平均值：4.3, 方差：103.4
0  1.86e+06 4182.50 | 4182.50    0.0   2887     0 |    1.38   5.26   0.05  -1.09
0  1.87e+06 4182.50 | 4165.98    0.0   2887     0 |    1.38   4.91   0.05  -1.10
0  1.92e+06 4182.50 | 4175.07    0.0   2887     0 |    1.39   5.16  -0.01  -1.09
0  1.97e+06 4219.41 |
成功率：92.1%, 提交量大于阈值的概率：0.23076%, 超供率：81.2%, 超供程度：60.5%, 超供平均值：4.1, 方差：97.8
0  1.97e+06 4219.41 | 4219.41    0.0   2887     0 |    1.40   4.71   0.07  -1.09
0  2.00e+06 4219.41 | 4208.56    0.0   2887     0 |    1.39   4.55   0.11  -1.09
0  2.03e+06 4219.41 | 4197.17    0.0   2887     0 |    1.39   4.76   0.06  -1.10
0  2.08e+06 4246.96 |
成功率：92.7%, 提交量大于阈值的概率：0.30624%, 超供率：82.4%, 超供程度：60.8%, 超供平均值：4.2, 方差：101.8
0  2.08e+06 4246.96 | 4246.96    0.0   2887     0 |    1.41   4.03   0.03  -1.11
0  2.11e+06 4269.75 |
成功率：93.2%, 提交量大于阈值的概率：0.33382%, 超供率：83.3%, 超供程度：61.2%, 超供平均值：4.2, 方差：104.5
0  2.11e+06 4269.75 | 4269.75    0.0   2887     0 |    1.40   4.43   0.04  -1.11
0  2.14e+06 4269.75 | 4266.52    0.0   2887     0 |    1.40   5.74  -0.02  -1.11
0  2.19e+06 4299.01 |
成功率：94.0%, 提交量大于阈值的概率：0.42814%, 超供率：84.0%, 超供程度：61.5%, 超供平均值：4.2, 方差：110.1
0  2.19e+06 4299.01 | 4299.01    0.0   2887     0 |    1.41   5.29   0.05  -1.12
0  2.22e+06 4325.35 |
成功率：93.6%, 提交量大于阈值的概率：0.36139%, 超供率：83.1%, 超供程度：60.2%, 超供平均值：4.1, 方差：107.5
0  2.22e+06 4325.35 | 4325.35    0.0   2887     0 |    1.42   4.71   0.02  -1.12
0  2.23e+06 4325.35 | 4315.52    0.0   2887     0 |    1.43   4.89   0.05  -1.12
0  2.29e+06 4325.35 | 4320.33    0.0   2887     0 |    1.42   4.57   0.10  -1.14
0  2.35e+06 4342.89 |
成功率：93.9%, 提交量大于阈值的概率：0.33635%, 超供率：83.4%, 超供程度：60.3%, 超供平均值：4.1, 方差：109.8
0  2.35e+06 4342.89 | 4342.89    0.0   2887     0 |    1.43   5.22   0.03  -1.13
0  2.37e+06 4342.89 | 4327.44    0.0   2887     0 |    1.42   5.02   0.13  -1.12
0  2.43e+06 4342.89 | 4336.94    0.0   2886     0 |    1.42   4.78   0.08  -1.13
0  2.49e+06 4357.25 |
成功率：94.1%, 提交量大于阈值的概率：0.32500%, 超供率：82.8%, 超供程度：60.7%, 超供平均值：4.1, 方差：110.7
0  2.49e+06 4357.25 | 4357.25    0.0   2887     0 |    1.43   4.95   0.05  -1.13
0  2.52e+06 4367.20 |
成功率：94.3%, 提交量大于阈值的概率：0.39218%, 超供率：83.2%, 超供程度：60.4%, 超供平均值：4.1, 方差：112.0
0  2.52e+06 4367.20 | 4367.20    0.0   2886     0 |    1.43   4.89   0.05  -1.13
0  2.55e+06 4372.37 |
成功率：93.9%, 提交量大于阈值的概率：0.32368%, 超供率：82.3%, 超供程度：59.8%, 超供平均值：4.1, 方差：109.2
0  2.55e+06 4372.37 | 4372.37    0.0   2886     0 |    1.44   5.26   0.10  -1.12
0  2.57e+06 4372.37 | 4321.62    0.0   2886     0 |    1.43   5.64  -0.10  -1.12
0  2.63e+06 4372.37 | 4331.02    0.0   2886     0 |    1.43   4.41   0.08  -1.12
0  2.68e+06 4372.37 | 4314.63    0.0   2886     0 |    1.43   4.97   0.05  -1.12
0  2.74e+06 4372.37 | 4273.56    0.0   2886     0 |    1.44   4.54   0.06  -1.13
0  2.79e+06 4372.37 | 4329.01    0.0   2886     0 |    1.44   4.97   0.06  -1.13
0  2.84e+06 4372.37 | 4327.44    0.0   2886     0 |    1.44   5.45  -0.05  -1.13
0  2.90e+06 4372.37 | 4368.30    0.0   2886     0 |    1.44   4.57   0.05  -1.12
0  2.95e+06 4389.55 |
成功率：92.5%, 提交量大于阈值的概率：0.20833%, 超供率：79.4%, 超供程度：56.0%, 超供平均值：3.8, 方差：101.0
0  2.95e+06 4389.55 | 4389.55    0.0   2886     0 |    1.46   5.30  -0.03  -1.13
0  2.98e+06 4402.69 |
成功率：92.2%, 提交量大于阈值的概率：0.17764%, 超供率：78.5%, 超供程度：55.0%, 超供平均值：3.8, 方差：99.0
0  2.98e+06 4402.69 | 4402.69    0.0   2886     0 |    1.46   5.30   0.02  -1.13
0  3.01e+06 4402.69 | 4387.87    0.0   2885     0 |    1.46   4.79   0.12  -1.13
0  3.06e+06 4402.69 | 4398.06    0.0   2885     0 |    1.46   4.76   0.00  -1.13
0  3.11e+06 4402.69 | 4402.25    0.0   2885     0 |    1.46   5.13   0.07  -1.14
0  3.16e+06 4434.81 |
成功率：92.8%, 提交量大于阈值的概率：0.28166%, 超供率：79.2%, 超供程度：54.6%, 超供平均值：3.8, 方差：104.0
0  3.16e+06 4434.81 | 4434.81    0.0   2885     0 |    1.47   6.02   0.05  -1.14
0  3.19e+06 4435.25 |
成功率：93.1%, 提交量大于阈值的概率：0.32822%, 超供率：80.3%, 超供程度：55.4%, 超供平均值：3.8, 方差：105.7
0  3.19e+06 4435.25 | 4435.25    0.0   2885     0 |    1.47   5.64   0.07  -1.14
0  3.22e+06 4435.25 | 4416.55    0.0   2886     0 |    1.46   4.80   0.10  -1.14
0  3.26e+06 4435.25 | 4429.26    0.0   2885     0 |    1.46   5.09   0.01  -1.13
0  3.31e+06 4454.53 |
成功率：93.1%, 提交量大于阈值的概率：0.27785%, 超供率：78.0%, 超供程度：54.0%, 超供平均值：3.7, 方差：107.3
0  3.31e+06 4454.53 | 4454.53    0.0   2885     0 |    1.47   3.86   0.22  -1.14
0  3.34e+06 4468.56 |
成功率：93.0%, 提交量大于阈值的概率：0.27712%, 超供率：77.3%, 超供程度：53.3%, 超供平均值：3.7, 方差：106.4
0  3.34e+06 4468.56 | 4468.56    0.0   2885     0 |    1.48   5.14  -0.02  -1.14
0  3.35e+06 4468.56 | 4455.56    0.0   2885     0 |    1.48   5.00   0.06  -1.14
0  3.39e+06 4468.56 | 4436.32    0.0   2885     0 |    1.48   4.19   0.02  -1.13
0  3.45e+06 4468.56 | 4438.29    0.0   2885     0 |    1.49   5.66  -0.01  -1.14
0  3.49e+06 4468.56 | 4464.52    0.0   2885     0 |    1.49   5.14   0.12  -1.13
0  3.53e+06 4486.57 |
成功率：92.2%, 提交量大于阈值的概率：0.16964%, 超供率：74.3%, 超供程度：51.6%, 超供平均值：3.5, 方差：101.2
0  3.53e+06 4486.57 | 4486.57    0.0   2886     0 |    1.50   4.12   0.15  -1.14
