################################################################################
ID     Step    maxR |    avgR   stdR   avgS  stdS |    expR   objC   etc.
0  5.77e+03 4303.54 |
成功率：99.6%, 提交量大于阈值的概率：0.87268%, 超供率：97.2%, 超供程度：82.1%, 超供平均值：5.5, 方差：199.2
0  5.77e+03 4303.54 | 4303.54    0.0   2887     0 |    1.28   1.46  -0.08  -0.51
0  2.89e+04 4618.63 |
成功率：99.2%, 提交量大于阈值的概率：0.85796%, 超供率：97.2%, 超供程度：80.4%, 超供平均值：5.4, 方差：175.9
0  2.89e+04 4618.63 | 4618.63    0.0   2887     0 |    1.40   0.36  -0.04  -0.54
0  5.19e+04 4840.92 |
成功率：98.7%, 提交量大于阈值的概率：0.78441%, 超供率：96.6%, 超供程度：78.0%, 超供平均值：5.3, 方差：162.0
0  5.19e+04 4840.92 | 4840.92    0.0   2886     0 |    1.51   0.18  -0.07  -0.59
0  7.50e+04 4997.82 |
成功率：98.0%, 提交量大于阈值的概率：0.66920%, 超供率：95.6%, 超供程度：75.7%, 超供平均值：5.1, 方差：152.1
0  7.50e+04 4997.82 | 4997.82    0.0   2885     0 |    1.58   0.18   0.04  -0.65
0  9.81e+04 5143.23 |
成功率：96.9%, 提交量大于阈值的概率：0.57383%, 超供率：93.9%, 超供程度：73.2%, 超供平均值：5.0, 方差：139.6
0  9.81e+04 5143.23 | 5143.23    0.0   2886     0 |    1.64   0.12  -0.07  -0.71
0  1.21e+05 5279.42 |
成功率：95.4%, 提交量大于阈值的概率：0.45115%, 超供率：91.4%, 超供程度：70.9%, 超供平均值：4.8, 方差：124.2
0  1.21e+05 5279.42 | 5279.42    0.0   2886     0 |    1.70   0.16   0.05  -0.78
0  1.44e+05 5313.47 |
成功率：93.7%, 提交量大于阈值的概率：0.12455%, 超供率：88.9%, 超供程度：69.6%, 超供平均值：4.7, 方差：111.5
0  1.44e+05 5313.47 | 5313.47    0.0   2886     0 |    1.73   0.10   0.05  -0.87
0  1.67e+05 5313.47 | 5302.16    0.0   2886     0 |    1.74   0.09  -0.10  -0.94
0  2.19e+05 5411.18 |
成功率：94.1%, 提交量大于阈值的概率：0.08844%, 超供率：87.8%, 超供程度：68.1%, 超供平均值：4.6, 方差：114.6
0  2.19e+05 5411.18 | 5411.18    0.0   2886     0 |    1.79   0.06   0.02  -1.10
0  2.42e+05 5433.59 |
成功率：94.1%, 提交量大于阈值的概率：0.07115%, 超供率：86.8%, 超供程度：66.9%, 超供平均值：4.5, 方差：114.1
0  2.42e+05 5433.59 | 5433.59    0.0   2886     0 |    1.81   0.06  -0.01  -1.15
0  2.66e+05 5461.48 |
成功率：94.2%, 提交量大于阈值的概率：0.09503%, 超供率：86.1%, 超供程度：65.9%, 超供平均值：4.5, 方差：114.4
0  2.66e+05 5461.48 | 5461.48    0.0   2886     0 |    1.82   0.05   0.00  -1.20
0  2.89e+05 5509.45 |
成功率：94.7%, 提交量大于阈值的概率：0.13760%, 超供率：86.1%, 超供程度：65.6%, 超供平均值：4.4, 方差：117.2
0  2.89e+05 5509.45 | 5509.45    0.0   2886     0 |    1.84   0.04   0.02  -1.24
0  3.12e+05 5527.94 |
成功率：94.8%, 提交量大于阈值的概率：0.12696%, 超供率：85.4%, 超供程度：65.5%, 超供平均值：4.4, 方差：118.1
0  3.12e+05 5527.94 | 5527.94    0.0   2886     0 |    1.85   0.05  -0.06  -1.25
0  3.35e+05 5543.90 |
成功率：94.8%, 提交量大于阈值的概率：0.13164%, 超供率：84.8%, 超供程度：65.1%, 超供平均值：4.4, 方差：118.6
0  3.35e+05 5543.90 | 5543.90    0.0   2886     0 |    1.85   0.06   0.03  -1.26
0  3.58e+05 5559.25 |
成功率：94.9%, 提交量大于阈值的概率：0.15066%, 超供率：83.7%, 超供程度：63.8%, 超供平均值：4.3, 方差：118.9
0  3.58e+05 5559.25 | 5559.25    0.0   2886     0 |    1.86   0.04   0.03  -1.27
0  3.81e+05 5581.88 |
成功率：95.1%, 提交量大于阈值的概率：0.16077%, 超供率：83.5%, 超供程度：63.9%, 超供平均值：4.3, 方差：120.9
0  3.81e+05 5581.88 | 5581.88    0.0   2886     0 |    1.87   0.05   0.09  -1.27
0  4.04e+05 5587.59 |
成功率：94.9%, 提交量大于阈值的概率：0.16492%, 超供率：80.3%, 超供程度：60.5%, 超供平均值：4.1, 方差：118.6
0  4.04e+05 5587.59 | 5587.59    0.0   2886     0 |    1.88   0.05   0.05  -1.27
0  4.27e+05 5634.77 |
成功率：95.3%, 提交量大于阈值的概率：0.21065%, 超供率：80.7%, 超供程度：61.0%, 超供平均值：4.1, 方差：121.2
0  4.27e+05 5634.77 | 5634.77    0.0   2886     0 |    1.89   0.05   0.13  -1.26
0  4.50e+05 5640.03 |
成功率：95.1%, 提交量大于阈值的概率：0.19029%, 超供率：78.5%, 超供程度：59.3%, 超供平均值：4.0, 方差：119.5
0  4.50e+05 5640.03 | 5640.03    0.0   2887     0 |    1.90   0.04   0.07  -1.26
0  4.73e+05 5640.03 | 5636.20    0.0   2887     0 |    1.90   0.05  -0.13  -1.26
0  5.20e+05 5695.27 |
成功率：95.6%, 提交量大于阈值的概率：0.26218%, 超供率：78.1%, 超供程度：59.5%, 超供平均值：4.0, 方差：123.0
0  5.20e+05 5695.27 | 5695.27    0.0   2887     0 |    1.92   0.04   0.01  -1.26
0  5.43e+05 5707.51 |
成功率：95.6%, 提交量大于阈值的概率：0.24508%, 超供率：77.7%, 超供程度：59.7%, 超供平均值：4.0, 方差：123.4
0  5.43e+05 5707.51 | 5707.51    0.0   2887     0 |    1.92   0.04  -0.01  -1.27
0  5.66e+05 5708.73 |
成功率：95.4%, 提交量大于阈值的概率：0.21530%, 超供率：76.2%, 超供程度：58.2%, 超供平均值：3.9, 方差：121.5
0  5.66e+05 5708.73 | 5708.73    0.0   2887     0 |    1.92   0.04   0.04  -1.27
0  5.89e+05 5708.73 | 5700.34    0.0   2887     0 |    1.93   0.03   0.02  -1.26
0  6.41e+05 5734.30 |
成功率：95.6%, 提交量大于阈值的概率：0.24508%, 超供率：74.1%, 超供程度：57.3%, 超供平均值：3.9, 方差：123.0
0  6.41e+05 5734.30 | 5734.30    0.0   2887     0 |    1.94   0.03   0.03  -1.25
0  6.64e+05 5734.30 | 5732.34    0.0   2887     0 |    1.95   0.03   0.07  -1.26
0  7.10e+05 5748.53 |
成功率：95.2%, 提交量大于阈值的概率：0.19095%, 超供率：70.9%, 超供程度：54.6%, 超供平均值：3.7, 方差：120.2
0  7.10e+05 5748.53 | 5748.53    0.0   2887     0 |    1.96   0.03  -0.06  -1.26
0  7.33e+05 5770.10 |
成功率：95.5%, 提交量大于阈值的概率：0.22349%, 超供率：71.7%, 超供程度：55.1%, 超供平均值：3.7, 方差：122.3
0  7.33e+05 5770.10 | 5770.10    0.0   2887     0 |    1.96   0.04  -0.10  -1.26
0  7.50e+05 5770.10 | 5765.76    0.0   2887     0 |    1.96   0.04   0.09  -1.25
0  7.97e+05 5784.14 |
成功率：95.6%, 提交量大于阈值的概率：0.27616%, 超供率：70.1%, 超供程度：53.8%, 超供平均值：3.6, 方差：122.9
0  7.97e+05 5784.14 | 5784.14    0.0   2887     0 |    1.97   0.04  -0.04  -1.25
0  8.20e+05 5786.84 |
成功率：95.4%, 提交量大于阈值的概率：0.24923%, 超供率：69.1%, 超供程度：53.1%, 超供平均值：3.6, 方差：121.7
0  8.20e+05 5786.84 | 5786.84    0.0   2887     0 |    1.97   0.03  -0.03  -1.25
0  8.43e+05 5791.82 |
成功率：95.5%, 提交量大于阈值的概率：0.25192%, 超供率：69.2%, 超供程度：53.4%, 超供平均值：3.6, 方差：122.1
0  8.43e+05 5791.82 | 5791.82    0.0   2887     0 |    1.98   0.03  -0.03  -1.25
0  8.66e+05 5805.81 |
成功率：95.9%, 提交量大于阈值的概率：0.31403%, 超供率：71.1%, 超供程度：54.7%, 超供平均值：3.7, 方差：125.2
0  8.66e+05 5805.81 | 5805.81    0.0   2887     0 |    1.97   0.04  -0.09  -1.25
0  8.89e+05 5808.38 |
成功率：95.7%, 提交量大于阈值的概率：0.23997%, 超供率：70.9%, 超供程度：54.9%, 超供平均值：3.7, 方差：123.4
0  8.89e+05 5808.38 | 5808.38    0.0   2887     0 |    1.98   0.03   0.07  -1.25
0  9.12e+05 5808.38 | 5801.68    0.0   2887     0 |    1.97   0.04  -0.03  -1.24
0  9.58e+05 5810.23 |
成功率：95.8%, 提交量大于阈值的概率：0.25872%, 超供率：70.5%, 超供程度：55.0%, 超供平均值：3.7, 方差：124.8
0  9.58e+05 5810.23 | 5810.23    0.0   2887     0 |    1.98   0.04  -0.03  -1.24
0  9.81e+05 5815.78 |
成功率：95.7%, 提交量大于阈值的概率：0.21647%, 超供率：70.6%, 超供程度：54.9%, 超供平均值：3.7, 方差：123.5
0  9.81e+05 5815.78 | 5815.78    0.0   2887     0 |    1.98   0.03   0.06  -1.24
0  1.00e+06 5815.78 | 5566.60    0.0   2886     0 |    1.88   0.04   0.03  -1.22
0  1.06e+06 5815.78 | 5670.85    0.0   2887     0 |    1.93   0.03   0.06  -1.23
0  1.11e+06 5815.78 | 5686.72    0.0   2887     0 |    1.94   0.04   0.06  -1.24
0  1.16e+06 5815.78 | 5629.40    0.0   2886     0 |    1.92   0.04   0.12  -1.24
0  1.21e+06 5815.78 | 5680.22    0.0   2887     0 |    1.94   0.03  -0.07  -1.23
0  1.25e+06 5815.78 | 5685.19    0.0   2887     0 |    1.94   0.03   0.04  -1.23
0  1.30e+06 5815.78 | 5691.02    0.0   2887     0 |    1.94   0.03   0.11  -1.23
0  1.35e+06 5815.78 | 5716.72    0.0   2887     0 |    1.95   0.03   0.01  -1.23
0  1.40e+06 5815.78 | 5727.25    0.0   2887     0 |    1.95   0.03   0.07  -1.23
0  1.45e+06 5815.78 | 5730.97    0.0   2887     0 |    1.96   0.03   0.11  -1.22
0  1.50e+06 5815.78 | 5735.57    0.0   2887     0 |    1.97   0.03   0.01  -1.22
0  1.55e+06 5815.78 | 5755.00    0.0   2887     0 |    1.97   0.03   0.08  -1.22
0  1.59e+06 5815.78 | 5762.10    0.0   2887     0 |    1.97   0.03  -0.12  -1.21
0  1.65e+06 5815.78 | 5769.76    0.0   2887     0 |    1.98   0.03  -0.00  -1.22
0  1.69e+06 5815.78 | 5787.13    0.0   2887     0 |    1.98   0.03  -0.03  -1.22
0  1.74e+06 5815.78 | 5778.30    0.0   2887     0 |    1.98   0.03  -0.08  -1.21
0  1.79e+06 5815.78 | 5791.64    0.0   2887     0 |    1.98   0.03   0.04  -1.21
0  1.84e+06 5815.78 | 4869.15    0.0   2886     0 |    1.66   0.10   0.15  -1.21
0  1.89e+06 5815.78 | 5244.90    0.0   2886     0 |    1.79   0.06   0.01  -1.19
0  1.94e+06 5815.78 | 5480.50    0.0   2886     0 |    1.88   0.04  -0.03  -1.21
0  1.99e+06 5815.78 | 5598.52    0.0   2887     0 |    1.92   0.04  -0.03  -1.21
0  2.03e+06 5815.78 | 5696.00    0.0   2887     0 |    1.95   0.04   0.00  -1.20
0  2.08e+06 5815.78 | 5753.48    0.0   2887     0 |    1.97   0.03  -0.03  -1.20
0  2.13e+06 5815.78 | 5789.20    0.0   2887     0 |    1.98   0.03   0.00  -1.21
0  2.18e+06 5815.78 | 5797.77    0.0   2887     0 |    1.99   0.03   0.09  -1.22
0  2.23e+06 5815.78 | 5813.02    0.0   2887     0 |    1.99   0.02   0.09  -1.21
0  2.27e+06 5821.09 |
成功率：95.9%, 提交量大于阈值的概率：0.29037%, 超供率：70.2%, 超供程度：55.2%, 超供平均值：3.7, 方差：125.9
0  2.27e+06 5821.09 | 5821.09    0.0   2887     0 |    2.00   0.03   0.00  -1.21
0  2.30e+06 5826.13 |
成功率：95.8%, 提交量大于阈值的概率：0.22290%, 超供率：69.3%, 超供程度：54.7%, 超供平均值：3.7, 方差：124.5
0  2.30e+06 5826.13 | 5826.13    0.0   2887     0 |    2.00   0.02   0.06  -1.21
0  2.32e+06 5826.13 | 5825.00    0.0   2887     0 |    2.00   0.04   0.01  -1.21
0  2.37e+06 5826.31 |
成功率：96.1%, 提交量大于阈值的概率：0.34431%, 超供率：71.0%, 超供程度：55.9%, 超供平均值：3.8, 方差：127.2
0  2.37e+06 5826.31 | 5826.31    0.0   2887     0 |    2.00   0.03   0.09  -1.20
0  2.39e+06 5832.70 |
成功率：96.0%, 提交量大于阈值的概率：0.28450%, 超供率：70.6%, 超供程度：55.6%, 超供平均值：3.7, 方差：126.1
0  2.39e+06 5832.70 | 5832.70    0.0   2887     0 |    2.00   0.03   0.11  -1.20
0  2.41e+06 5832.70 | 5825.99    0.0   2887     0 |    2.00   0.02  -0.01  -1.21
0  2.47e+06 5832.70 | 5667.58    0.0   2887     0 |    1.95   0.03  -0.09  -1.19
0  2.51e+06 5832.70 | 5750.00    0.0   2887     0 |    1.97   0.03   0.01  -1.19
0  2.56e+06 5832.70 | 5814.28    0.0   2887     0 |    2.00   0.02   0.07  -1.18
0  2.60e+06 5836.90 |
成功率：96.6%, 提交量大于阈值的概率：0.45618%, 超供率：67.2%, 超供程度：54.3%, 超供平均值：3.6, 方差：130.2
0  2.60e+06 5836.90 | 5836.90    0.0   2887     0 |    2.00   0.03   0.08  -1.19
0  2.63e+06 5851.79 |
成功率：96.4%, 提交量大于阈值的概率：0.43244%, 超供率：66.3%, 超供程度：53.5%, 超供平均值：3.6, 方差：129.1
0  2.63e+06 5851.79 | 5851.79    0.0   2887     0 |    2.01   0.02  -0.08  -1.19
0  2.64e+06 5855.39 |
成功率：96.2%, 提交量大于阈值的概率：0.34963%, 超供率：66.7%, 超供程度：54.3%, 超供平均值：3.6, 方差：127.5
0  2.64e+06 5855.39 | 5855.39    0.0   2887     0 |    2.00   0.03   0.09  -1.19
0  2.67e+06 5855.39 | 5724.51    0.0   2887     0 |    1.97   0.03   0.19  -1.19
0  2.71e+06 5855.39 | 5801.01    0.0   2887     0 |    2.00   0.02  -0.04  -1.18
0  2.77e+06 5855.39 | 5847.80    0.0   2887     0 |    2.01   0.03   0.01  -1.19
0  2.81e+06 5860.26 |
成功率：96.2%, 提交量大于阈值的概率：0.35435%, 超供率：65.8%, 超供程度：53.8%, 超供平均值：3.6, 方差：127.1
0  2.81e+06 5860.26 | 5860.26    0.0   2887     0 |    2.02   0.02   0.11  -1.18
0  2.83e+06 5860.26 | 5858.72    0.0   2887     0 |    2.01   0.02  -0.14  -1.18
0  2.89e+06 5865.76 |
成功率：96.0%, 提交量大于阈值的概率：0.27880%, 超供率：65.3%, 超供程度：53.7%, 超供平均值：3.6, 方差：125.9
0  2.89e+06 5865.76 | 5865.76    0.0   2887     0 |    2.02   0.02  -0.01  -1.18
0  2.91e+06 5865.76 | 5512.15    0.0   2886     0 |    2.02   0.03   0.08  -1.18
0  2.96e+06 5865.76 | 5661.33    0.0   2887     0 |    1.94   0.03  -0.01  -1.17
0  3.01e+06 5865.76 | 5722.50    0.0   2887     0 |    1.97   0.03   0.18  -1.17
0  3.05e+06 5865.76 | 5667.73    0.0   2887     0 |    1.96   0.04  -0.01  -1.17
0  3.10e+06 5865.76 | 4707.72    0.0   2887     0 |    1.63   0.10  -0.02  -1.14
0  3.15e+06 5865.76 | 4735.37    0.0   2887     0 |    1.64   0.10   0.05  -1.12
0  3.19e+06 5865.76 | 4624.99    0.0   2887     0 |    1.65   0.10  -0.24  -1.08
0  3.24e+06 5865.76 | 4639.09    0.0   2887     0 |    1.61   0.06   0.02  -1.07
0  3.29e+06 5865.76 | 4672.27    0.0   2887     0 |    1.62   0.05  -0.02  -1.05
0  3.33e+06 5865.76 | 4706.58    0.0   2887     0 |    1.63   0.05  -0.03  -1.05
0  3.38e+06 5865.76 | 4831.92    0.0   2887     0 |    1.63   0.04  -0.13  -1.04
0  3.43e+06 5865.76 | 5018.00    0.0   2887     0 |    1.75   0.05  -0.16  -1.03
0  3.48e+06 5865.76 | 5137.56    0.0   2887     0 |    1.77   0.04   0.16  -1.03
0  3.52e+06 5865.76 | 5173.61    0.0   2887     0 |    1.79   0.04   0.04  -1.04
0  3.57e+06 5865.76 | 5213.76    0.0   2887     0 |    1.80   0.03   0.08  -1.06
0  3.62e+06 5865.76 | 5104.31    0.0   2887     0 |    1.81   0.04  -0.23  -1.06
0  3.67e+06 5865.76 | 5173.60    0.0   2887     0 |    1.78   0.05   0.05  -1.07
0  3.72e+06 5865.76 | 5259.80    0.0   2887     0 |    1.82   0.03   0.11  -1.07
0  3.78e+06 5865.76 | 5348.01    0.0   2887     0 |    1.84   0.06   0.01  -1.05
0  3.82e+06 5865.76 | 5524.91    0.0   2887     0 |    1.90   0.04   0.05  -1.06
0  3.87e+06 5865.76 | 5406.64    0.0   2887     0 |    1.86   0.03   0.01  -1.05
0  3.91e+06 5865.76 | 5520.51    0.0   2887     0 |    1.90   0.04   0.02  -1.06
0  3.96e+06 5865.76 | 5130.83    0.0   2887     0 |    1.78   0.04   0.02  -1.05
0  4.01e+06 5865.76 | 4539.99    0.0   2885     0 |    1.57   0.12   0.05  -1.05
0  4.06e+06 5865.76 | 4601.08    0.0   2885     0 |    1.59   0.12   0.00  -1.06
0  4.11e+06 5865.76 | 4637.16    0.0   2885     0 |    1.60   0.12   0.10  -1.07
