################################################################################
ID     Step    maxR |    avgR   stdR   avgS  stdS |    expR   objC   etc.
0  5.77e+03 4270.37 |
成功率：99.6%, 提交量大于阈值的概率：0.87143%, 超供率：97.3%, 超供程度：82.3%, 超供平均值：5.5, 方差：202.7
0  5.77e+03 4270.37 | 4270.37    0.0   2887     0 |    1.28   5.97  -0.01  -0.51
0  3.46e+04 4329.36 |
成功率：98.2%, 提交量大于阈值的概率：0.84400%, 超供率：96.5%, 超供程度：82.2%, 超供平均值：5.5, 方差：187.0
0  3.46e+04 4329.36 | 4329.36    0.0   2886     0 |    1.32   2.85   0.01  -0.50
0  6.35e+04 4541.86 |
成功率：98.9%, 提交量大于阈值的概率：0.84812%, 超供率：96.5%, 超供程度：80.8%, 超供平均值：5.5, 方差：173.6
0  6.35e+04 4541.86 | 4541.86    0.0   2886     0 |    1.40   2.63   0.00  -0.53
0  9.24e+04 4646.03 |
成功率：98.6%, 提交量大于阈值的概率：0.84930%, 超供率：96.1%, 超供程度：79.5%, 超供平均值：5.4, 方差：165.8
0  9.24e+04 4646.03 | 4646.03    0.0   2886     0 |    1.45   2.55   0.14  -0.55
0  1.21e+05 4695.57 |
成功率：98.6%, 提交量大于阈值的概率：0.85595%, 超供率：96.5%, 超供程度：79.8%, 超供平均值：5.4, 方差：162.1
0  1.21e+05 4695.57 | 4695.57    0.0   2885     0 |    1.48   2.44  -0.02  -0.56
0  1.50e+05 4737.91 |
成功率：98.6%, 提交量大于阈值的概率：0.85352%, 超供率：96.2%, 超供程度：79.1%, 超供平均值：5.4, 方差：160.3
0  1.50e+05 4737.91 | 4737.91    0.0   2887     0 |    1.50   2.88  -0.02  -0.58
0  1.79e+05 4760.61 |
成功率：98.6%, 提交量大于阈值的概率：0.84407%, 超供率：96.4%, 超供程度：78.7%, 超供平均值：5.3, 方差：158.9
0  1.79e+05 4760.61 | 4760.61    0.0   2886     0 |    1.51   2.40   0.02  -0.60
0  2.08e+05 4787.15 |
成功率：98.7%, 提交量大于阈值的概率：0.84879%, 超供率：96.6%, 超供程度：78.3%, 超供平均值：5.3, 方差：158.0
0  2.08e+05 4787.15 | 4787.15    0.0   2886     0 |    1.53   2.26   0.14  -0.61
0  2.37e+05 4853.83 |
成功率：98.6%, 提交量大于阈值的概率：0.83603%, 超供率：96.3%, 超供程度：77.5%, 超供平均值：5.2, 方差：154.3
0  2.37e+05 4853.83 | 4853.83    0.0   2886     0 |    1.56   2.01  -0.05  -0.63
0  2.66e+05 4911.43 |
成功率：98.6%, 提交量大于阈值的概率：0.85598%, 超供率：96.3%, 超供程度：76.5%, 超供平均值：5.2, 方差：152.2
0  2.66e+05 4911.43 | 4911.43    0.0   2886     0 |    1.57   2.48   0.05  -0.65
0  2.94e+05 4943.52 |
成功率：98.5%, 提交量大于阈值的概率：0.84203%, 超供率：96.1%, 超供程度：76.2%, 超供平均值：5.1, 方差：150.4
0  2.94e+05 4943.52 | 4943.52    0.0   2886     0 |    1.59   2.10   0.13  -0.66
0  3.23e+05 5025.54 |
成功率：98.0%, 提交量大于阈值的概率：0.82142%, 超供率：95.2%, 超供程度：74.5%, 超供平均值：5.0, 方差：143.2
0  3.23e+05 5025.54 | 5025.54    0.0   2886     0 |    1.61   1.95   0.08  -0.68
0  3.52e+05 5094.62 |
成功率：97.6%, 提交量大于阈值的概率：0.77883%, 超供率：94.2%, 超供程度：72.5%, 超供平均值：4.9, 方差：138.8
0  3.52e+05 5094.62 | 5094.62    0.0   2886     0 |    1.63   1.94   0.05  -0.70
0  3.81e+05 5115.60 |
成功率：97.4%, 提交量大于阈值的概率：0.73558%, 超供率：93.9%, 超供程度：72.3%, 超供平均值：4.9, 方差：137.4
0  3.81e+05 5115.60 | 5115.60    0.0   2886     0 |    1.64   2.03  -0.02  -0.72
0  4.10e+05 5167.08 |
成功率：97.2%, 提交量大于阈值的概率：0.75673%, 超供率：93.3%, 超供程度：71.6%, 超供平均值：4.9, 方差：134.0
0  4.10e+05 5167.08 | 5167.08    0.0   2886     0 |    1.66   1.95  -0.03  -0.74
0  4.39e+05 5264.76 |
成功率：96.0%, 提交量大于阈值的概率：0.57364%, 超供率：91.1%, 超供程度：67.6%, 超供平均值：4.6, 方差：123.2
0  4.39e+05 5264.76 | 5264.76    0.0   2886     0 |    1.68   1.79  -0.06  -0.76
0  4.68e+05 5356.36 |
成功率：94.9%, 提交量大于阈值的概率：0.40872%, 超供率：88.9%, 超供程度：65.3%, 超供平均值：4.4, 方差：113.1
0  4.68e+05 5356.36 | 5356.36    0.0   2886     0 |    1.71   1.65   0.06  -0.79
0  4.91e+05 5387.02 |
成功率：94.9%, 提交量大于阈值的概率：0.40231%, 超供率：89.0%, 超供程度：65.9%, 超供平均值：4.5, 方差：112.1
0  4.91e+05 5387.02 | 5387.02    0.0   2887     0 |    1.71   1.59   0.06  -0.81
0  5.20e+05 5394.77 |
成功率：95.0%, 提交量大于阈值的概率：0.42090%, 超供率：88.5%, 超供程度：65.6%, 超供平均值：4.5, 方差：113.1
0  5.20e+05 5394.77 | 5394.77    0.0   2886     0 |    1.73   1.68   0.06  -0.83
0  5.48e+05 5419.10 |
成功率：94.9%, 提交量大于阈值的概率：0.38808%, 超供率：88.2%, 超供程度：64.8%, 超供平均值：4.4, 方差：112.4
0  5.48e+05 5419.10 | 5419.10    0.0   2887     0 |    1.74   1.83  -0.02  -0.85
0  5.71e+05 5419.10 | 5409.85    0.0   2887     0 |    1.74   1.50   0.01  -0.86
0  6.23e+05 5435.25 |
成功率：94.1%, 提交量大于阈值的概率：0.21530%, 超供率：86.1%, 超供程度：62.2%, 超供平均值：4.2, 方差：106.5
0  6.23e+05 5435.25 | 5435.25    0.0   2887     0 |    1.76   1.60   0.00  -0.90
0  6.52e+05 5435.25 | 5427.86    0.0   2887     0 |    1.76   1.42   0.07  -0.92
0  7.04e+05 5465.62 |
成功率：94.9%, 提交量大于阈值的概率：0.35274%, 超供率：87.2%, 超供程度：63.1%, 超供平均值：4.3, 方差：111.0
0  7.04e+05 5465.62 | 5465.62    0.0   2887     0 |    1.78   1.69   0.11  -0.96
0  7.33e+05 5465.62 | 5458.90    0.0   2887     0 |    1.78   1.73  -0.00  -0.98
0  7.85e+05 5495.19 |
成功率：94.7%, 提交量大于阈值的概率：0.30937%, 超供率：85.8%, 超供程度：62.3%, 超供平均值：4.2, 方差：109.2
0  7.85e+05 5495.19 | 5495.19    0.0   2887     0 |    1.79   1.57   0.08  -1.01
0  8.08e+05 5500.19 |
成功率：94.9%, 提交量大于阈值的概率：0.32408%, 超供率：85.9%, 超供程度：62.4%, 超供平均值：4.2, 方差：110.4
0  8.08e+05 5500.19 | 5500.19    0.0   2887     0 |    1.80   1.25   0.07  -1.03
0  8.37e+05 5500.19 | 5466.84    0.0   2887     0 |    1.81   1.67  -0.06  -1.05
0  8.89e+05 5500.19 | 5482.51    0.0   2887     0 |    1.82   1.45  -0.04  -1.09
0  9.41e+05 5514.28 |
成功率：95.0%, 提交量大于阈值的概率：0.33613%, 超供率：84.7%, 超供程度：61.6%, 超供平均值：4.2, 方差：111.2
0  9.41e+05 5514.28 | 5514.28    0.0   2887     0 |    1.82   1.66   0.06  -1.11
0  9.70e+05 5514.28 | 5482.64    0.0   2887     0 |    1.82   1.42   0.05  -1.11
0  1.02e+06 5540.32 |
成功率：94.6%, 提交量大于阈值的概率：0.23416%, 超供率：82.7%, 超供程度：60.3%, 超供平均值：4.1, 方差：108.1
0  1.02e+06 5540.32 | 5540.32    0.0   2887     0 |    1.83   1.20   0.08  -1.13
0  1.04e+06 5540.32 | 5538.71    0.0   2887     0 |    1.83   1.61   0.05  -1.13
0  1.10e+06 5540.32 | 5539.14    0.0   2887     0 |    1.85   1.45  -0.00  -1.15
0  1.15e+06 5540.32 | 5531.99    0.0   2887     0 |    1.84   1.53   0.03  -1.15
0  1.20e+06 5588.73 |
成功率：94.9%, 提交量大于阈值的概率：0.24887%, 超供率：81.0%, 超供程度：58.3%, 超供平均值：4.0, 方差：108.5
0  1.20e+06 5588.73 | 5588.73    0.0   2887     0 |    1.85   1.33   0.06  -1.16
0  1.23e+06 5588.73 | 5577.53    0.0   2887     0 |    1.85   1.72   0.02  -1.16
0  1.28e+06 5588.73 | 5560.31    0.0   2887     0 |    1.86   1.47   0.17  -1.15
0  1.33e+06 5588.73 | 5544.06    0.0   2887     0 |    1.86   1.39   0.02  -1.15
0  1.39e+06 5588.73 | 5579.39    0.0   2887     0 |    1.86   1.30   0.02  -1.16
0  1.44e+06 5597.48 |
成功率：94.3%, 提交量大于阈值的概率：0.19569%, 超供率：75.8%, 超供程度：54.1%, 超供平均值：3.7, 方差：105.4
0  1.44e+06 5597.48 | 5597.48    0.0   2887     0 |    1.87   1.28   0.01  -1.16
0  1.46e+06 5616.79 |
成功率：94.6%, 提交量大于阈值的概率：0.22287%, 超供率：76.3%, 超供程度：54.5%, 超供平均值：3.7, 方差：107.3
0  1.46e+06 5616.79 | 5616.79    0.0   2887     0 |    1.88   1.25   0.08  -1.17
0  1.49e+06 5616.79 | 5588.48    0.0   2887     0 |    1.87   1.28   0.03  -1.17
0  1.54e+06 5616.79 | 5593.23    0.0   2887     0 |    1.89   1.24   0.00  -1.17
0  1.59e+06 5635.08 |
成功率：94.0%, 提交量大于阈值的概率：0.19627%, 超供率：69.9%, 超供程度：48.7%, 超供平均值：3.3, 方差：102.9
0  1.59e+06 5635.08 | 5635.08    0.0   2887     0 |    1.90   1.32   0.02  -1.17
0  1.62e+06 5649.41 |
成功率：94.3%, 提交量大于阈值的概率：0.21292%, 超供率：70.9%, 超供程度：49.8%, 超供平均值：3.4, 方差：105.0
0  1.62e+06 5649.41 | 5649.41    0.0   2887     0 |    1.90   1.18   0.02  -1.18
0  1.64e+06 5664.81 |
成功率：94.3%, 提交量大于阈值的概率：0.24836%, 超供率：70.1%, 超供程度：48.3%, 超供平均值：3.3, 方差：104.7
0  1.64e+06 5664.81 | 5664.81    0.0   2887     0 |    1.90   1.29   0.02  -1.18
0  1.66e+06 5668.78 |
成功率：94.1%, 提交量大于阈值的概率：0.19122%, 超供率：69.5%, 超供程度：48.1%, 超供平均值：3.3, 方差：102.8
0  1.66e+06 5668.78 | 5668.78    0.0   2887     0 |    1.91   1.14   0.04  -1.17
0  1.69e+06 5668.78 | 5653.24    0.0   2887     0 |    1.91   1.52   0.04  -1.16
0  1.74e+06 5690.41 |
成功率：94.2%, 提交量大于阈值的概率：0.26107%, 超供率：67.1%, 超供程度：45.3%, 超供平均值：3.1, 方差：103.1
0  1.74e+06 5690.41 | 5690.41    0.0   2887     0 |    1.92   1.37   0.08  -1.17
0  1.76e+06 5690.67 |
成功率：94.4%, 提交量大于阈值的概率：0.28252%, 超供率：67.2%, 超供程度：45.4%, 超供平均值：3.1, 方差：104.7
0  1.76e+06 5690.67 | 5690.67    0.0   2887     0 |    1.92   1.22  -0.02  -1.16
0  1.78e+06 5728.93 |
成功率：94.8%, 提交量大于阈值的概率：0.29664%, 超供率：70.1%, 超供程度：47.5%, 超供平均值：3.2, 方差：106.8
0  1.78e+06 5728.93 | 5728.93    0.0   2887     0 |    1.93   1.34   0.11  -1.16
0  1.81e+06 5739.57 |
成功率：94.7%, 提交量大于阈值的概率：0.26730%, 超供率：69.0%, 超供程度：46.9%, 超供平均值：3.2, 方差：106.0
0  1.81e+06 5739.57 | 5739.57    0.0   2887     0 |    1.93   1.18  -0.00  -1.16
0  1.83e+06 5750.53 |
成功率：95.2%, 提交量大于阈值的概率：0.31264%, 超供率：69.7%, 超供程度：47.7%, 超供平均值：3.2, 方差：109.1
0  1.83e+06 5750.53 | 5750.53    0.0   2887     0 |    1.93   1.21   0.12  -1.16
0  1.86e+06 5761.83 |
成功率：95.5%, 提交量大于阈值的概率：0.37690%, 超供率：70.5%, 超供程度：47.2%, 超供平均值：3.2, 方差：111.4
0  1.86e+06 5761.83 | 5761.83    0.0   2887     0 |    1.93   1.46  -0.04  -1.16
0  1.88e+06 5761.83 | 5757.45    0.0   2887     0 |    1.93   1.35   0.17  -1.17
0  1.93e+06 5761.83 | 5758.72    0.0   2887     0 |    1.94   1.37   0.02  -1.16
0  1.99e+06 5771.13 |
成功率：94.9%, 提交量大于阈值的概率：0.31750%, 超供率：67.0%, 超供程度：45.1%, 超供平均值：3.1, 方差：106.8
0  1.99e+06 5771.13 | 5771.13    0.0   2887     0 |    1.94   1.08   0.04  -1.16
0  2.01e+06 5780.91 |
成功率：95.2%, 提交量大于阈值的概率：0.37736%, 超供率：66.7%, 超供程度：44.4%, 超供平均值：3.0, 方差：108.8
0  2.01e+06 5780.91 | 5780.91    0.0   2887     0 |    1.95   1.04   0.03  -1.16
0  2.03e+06 5781.25 |
成功率：95.9%, 提交量大于阈值的概率：0.46889%, 超供率：69.3%, 超供程度：45.9%, 超供平均值：3.1, 方差：113.6
0  2.03e+06 5781.25 | 5781.25    0.0   2887     0 |    1.95   1.24   0.04  -1.16
0  2.06e+06 5794.14 |
成功率：95.5%, 提交量大于阈值的概率：0.41851%, 超供率：67.8%, 超供程度：45.1%, 超供平均值：3.1, 方差：110.8
0  2.06e+06 5794.14 | 5794.14    0.0   2887     0 |    1.95   1.43   0.06  -1.16
0  2.08e+06 5794.14 | 5789.80    0.0   2887     0 |    1.95   1.37   0.06  -1.17
0  2.13e+06 5794.14 | 5789.50    0.0   2887     0 |    1.95   1.26   0.05  -1.17
0  2.18e+06 5801.04 |
成功率：95.4%, 提交量大于阈值的概率：0.38034%, 超供率：68.6%, 超供程度：46.0%, 超供平均值：3.1, 方差：109.4
0  2.18e+06 5801.04 | 5801.04    0.0   2887     0 |    1.95   1.54  -0.06  -1.15
0  2.21e+06 5801.04 | 5792.78    0.0   2887     0 |    1.94   1.29   0.02  -1.15
0  2.26e+06 5801.04 | 5782.17    0.0   2887     0 |    1.95   1.24   0.09  -1.15
0  2.31e+06 5801.04 | 5782.00    0.0   2887     0 |    1.95   1.27   0.04  -1.15
0  2.36e+06 5801.04 | 5788.82    0.0   2887     0 |    1.96   1.32   0.04  -1.16
0  2.41e+06 5801.04 | 5797.08    0.0   2887     0 |    1.96   1.26   0.10  -1.16
0  2.47e+06 5806.56 |
成功率：94.9%, 提交量大于阈值的概率：0.28674%, 超供率：65.4%, 超供程度：44.8%, 超供平均值：3.0, 方差：106.4
0  2.47e+06 5806.56 | 5806.56    0.0   2887     0 |    1.96   1.40   0.06  -1.15
0  2.49e+06 5806.56 | 5798.48    0.0   2887     0 |    1.95   1.39   0.10  -1.15
0  2.54e+06 5806.56 | 5785.02    0.0   2887     0 |    1.95   1.19   0.02  -1.16
0  2.59e+06 5806.56 | 5790.22    0.0   2887     0 |    1.96   1.40   0.04  -1.16
0  2.64e+06 5806.56 | 5796.25    0.0   2887     0 |    1.96   1.35  -0.00  -1.14
0  2.70e+06 5815.58 |
成功率：94.9%, 提交量大于阈值的概率：0.31551%, 超供率：63.1%, 超供程度：43.1%, 超供平均值：2.9, 方差：106.5
0  2.70e+06 5815.58 | 5815.58    0.0   2887     0 |    1.97   1.19   0.06  -1.14
0  2.72e+06 5826.75 |
成功率：95.0%, 提交量大于阈值的概率：0.33049%, 超供率：63.7%, 超供程度：43.0%, 超供平均值：2.9, 方差：106.9
0  2.72e+06 5826.75 | 5826.75    0.0   2887     0 |    1.97   1.18   0.00  -1.13
0  2.74e+06 5826.75 | 5823.00    0.0   2887     0 |    1.97   1.26   0.08  -1.13
0  2.79e+06 5844.51 |
成功率：95.2%, 提交量大于阈值的概率：0.36675%, 超供率：64.5%, 超供程度：43.6%, 超供平均值：2.9, 方差：108.1
0  2.79e+06 5844.51 | 5844.51    0.0   2887     0 |    1.97   1.27   0.08  -1.13
0  2.82e+06 5844.51 | 5837.21    0.0   2887     0 |    1.97   1.36  -0.00  -1.14
0  2.87e+06 5844.51 | 5830.56    0.0   2887     0 |    1.98   1.31  -0.02  -1.15
0  2.92e+06 5844.51 | 5830.26    0.0   2887     0 |    1.98   1.31  -0.02  -1.14
0  2.97e+06 5849.99 |
成功率：95.0%, 提交量大于阈值的概率：0.37025%, 超供率：59.7%, 超供程度：40.6%, 超供平均值：2.7, 方差：107.5
0  2.97e+06 5849.99 | 5849.99    0.0   2887     0 |    1.99   1.12   0.03  -1.14
0  3.00e+06 5853.75 |
成功率：94.8%, 提交量大于阈值的概率：0.30436%, 超供率：59.7%, 超供程度：40.5%, 超供平均值：2.7, 方差：105.8
0  3.00e+06 5853.75 | 5853.75    0.0   2887     0 |    1.99   1.51   0.01  -1.14
0  3.02e+06 5853.75 | 5845.99    0.0   2887     0 |    1.99   0.99   0.07  -1.15
0  3.07e+06 5853.75 | 5833.32    0.0   2887     0 |    1.99   1.19   0.04  -1.14
0  3.12e+06 5853.75 | 5842.42    0.0   2887     0 |    1.98   1.29   0.04  -1.14
0  3.18e+06 5853.75 | 5843.90    0.0   2887     0 |    1.99   1.36   0.16  -1.15
0  3.23e+06 5853.75 | 5559.22    0.0   2887     0 |    1.90   1.32   0.09  -1.14
0  3.28e+06 5853.75 | 5766.07    0.0   2887     0 |    1.97   1.11  -0.00  -1.13
0  3.33e+06 5853.75 | 5806.66    0.0   2887     0 |    1.98   1.49   0.09  -1.13
0  3.38e+06 5853.75 | 5790.58    0.0   2887     0 |    1.98   1.22   0.12  -1.13
0  3.44e+06 5853.75 | 5757.27    0.0   2887     0 |    1.97   1.12  -0.10  -1.13
0  3.49e+06 5853.75 | 5814.11    0.0   2887     0 |    1.98   1.59  -0.02  -1.13
0  3.54e+06 5853.75 | 5835.20    0.0   2887     0 |    1.99   0.97   0.13  -1.14
0  3.59e+06 5866.98 |
成功率：94.7%, 提交量大于阈值的概率：0.26163%, 超供率：57.4%, 超供程度：40.2%, 超供平均值：2.7, 方差：104.5
0  3.59e+06 5866.98 | 5866.98    0.0   2887     0 |    1.99   1.27   0.10  -1.14
0  3.61e+06 5870.28 |
成功率：95.0%, 提交量大于阈值的概率：0.33498%, 超供率：57.6%, 超供程度：40.0%, 超供平均值：2.7, 方差：107.1
0  3.61e+06 5870.28 | 5870.28    0.0   2887     0 |    2.00   1.07   0.05  -1.15
0  3.64e+06 5880.07 |
成功率：95.0%, 提交量大于阈值的概率：0.31697%, 超供率：58.8%, 超供程度：40.5%, 超供平均值：2.7, 方差：106.5
0  3.64e+06 5880.07 | 5880.07    0.0   2887     0 |    2.00   1.10   0.08  -1.15
0  3.66e+06 5882.37 |
成功率：95.0%, 提交量大于阈值的概率：0.31145%, 超供率：57.9%, 超供程度：40.0%, 超供平均值：2.7, 方差：106.5
0  3.66e+06 5882.37 | 5882.37    0.0   2887     0 |    2.00   1.15   0.02  -1.15
0  3.68e+06 5882.37 | 5881.29    0.0   2887     0 |    2.00   1.12   0.03  -1.15
0  3.74e+06 5882.37 | 5876.28    0.0   2887     0 |    1.99   1.26  -0.00  -1.15
0  3.79e+06 5882.37 | 5876.40    0.0   2887     0 |    2.00   0.94  -0.01  -1.16
0  3.84e+06 5882.37 | 5872.48    0.0   2887     0 |    2.00   1.05   0.02  -1.16
0  3.89e+06 5882.37 | 5854.13    0.0   2887     0 |    1.99   1.17   0.11  -1.15
0  3.94e+06 5882.37 | 5863.41    0.0   2887     0 |    1.99   1.25  -0.01  -1.15
0  4.00e+06 5882.37 | 5763.42    0.0   2887     0 |    1.98   1.32  -0.01  -1.14
0  4.05e+06 5882.37 | 5835.68    0.0   2887     0 |    1.99   1.29   0.11  -1.14
0  4.10e+06 5882.37 | 5871.55    0.0   2887     0 |    2.01   1.15   0.00  -1.13
0  4.15e+06 5882.37 | 5879.81    0.0   2887     0 |    2.01   1.14   0.18  -1.12
