################################################################################
ID     Step    maxR |    avgR   stdR   avgS  stdS |    expR   objC   etc.
0  5.77e+03 4298.04 |
成功率：99.6%, 提交量大于阈值的概率：0.87515%, 超供率：97.3%, 超供程度：82.1%, 超供平均值：5.5, 方差：200.0
0  5.77e+03 4298.04 | 4298.04    0.0   2887     0 |    1.28   1.93  -0.06  -0.51
0  2.89e+04 4544.52 |
成功率：99.2%, 提交量大于阈值的概率：0.88047%, 超供率：97.2%, 超供程度：81.2%, 超供平均值：5.5, 方差：178.6
0  2.89e+04 4544.52 | 4544.52    0.0   2887     0 |    1.38   0.62  -0.08  -0.52
0  5.19e+04 4772.05 |
成功率：98.8%, 提交量大于阈值的概率：0.84410%, 超供率：96.6%, 超供程度：78.8%, 超供平均值：5.3, 方差：163.2
0  5.19e+04 4772.05 | 4772.05    0.0   2886     0 |    1.48   0.34  -0.06  -0.57
0  7.50e+04 4907.94 |
成功率：98.4%, 提交量大于阈值的概率：0.78782%, 超供率：95.9%, 超供程度：76.6%, 超供平均值：5.2, 方差：155.4
0  7.50e+04 4907.94 | 4907.94    0.0   2885     0 |    1.55   0.31  -0.04  -0.62
0  9.81e+04 5037.81 |
成功率：98.0%, 提交量大于阈值的概率：0.75488%, 超供率：95.3%, 超供程度：75.5%, 超供平均值：5.1, 方差：148.6
0  9.81e+04 5037.81 | 5037.81    0.0   2885     0 |    1.60   0.26  -0.03  -0.67
0  1.27e+05 5185.14 |
成功率：96.7%, 提交量大于阈值的概率：0.61527%, 超供率：93.0%, 超供程度：72.7%, 超供平均值：4.9, 方差：135.3
0  1.27e+05 5185.14 | 5185.14    0.0   2886     0 |    1.65   0.25   0.05  -0.75
0  1.50e+05 5297.42 |
成功率：95.2%, 提交量大于阈值的概率：0.41824%, 超供率：90.5%, 超供程度：70.8%, 超供平均值：4.8, 方差：120.5
0  1.50e+05 5297.42 | 5297.42    0.0   2886     0 |    1.70   0.22   0.06  -0.80
0  1.73e+05 5336.50 |
成功率：94.1%, 提交量大于阈值的概率：0.17692%, 超供率：88.8%, 超供程度：70.1%, 超供平均值：4.8, 方差：112.3
0  1.73e+05 5336.50 | 5336.50    0.0   2886     0 |    1.73   0.17   0.07  -0.86
0  1.96e+05 5336.50 | 5222.54    0.0   2886     0 |    1.74   0.16   0.04  -0.92
0  2.48e+05 5373.16 |
成功率：93.7%, 提交量大于阈值的概率：0.05695%, 超供率：86.5%, 超供程度：67.5%, 超供平均值：4.6, 方差：108.8
0  2.48e+05 5373.16 | 5373.16    0.0   2886     0 |    1.78   0.16   0.14  -1.04
0  2.71e+05 5422.92 |
成功率：94.1%, 提交量大于阈值的概率：0.09224%, 超供率：86.7%, 超供程度：67.7%, 超供平均值：4.6, 方差：111.8
0  2.71e+05 5422.92 | 5422.92    0.0   2886     0 |    1.79   0.13  -0.05  -1.09
0  2.94e+05 5422.92 | 5411.15    0.0   2886     0 |    1.81   0.11  -0.00  -1.14
0  3.46e+05 5435.82 |
成功率：93.9%, 提交量大于阈值的概率：0.07320%, 超供率：84.3%, 超供程度：65.0%, 超供平均值：4.4, 方差：110.0
0  3.46e+05 5435.82 | 5435.82    0.0   2887     0 |    1.83   0.14   0.01  -1.20
0  3.69e+05 5499.48 |
成功率：94.3%, 提交量大于阈值的概率：0.09112%, 超供率：84.0%, 超供程度：64.0%, 超供平均值：4.3, 方差：112.0
0  3.69e+05 5499.48 | 5499.48    0.0   2887     0 |    1.84   0.13   0.08  -1.22
0  3.93e+05 5533.96 |
成功率：94.6%, 提交量大于阈值的概率：0.09943%, 超供率：84.2%, 超供程度：64.2%, 超供平均值：4.3, 方差：113.5
0  3.93e+05 5533.96 | 5533.96    0.0   2886     0 |    1.84   0.11   0.03  -1.23
0  4.16e+05 5533.96 | 5513.82    0.0   2886     0 |    1.84   0.12   0.02  -1.23
0  4.68e+05 5588.44 |
成功率：94.9%, 提交量大于阈值的概率：0.15916%, 超供率：82.5%, 超供程度：62.2%, 超供平均值：4.2, 方差：115.1
0  4.68e+05 5588.44 | 5588.44    0.0   2886     0 |    1.87   0.14  -0.07  -1.24
0  4.91e+05 5600.05 |
成功率：95.2%, 提交量大于阈值的概率：0.21002%, 超供率：82.3%, 超供程度：62.1%, 超供平均值：4.2, 方差：117.6
0  4.91e+05 5600.05 | 5600.05    0.0   2887     0 |    1.87   0.12   0.04  -1.23
0  5.14e+05 5600.05 | 5570.79    0.0   2887     0 |    1.88   0.09   0.01  -1.24
0  5.66e+05 5647.37 |
成功率：95.2%, 提交量大于阈值的概率：0.19010%, 超供率：78.7%, 超供程度：59.5%, 超供平均值：4.0, 方差：117.5
0  5.66e+05 5647.37 | 5647.37    0.0   2887     0 |    1.89   0.11  -0.00  -1.24
0  5.83e+05 5653.54 |
成功率：95.1%, 提交量大于阈值的概率：0.18841%, 超供率：77.7%, 超供程度：58.7%, 超供平均值：4.0, 方差：116.9
0  5.83e+05 5653.54 | 5653.54    0.0   2887     0 |    1.90   0.07   0.05  -1.24
0  6.06e+05 5653.54 | 5651.84    0.0   2887     0 |    1.90   0.11  -0.05  -1.24
0  6.58e+05 5690.30 |
成功率：95.2%, 提交量大于阈值的概率：0.20986%, 超供率：76.1%, 超供程度：57.6%, 超供平均值：3.9, 方差：117.8
0  6.58e+05 5690.30 | 5690.30    0.0   2887     0 |    1.92   0.10  -0.02  -1.23
0  6.81e+05 5690.30 | 5686.16    0.0   2887     0 |    1.92   0.10   0.05  -1.24
0  7.33e+05 5732.98 |
成功率：95.4%, 提交量大于阈值的概率：0.27012%, 超供率：73.2%, 超供程度：54.9%, 超供平均值：3.7, 方差：117.9
0  7.33e+05 5732.98 | 5732.98    0.0   2887     0 |    1.93   0.09  -0.05  -1.24
0  7.56e+05 5753.85 |
成功率：95.6%, 提交量大于阈值的概率：0.25651%, 超供率：73.5%, 超供程度：55.8%, 超供平均值：3.8, 方差：119.0
0  7.56e+05 5753.85 | 5753.85    0.0   2887     0 |    1.94   0.09   0.05  -1.24
0  7.74e+05 5757.37 |
成功率：95.6%, 提交量大于阈值的概率：0.28569%, 超供率：72.8%, 超供程度：54.7%, 超供平均值：3.7, 方差：119.2
0  7.74e+05 5757.37 | 5757.37    0.0   2887     0 |    1.95   0.10   0.08  -1.23
0  7.97e+05 5769.54 |
成功率：95.6%, 提交量大于阈值的概率：0.27255%, 超供率：73.0%, 超供程度：54.6%, 超供平均值：3.7, 方差：119.1
0  7.97e+05 5769.54 | 5769.54    0.0   2887     0 |    1.95   0.13   0.08  -1.24
0  8.20e+05 5769.54 | 5761.62    0.0   2887     0 |    1.95   0.10  -0.02  -1.24
0  8.66e+05 5772.51 |
成功率：95.1%, 提交量大于阈值的概率：0.16462%, 超供率：70.1%, 超供程度：52.1%, 超供平均值：3.5, 方差：115.0
0  8.66e+05 5772.51 | 5772.51    0.0   2887     0 |    1.96   0.12   0.00  -1.23
0  8.89e+05 5780.41 |
成功率：95.5%, 提交量大于阈值的概率：0.22455%, 超供率：71.6%, 超供程度：54.1%, 超供平均值：3.6, 方差：117.7
0  8.89e+05 5780.41 | 5780.41    0.0   2887     0 |    1.96   0.08   0.15  -1.23
0  9.06e+05 5781.09 |
成功率：95.3%, 提交量大于阈值的概率：0.15573%, 超供率：71.6%, 超供程度：54.0%, 超供平均值：3.6, 方差：116.5
0  9.06e+05 5781.09 | 5781.09    0.0   2887     0 |    1.96   0.10   0.04  -1.23
0  9.29e+05 5794.52 |
成功率：95.8%, 提交量大于阈值的概率：0.29092%, 超供率：73.2%, 超供程度：54.8%, 超供平均值：3.7, 方差：119.8
0  9.29e+05 5794.52 | 5794.52    0.0   2887     0 |    1.96   0.08  -0.02  -1.24
0  9.53e+05 5794.52 | 5789.43    0.0   2887     0 |    1.96   0.08   0.03  -1.23
0  9.99e+05 5794.52 | 5791.45    0.0   2887     0 |    1.97   0.09   0.07  -1.23
0  1.05e+06 5802.42 |
成功率：95.5%, 提交量大于阈值的概率：0.24251%, 超供率：69.7%, 超供程度：52.6%, 超供平均值：3.5, 方差：118.2
0  1.05e+06 5802.42 | 5802.42    0.0   2887     0 |    1.97   0.10   0.09  -1.23
0  1.07e+06 5809.51 |
成功率：95.4%, 提交量大于阈值的概率：0.18022%, 超供率：69.8%, 超供程度：52.5%, 超供平均值：3.5, 方差：117.1
0  1.07e+06 5809.51 | 5809.51    0.0   2887     0 |    1.97   0.10   0.00  -1.23
0  1.10e+06 5809.51 | 5799.98    0.0   2887     0 |    1.98   0.09   0.06  -1.23
0  1.15e+06 5812.21 |
成功率：95.6%, 提交量大于阈值的概率：0.29051%, 超供率：68.2%, 超供程度：50.8%, 超供平均值：3.4, 方差：118.4
0  1.15e+06 5812.21 | 5812.21    0.0   2887     0 |    1.98   0.09   0.01  -1.24
0  1.17e+06 5812.21 | 5802.15    0.0   2887     0 |    1.98   0.09  -0.03  -1.23
0  1.22e+06 5818.05 |
成功率：95.6%, 提交量大于阈值的概率：0.28390%, 超供率：67.4%, 超供程度：50.7%, 超供平均值：3.4, 方差：118.6
0  1.22e+06 5818.05 | 5818.05    0.0   2887     0 |    1.98   0.11   0.09  -1.21
0  1.25e+06 5818.05 | 5805.01    0.0   2887     0 |    1.97   0.10   0.04  -1.22
0  1.29e+06 5834.45 |
成功率：95.4%, 提交量大于阈值的概率：0.21138%, 超供率：67.6%, 超供程度：50.9%, 超供平均值：3.4, 方差：117.4
0  1.29e+06 5834.45 | 5834.45    0.0   2887     0 |    1.99   0.09   0.01  -1.21
0  1.31e+06 5834.45 | 5832.67    0.0   2887     0 |    1.99   0.10  -0.04  -1.21
0  1.36e+06 5843.81 |
成功率：95.6%, 提交量大于阈值的概率：0.31499%, 超供率：64.6%, 超供程度：48.3%, 超供平均值：3.3, 方差：118.0
0  1.36e+06 5843.81 | 5843.81    0.0   2887     0 |    2.00   0.07  -0.06  -1.21
0  1.38e+06 5850.91 |
成功率：95.8%, 提交量大于阈值的概率：0.31923%, 超供率：65.4%, 超供程度：49.4%, 超供平均值：3.3, 方差：119.0
0  1.38e+06 5850.91 | 5850.91    0.0   2887     0 |    2.00   0.05  -0.07  -1.21
0  1.40e+06 5864.02 |
成功率：95.9%, 提交量大于阈值的概率：0.34334%, 超供率：65.7%, 超供程度：49.2%, 超供平均值：3.3, 方差：119.8
0  1.40e+06 5864.02 | 5864.02    0.0   2887     0 |    2.00   0.09   0.10  -1.21
0  1.43e+06 5874.41 |
成功率：95.8%, 提交量大于阈值的概率：0.27943%, 超供率：66.9%, 超供程度：50.2%, 超供平均值：3.4, 方差：119.2
0  1.43e+06 5874.41 | 5874.41    0.0   2887     0 |    2.00   0.09   0.03  -1.22
0  1.45e+06 5874.41 | 5771.12    0.0   2887     0 |    1.97   0.08   0.01  -1.22
0  1.50e+06 5874.41 | 5870.22    0.0   2887     0 |    1.99   0.09   0.07  -1.22
0  1.55e+06 5880.41 |
成功率：95.8%, 提交量大于阈值的概率：0.23688%, 超供率：67.1%, 超供程度：51.7%, 超供平均值：3.5, 方差：120.3
0  1.55e+06 5880.41 | 5880.41    0.0   2887     0 |    1.99   0.08  -0.07  -1.21
0  1.57e+06 5880.41 | 5864.05    0.0   2887     0 |    2.00   0.10  -0.07  -1.21
0  1.62e+06 5887.94 |
成功率：95.2%, 提交量大于阈值的概率：0.13681%, 超供率：61.5%, 超供程度：47.0%, 超供平均值：3.2, 方差：115.7
0  1.62e+06 5887.94 | 5887.94    0.0   2887     0 |    2.01   0.09   0.03  -1.20
0  1.64e+06 5899.89 |
成功率：95.4%, 提交量大于阈值的概率：0.16309%, 超供率：62.4%, 超供程度：47.4%, 超供平均值：3.2, 方差：116.4
0  1.64e+06 5899.89 | 5899.89    0.0   2887     0 |    2.02   0.09   0.01  -1.20
0  1.66e+06 5900.25 |
成功率：95.6%, 提交量大于阈值的概率：0.18920%, 超供率：63.5%, 超供程度：49.0%, 超供平均值：3.3, 方差：118.4
0  1.66e+06 5900.25 | 5900.25    0.0   2887     0 |    2.01   0.09   0.08  -1.20
0  1.68e+06 5900.25 | 5899.50    0.0   2887     0 |    2.01   0.08  -0.03  -1.19
0  1.73e+06 5921.69 |
成功率：95.9%, 提交量大于阈值的概率：0.27363%, 超供率：63.5%, 超供程度：48.3%, 超供平均值：3.3, 方差：119.6
0  1.73e+06 5921.69 | 5921.69    0.0   2887     0 |    2.02   0.09   0.09  -1.19
0  1.74e+06 5930.73 |
成功率：95.7%, 提交量大于阈值的概率：0.18246%, 超供率：63.1%, 超供程度：48.0%, 超供平均值：3.2, 方差：118.2
0  1.74e+06 5930.73 | 5930.73    0.0   2887     0 |    2.02   0.08  -0.11  -1.19
0  1.77e+06 5930.73 | 5918.72    0.0   2887     0 |    2.02   0.09   0.07  -1.19
0  1.82e+06 5930.73 | 5926.30    0.0   2887     0 |    2.02   0.10   0.07  -1.20
0  1.86e+06 5930.73 | 5927.22    0.0   2887     0 |    2.02   0.08   0.12  -1.20
0  1.92e+06 5930.73 | 5930.56    0.0   2887     0 |    2.02   0.09   0.12  -1.21
0  1.96e+06 5934.84 |
成功率：95.8%, 提交量大于阈值的概率：0.24353%, 超供率：62.9%, 超供程度：47.9%, 超供平均值：3.2, 方差：120.2
0  1.96e+06 5934.84 | 5934.84    0.0   2887     0 |    2.03   0.08  -0.06  -1.20
0  1.99e+06 5934.84 | 5933.25    0.0   2887     0 |    2.02   0.10  -0.02  -1.20
0  2.04e+06 5940.20 |
成功率：95.8%, 提交量大于阈值的概率：0.19446%, 超供率：63.7%, 超供程度：48.4%, 超供平均值：3.3, 方差：119.9
0  2.04e+06 5940.20 | 5940.20    0.0   2887     0 |    2.03   0.09   0.08  -1.19
0  2.06e+06 5940.20 | 5922.04    0.0   2887     0 |    2.03   0.07   0.08  -1.20
0  2.11e+06 5940.20 | 5228.25    0.0   2887     0 |    1.81   0.16   0.06  -1.19
0  2.15e+06 5940.20 | 5392.61    0.0   2887     0 |    1.85   0.13  -0.01  -1.17
0  2.20e+06 5940.20 | 5448.93    0.0   2887     0 |    1.87   0.12   0.11  -1.16
0  2.25e+06 5940.20 | 5553.41    0.0   2887     0 |    1.91   0.13   0.01  -1.16
0  2.30e+06 5940.20 | 5706.88    0.0   2887     0 |    1.95   0.09  -0.03  -1.16
0  2.34e+06 5940.20 | 5732.81    0.0   2887     0 |    1.96   0.11   0.15  -1.16
0  2.39e+06 5940.20 | 5446.12    0.0   2887     0 |    1.91   0.13  -0.11  -1.15
0  2.44e+06 5940.20 | 5479.85    0.0   2887     0 |    1.89   0.14   0.06  -1.16
0  2.49e+06 5940.20 | 5589.32    0.0   2887     0 |    1.92   0.09  -0.06  -1.16
0  2.53e+06 5940.20 | 5632.17    0.0   2887     0 |    1.93   0.12   0.02  -1.16
0  2.58e+06 5940.20 | 5662.67    0.0   2887     0 |    1.94   0.08  -0.01  -1.17
0  2.63e+06 5940.20 | 5657.11    0.0   2887     0 |    1.94   0.10  -0.02  -1.17
0  2.67e+06 5940.20 | 5115.77    0.0   2886     0 |    1.74   0.20  -0.06  -1.17
0  2.73e+06 5940.20 | 5458.81    0.0   2887     0 |    1.86   0.12   0.07  -1.18
0  2.78e+06 5940.20 | 5624.58    0.0   2887     0 |    1.93   0.09   0.03  -1.18
0  2.82e+06 5940.20 | 5574.27    0.0   2887     0 |    1.94   0.13  -0.03  -1.18
0  2.88e+06 5940.20 | 5482.75    0.0   2887     0 |    1.88   0.16   0.01  -1.19
0  2.92e+06 5940.20 | 5516.18    0.0   2887     0 |    1.90   0.18  -0.01  -1.17
0  2.97e+06 5940.20 | 5532.79    0.0   2887     0 |    1.89   0.17  -0.09  -1.17
0  3.01e+06 5940.20 | 5552.73    0.0   2887     0 |    1.90   0.16   0.01  -1.17
0  3.07e+06 5940.20 | 5576.96    0.0   2887     0 |    1.91   0.13   0.06  -1.16
0  3.11e+06 5940.20 | 5608.90    0.0   2887     0 |    1.92   0.13   0.07  -1.16
0  3.16e+06 5940.20 | 5614.99    0.0   2887     0 |    1.93   0.11   0.06  -1.17
0  3.21e+06 5940.20 | 5512.28    0.0   2887     0 |    1.88   0.17   0.08  -1.17
0  3.26e+06 5940.20 | 5575.74    0.0   2887     0 |    1.91   0.14   0.02  -1.16
0  3.30e+06 5940.20 | 5615.86    0.0   2887     0 |    1.93   0.13   0.06  -1.17
0  3.35e+06 5940.20 | 5662.69    0.0   2887     0 |    1.94   0.11   0.08  -1.17
0  3.40e+06 5940.20 | 5694.29    0.0   2887     0 |    1.95   0.11   0.13  -1.16
0  3.45e+06 5940.20 | 5756.64    0.0   2887     0 |    1.98   0.11   0.14  -1.18
0  3.50e+06 5940.20 | 5801.00    0.0   2887     0 |    1.99   0.09   0.02  -1.17
0  3.55e+06 5940.20 | 5815.28    0.0   2887     0 |    2.00   0.08   0.05  -1.18
0  3.59e+06 5940.20 | 5855.08    0.0   2887     0 |    2.01   0.08   0.07  -1.18
0  3.64e+06 5940.20 | 5872.15    0.0   2887     0 |    2.01   0.08   0.02  -1.18
0  3.69e+06 5940.20 | 5893.35    0.0   2887     0 |    2.02   0.07   0.03  -1.17
0  3.74e+06 5940.20 | 5694.28    0.0   2887     0 |    1.97   0.10   0.05  -1.17
0  3.79e+06 5940.20 | 5863.09    0.0   2887     0 |    2.01   0.08   0.07  -1.17
0  3.84e+06 5940.20 | 5775.77    0.0   2887     0 |    1.99   0.08   0.06  -1.17
0  3.89e+06 5940.20 | 5768.88    0.0   2887     0 |    1.96   0.10  -0.03  -1.16
0  3.94e+06 5940.20 | 5847.18    0.0   2887     0 |    2.00   0.08   0.17  -1.16
0  3.99e+06 5940.20 | 5863.01    0.0   2887     0 |    2.01   0.08   0.03  -1.17
0  4.04e+06 5940.20 | 5733.97    0.0   2887     0 |    1.97   0.08   0.02  -1.18
