################################################################################
ID     Step    maxR |    avgR   stdR   avgS  stdS |    expR   objC   etc.
0  5.77e+03 4257.59 |
成功率：99.6%, 提交量大于阈值的概率：0.86583%, 超供率：97.2%, 超供程度：82.3%, 超供平均值：5.6, 方差：204.0
0  5.77e+03 4257.59 | 4257.59    0.0   2887     0 |    1.28  16.28   0.01  -0.51
0  2.89e+04 4257.59 | 4104.13    0.0   2886     0 |    1.30  10.20  -0.02  -0.49
0  8.08e+04 4338.80 |
成功率：98.4%, 提交量大于阈值的概率：0.83943%, 超供率：96.4%, 超供程度：81.2%, 超供平均值：5.5, 方差：187.8
0  8.08e+04 4338.80 | 4338.80    0.0   2886     0 |    1.35   7.95  -0.05  -0.51
0  1.04e+05 4395.09 |
成功率：98.4%, 提交量大于阈值的概率：0.82398%, 超供率：96.3%, 超供程度：81.2%, 超供平均值：5.5, 方差：181.8
0  1.04e+05 4395.09 | 4395.09    0.0   2886     0 |    1.36   8.09  -0.07  -0.51
0  1.27e+05 4455.54 |
成功率：98.6%, 提交量大于阈值的概率：0.84233%, 超供率：96.9%, 超供程度：81.9%, 超供平均值：5.5, 方差：179.1
0  1.27e+05 4455.54 | 4455.54    0.0   2886     0 |    1.38   7.70   0.05  -0.53
0  1.50e+05 4483.80 |
成功率：98.5%, 提交量大于阈值的概率：0.84049%, 超供率：97.0%, 超供程度：81.8%, 超供平均值：5.5, 方差：175.6
0  1.50e+05 4483.80 | 4483.80    0.0   2886     0 |    1.40   9.32   0.01  -0.54
0  1.79e+05 4509.78 |
成功率：98.4%, 提交量大于阈值的概率：0.82986%, 超供率：97.1%, 超供程度：81.7%, 超供平均值：5.5, 方差：173.7
0  1.79e+05 4509.78 | 4509.78    0.0   2886     0 |    1.41   8.60   0.00  -0.56
0  2.08e+05 4550.23 |
成功率：98.5%, 提交量大于阈值的概率：0.82319%, 超供率：97.0%, 超供程度：81.2%, 超供平均值：5.5, 方差：170.3
0  2.08e+05 4550.23 | 4550.23    0.0   2886     0 |    1.43   7.36   0.02  -0.57
0  2.31e+05 4578.02 |
成功率：98.5%, 提交量大于阈值的概率：0.83831%, 超供率：96.8%, 超供程度：80.1%, 超供平均值：5.4, 方差：170.6
0  2.31e+05 4578.02 | 4578.02    0.0   2886     0 |    1.44   8.06   0.00  -0.57
0  2.54e+05 4599.05 |
成功率：98.4%, 提交量大于阈值的概率：0.83721%, 超供率：96.7%, 超供程度：79.9%, 超供平均值：5.4, 方差：169.6
0  2.54e+05 4599.05 | 4599.05    0.0   2886     0 |    1.45   8.15   0.03  -0.58
0  2.77e+05 4599.05 | 4598.23    0.0   2885     0 |    1.46   6.66   0.07  -0.59
0  3.29e+05 4617.99 |
成功率：98.3%, 提交量大于阈值的概率：0.82328%, 超供率：96.4%, 超供程度：78.9%, 超供平均值：5.3, 方差：169.2
0  3.29e+05 4617.99 | 4617.99    0.0   2885     0 |    1.46   7.35   0.13  -0.59
0  3.52e+05 4618.70 |
成功率：98.4%, 提交量大于阈值的概率：0.82494%, 超供率：96.4%, 超供程度：78.9%, 超供平均值：5.3, 方差：169.1
0  3.52e+05 4618.70 | 4618.70    0.0   2885     0 |    1.48   7.42  -0.01  -0.60
0  3.75e+05 4649.48 |
成功率：98.3%, 提交量大于阈值的概率：0.81584%, 超供率：96.3%, 超供程度：78.4%, 超供平均值：5.3, 方差：167.3
0  3.75e+05 4649.48 | 4649.48    0.0   2885     0 |    1.47   9.34  -0.02  -0.61
0  3.98e+05 4692.55 |
成功率：98.3%, 提交量大于阈值的概率：0.82245%, 超供率：96.3%, 超供程度：78.5%, 超供平均值：5.3, 方差：164.0
0  3.98e+05 4692.55 | 4692.55    0.0   2885     0 |    1.48   7.11  -0.04  -0.62
0  4.21e+05 4707.06 |
成功率：98.3%, 提交量大于阈值的概率：0.80814%, 超供率：96.2%, 超供程度：78.3%, 超供平均值：5.3, 方差：163.5
0  4.21e+05 4707.06 | 4707.06    0.0   2885     0 |    1.49   7.24   0.03  -0.63
0  4.44e+05 4707.06 | 4702.22    0.0   2885     0 |    1.49   8.01  -0.04  -0.63
0  4.96e+05 4707.06 | 4691.79    0.0   2886     0 |    1.51   7.73   0.03  -0.66
0  5.48e+05 4757.65 |
成功率：98.3%, 提交量大于阈值的概率：0.82705%, 超供率：96.4%, 超供程度：77.4%, 超供平均值：5.2, 方差：161.9
0  5.48e+05 4757.65 | 4757.65    0.0   2886     0 |    1.52   6.77   0.15  -0.70
0  5.71e+05 4785.50 |
成功率：98.4%, 提交量大于阈值的概率：0.83725%, 超供率：96.3%, 超供程度：77.9%, 超供平均值：5.3, 方差：160.3
0  5.71e+05 4785.50 | 4785.50    0.0   2886     0 |    1.53   7.74   0.02  -0.72
0  5.94e+05 4792.82 |
成功率：98.4%, 提交量大于阈值的概率：0.83319%, 超供率：96.1%, 超供程度：77.3%, 超供平均值：5.2, 方差：160.0
0  5.94e+05 4792.82 | 4792.82    0.0   2886     0 |    1.55   7.81   0.00  -0.74
0  6.18e+05 4835.78 |
成功率：98.2%, 提交量大于阈值的概率：0.79806%, 超供率：95.8%, 超供程度：76.0%, 超供平均值：5.2, 方差：156.8
0  6.18e+05 4835.78 | 4835.78    0.0   2886     0 |    1.56   7.95   0.06  -0.74
0  6.41e+05 4836.97 |
成功率：98.1%, 提交量大于阈值的概率：0.80024%, 超供率：95.7%, 超供程度：75.2%, 超供平均值：5.1, 方差：156.3
0  6.41e+05 4836.97 | 4836.97    0.0   2886     0 |    1.56   7.05   0.07  -0.74
0  6.64e+05 4848.95 |
成功率：98.0%, 提交量大于阈值的概率：0.81187%, 超供率：95.5%, 超供程度：75.1%, 超供平均值：5.1, 方差：154.8
0  6.64e+05 4848.95 | 4848.95    0.0   2886     0 |    1.57   7.89   0.05  -0.75
0  6.87e+05 4855.88 |
成功率：97.8%, 提交量大于阈值的概率：0.77932%, 超供率：95.2%, 超供程度：74.1%, 超供平均值：5.1, 方差：154.3
0  6.87e+05 4855.88 | 4855.88    0.0   2886     0 |    1.57   8.06   0.03  -0.76
0  7.10e+05 4855.96 |
成功率：97.9%, 提交量大于阈值的概率：0.79800%, 超供率：95.4%, 超供程度：74.3%, 超供平均值：5.1, 方差：155.1
0  7.10e+05 4855.96 | 4855.96    0.0   2886     0 |    1.57   6.89   0.12  -0.76
0  7.33e+05 4869.77 |
成功率：97.9%, 提交量大于阈值的概率：0.79474%, 超供率：95.3%, 超供程度：74.2%, 超供平均值：5.0, 方差：153.9
0  7.33e+05 4869.77 | 4869.77    0.0   2886     0 |    1.57   7.98   0.07  -0.77
0  7.56e+05 4869.77 | 4863.67    0.0   2886     0 |    1.57   6.78   0.12  -0.78
0  8.02e+05 4874.43 |
成功率：97.8%, 提交量大于阈值的概率：0.80947%, 超供率：95.2%, 超供程度：74.8%, 超供平均值：5.1, 方差：151.7
0  8.02e+05 4874.43 | 4874.43    0.0   2885     0 |    1.58   7.22   0.02  -0.80
0  8.25e+05 4912.48 |
成功率：97.7%, 提交量大于阈值的概率：0.78918%, 超供率：95.0%, 超供程度：74.0%, 超供平均值：5.0, 方差：149.9
0  8.25e+05 4912.48 | 4912.48    0.0   2885     0 |    1.59   6.94   0.06  -0.81
0  8.48e+05 4913.38 |
成功率：97.5%, 提交量大于阈值的概率：0.77109%, 超供率：94.9%, 超供程度：74.0%, 超供平均值：5.0, 方差：149.6
0  8.48e+05 4913.38 | 4913.38    0.0   2885     0 |    1.59   6.55   0.06  -0.81
0  8.71e+05 4941.26 |
成功率：97.2%, 提交量大于阈值的概率：0.72560%, 超供率：94.5%, 超供程度：72.5%, 超供平均值：5.0, 方差：146.6
0  8.71e+05 4941.26 | 4941.26    0.0   2885     0 |    1.61   7.48   0.06  -0.82
0  8.95e+05 4950.07 |
成功率：97.3%, 提交量大于阈值的概率：0.77193%, 超供率：94.6%, 超供程度：73.2%, 超供平均值：5.0, 方差：145.7
0  8.95e+05 4950.07 | 4950.07    0.0   2886     0 |    1.61   6.53   0.12  -0.83
0  9.18e+05 4973.63 |
成功率：97.1%, 提交量大于阈值的概率：0.73981%, 超供率：94.4%, 超供程度：72.9%, 超供平均值：5.0, 方差：143.4
0  9.18e+05 4973.63 | 4973.63    0.0   2886     0 |    1.61   6.39   0.14  -0.83
0  9.41e+05 4999.62 |
成功率：97.1%, 提交量大于阈值的概率：0.74365%, 超供率：94.4%, 超供程度：73.2%, 超供平均值：5.0, 方差：141.3
0  9.41e+05 4999.62 | 4999.62    0.0   2885     0 |    1.62   6.69  -0.03  -0.84
0  9.64e+05 5020.35 |
成功率：96.9%, 提交量大于阈值的概率：0.72959%, 超供率：94.2%, 超供程度：72.6%, 超供平均值：5.0, 方差：140.7
0  9.64e+05 5020.35 | 5020.35    0.0   2885     0 |    1.63   6.04   0.13  -0.86
0  9.87e+05 5020.35 | 5013.08    0.0   2885     0 |    1.64   6.65   0.08  -0.87
0  1.04e+06 5070.50 |
成功率：95.9%, 提交量大于阈值的概率：0.60811%, 超供率：93.1%, 超供程度：71.0%, 超供平均值：4.9, 方差：131.9
0  1.04e+06 5070.50 | 5070.50    0.0   2886     0 |    1.65   7.21  -0.00  -0.90
0  1.06e+06 5070.50 | 5062.68    0.0   2886     0 |    1.65   6.78   0.02  -0.90
0  1.11e+06 5081.90 |
成功率：96.0%, 提交量大于阈值的概率：0.62438%, 超供率：93.4%, 超供程度：71.0%, 超供平均值：4.9, 方差：132.2
0  1.11e+06 5081.90 | 5081.90    0.0   2886     0 |    1.66   7.27  -0.02  -0.89
0  1.14e+06 5081.90 | 5070.43    0.0   2886     0 |    1.67   6.76   0.05  -0.90
0  1.18e+06 5081.90 | 5079.86    0.0   2886     0 |    1.67   7.62   0.00  -0.91
0  1.24e+06 5081.90 | 5081.74    0.0   2886     0 |    1.66   6.49  -0.04  -0.92
0  1.28e+06 5100.25 |
成功率：96.3%, 提交量大于阈值的概率：0.69298%, 超供率：93.6%, 超供程度：71.6%, 超供平均值：4.9, 方差：134.3
0  1.28e+06 5100.25 | 5100.25    0.0   2885     0 |    1.67   6.68   0.03  -0.94
0  1.30e+06 5109.35 |
成功率：96.3%, 提交量大于阈值的概率：0.71206%, 超供率：93.6%, 超供程度：71.7%, 超供平均值：4.9, 方差：132.9
0  1.30e+06 5109.35 | 5109.35    0.0   2885     0 |    1.67   7.30  -0.04  -0.95
0  1.33e+06 5109.35 | 5092.02    0.0   2885     0 |    1.67   6.77   0.02  -0.96
0  1.37e+06 5116.89 |
成功率：96.3%, 提交量大于阈值的概率：0.68471%, 超供率：93.4%, 超供程度：71.7%, 超供平均值：4.9, 方差：133.4
0  1.37e+06 5116.89 | 5116.89    0.0   2886     0 |    1.68   6.39   0.04  -0.97
0  1.40e+06 5121.87 |
成功率：96.1%, 提交量大于阈值的概率：0.64356%, 超供率：93.1%, 超供程度：71.1%, 超供平均值：4.8, 方差：132.4
0  1.40e+06 5121.87 | 5121.87    0.0   2886     0 |    1.68   5.84   0.04  -0.98
0  1.42e+06 5130.91 |
成功率：95.7%, 提交量大于阈值的概率：0.62083%, 超供率：92.6%, 超供程度：70.7%, 超供平均值：4.8, 方差：128.9
0  1.42e+06 5130.91 | 5130.91    0.0   2886     0 |    1.68   5.85   0.14  -0.99
0  1.44e+06 5151.20 |
成功率：95.6%, 提交量大于阈值的概率：0.55281%, 超供率：92.4%, 超供程度：70.4%, 超供平均值：4.8, 方差：127.9
0  1.44e+06 5151.20 | 5151.20    0.0   2886     0 |    1.68   5.77   0.09  -0.99
0  1.47e+06 5151.20 | 5131.15    0.0   2886     0 |    1.68   5.92   0.12  -0.99
0  1.52e+06 5151.20 | 5125.39    0.0   2886     0 |    1.69   6.46   0.03  -1.00
0  1.56e+06 5153.54 |
成功率：95.4%, 提交量大于阈值的概率：0.56018%, 超供率：92.0%, 超供程度：70.7%, 超供平均值：4.8, 方差：125.0
0  1.56e+06 5153.54 | 5153.54    0.0   2886     0 |    1.69   6.49  -0.04  -1.02
0  1.59e+06 5159.21 |
成功率：95.0%, 提交量大于阈值的概率：0.51305%, 超供率：91.5%, 超供程度：70.9%, 超供平均值：4.8, 方差：121.4
0  1.59e+06 5159.21 | 5159.21    0.0   2886     0 |    1.70   5.84   0.09  -1.03
0  1.61e+06 5181.11 |
成功率：94.3%, 提交量大于阈值的概率：0.41633%, 超供率：90.6%, 超供程度：70.2%, 超供平均值：4.8, 方差：115.4
0  1.61e+06 5181.11 | 5181.11    0.0   2886     0 |    1.70   6.35   0.11  -1.04
0  1.63e+06 5181.11 | 5167.84    0.0   2886     0 |    1.70   7.16   0.00  -1.04
0  1.69e+06 5193.26 |
成功率：94.3%, 提交量大于阈值的概率：0.41151%, 超供率：90.8%, 超供程度：70.1%, 超供平均值：4.8, 方差：114.4
0  1.69e+06 5193.26 | 5193.26    0.0   2885     0 |    1.71   7.03  -0.06  -1.04
0  1.71e+06 5201.71 |
成功率：94.1%, 提交量大于阈值的概率：0.39303%, 超供率：90.5%, 超供程度：69.6%, 超供平均值：4.8, 方差：112.9
0  1.71e+06 5201.71 | 5201.71    0.0   2886     0 |    1.71   6.37   0.00  -1.05
0  1.73e+06 5201.71 | 5185.95    0.0   2886     0 |    1.71   6.53   0.05  -1.06
0  1.78e+06 5201.71 | 5188.76    0.0   2885     0 |    1.72   7.12   0.00  -1.07
0  1.83e+06 5201.71 | 5171.70    0.0   2886     0 |    1.71   7.11   0.08  -1.08
0  1.88e+06 5201.71 | 5176.91    0.0   2886     0 |    1.72   6.54   0.08  -1.10
0  1.93e+06 5201.71 | 5200.95    0.0   2885     0 |    1.72   6.02   0.00  -1.10
0  1.99e+06 5220.55 |
成功率：94.1%, 提交量大于阈值的概率：0.35930%, 超供率：90.6%, 超供程度：68.6%, 超供平均值：4.7, 方差：111.8
0  1.99e+06 5220.55 | 5220.55    0.0   2886     0 |    1.73   6.38  -0.03  -1.11
0  2.01e+06 5220.55 | 5212.87    0.0   2886     0 |    1.73   6.72  -0.02  -1.10
0  2.06e+06 5220.55 | 5207.91    0.0   2886     0 |    1.72   5.94  -0.04  -1.12
0  2.11e+06 5220.55 | 5188.32    0.0   2887     0 |    1.72   5.78   0.14  -1.11
0  2.16e+06 5220.55 | 5207.76    0.0   2886     0 |    1.72   5.71   0.11  -1.12
0  2.21e+06 5236.47 |
成功率：94.5%, 提交量大于阈值的概率：0.44772%, 超供率：91.0%, 超供程度：70.2%, 超供平均值：4.8, 方差：114.2
0  2.21e+06 5236.47 | 5236.47    0.0   2886     0 |    1.72   6.16   0.07  -1.12
0  2.23e+06 5236.47 | 5223.90    0.0   2886     0 |    1.73   5.35   0.09  -1.13
0  2.29e+06 5236.47 | 5212.82    0.0   2886     0 |    1.73   6.56   0.00  -1.13
0  2.34e+06 5236.47 | 5214.37    0.0   2886     0 |    1.72   5.98   0.05  -1.13
0  2.39e+06 5236.47 | 5225.36    0.0   2886     0 |    1.73   6.42   0.03  -1.13
0  2.44e+06 5236.47 | 5215.95    0.0   2886     0 |    1.73   5.61  -0.00  -1.13
0  2.49e+06 5236.47 | 5230.86    0.0   2886     0 |    1.73   6.40   0.04  -1.14
0  2.54e+06 5236.47 | 5166.94    0.0   2887     0 |    1.73   5.57   0.11  -1.14
0  2.59e+06 5236.47 | 5169.71    0.0   2887     0 |    1.72   6.34  -0.07  -1.14
0  2.64e+06 5236.47 | 5179.15    0.0   2886     0 |    1.71   5.23   0.06  -1.14
0  2.69e+06 5236.47 | 5178.05    0.0   2886     0 |    1.72   5.89   0.07  -1.14
0  2.74e+06 5236.47 | 5203.07    0.0   2886     0 |    1.73   5.82   0.08  -1.14
0  2.79e+06 5236.47 | 5211.82    0.0   2886     0 |    1.73   5.12   0.06  -1.14
0  2.84e+06 5236.47 | 5217.17    0.0   2886     0 |    1.74   5.19   0.14  -1.14
0  2.89e+06 5236.47 | 5201.34    0.0   2886     0 |    1.74   5.68   0.11  -1.14
0  2.94e+06 5236.47 | 5196.36    0.0   2886     0 |    1.73   5.72  -0.04  -1.14
0  2.98e+06 5236.47 | 5214.52    0.0   2886     0 |    1.73   6.17   0.05  -1.14
0  3.04e+06 5236.47 | 4983.90    0.0   2886     0 |    1.67   6.14   0.15  -1.12
0  3.09e+06 5236.47 | 5006.90    0.0   2886     0 |    1.67   5.79   0.10  -1.12
0  3.13e+06 5236.47 | 5054.06    0.0   2886     0 |    1.69   6.32   0.03  -1.12
0  3.19e+06 5236.47 | 5112.16    0.0   2886     0 |    1.71   6.03   0.00  -1.13
0  3.24e+06 5236.47 | 5149.08    0.0   2886     0 |    1.72   5.50   0.07  -1.14
0  3.28e+06 5236.47 | 5134.94    0.0   2886     0 |    1.72   5.07   0.06  -1.13
0  3.34e+06 5236.47 | 5158.69    0.0   2886     0 |    1.73   5.36   0.12  -1.14
0  3.39e+06 5236.47 | 5148.10    0.0   2886     0 |    1.72   6.62   0.01  -1.14
0  3.43e+06 5236.47 | 5156.67    0.0   2886     0 |    1.72   6.41   0.07  -1.14
0  3.48e+06 5236.47 | 5168.41    0.0   2886     0 |    1.73   5.26   0.11  -1.13
0  3.53e+06 5236.47 | 5198.43    0.0   2886     0 |    1.74   5.94   0.05  -1.14
0  3.58e+06 5236.47 | 5202.98    0.0   2886     0 |    1.74   5.12   0.15  -1.13
0  3.63e+06 5236.47 | 5214.80    0.0   2886     0 |    1.74   6.09   0.01  -1.14
0  3.68e+06 5236.47 | 5205.85    0.0   2886     0 |    1.74   5.20  -0.01  -1.14
0  3.73e+06 5236.47 | 5223.38    0.0   2886     0 |    1.75   6.24   0.00  -1.14
0  3.78e+06 5239.16 |
成功率：94.5%, 提交量大于阈值的概率：0.40117%, 超供率：88.2%, 超供程度：66.3%, 超供平均值：4.5, 方差：117.4
0  3.78e+06 5239.16 | 5239.16    0.0   2886     0 |    1.75   5.78   0.01  -1.14
0  3.80e+06 5239.16 | 5236.04    0.0   2887     0 |    1.75   6.83  -0.05  -1.14
0  3.86e+06 5251.08 |
成功率：94.5%, 提交量大于阈值的概率：0.45676%, 超供率：88.3%, 超供程度：66.8%, 超供平均值：4.6, 方差：116.8
0  3.86e+06 5251.08 | 5251.08    0.0   2886     0 |    1.75   6.06   0.02  -1.14
0  3.88e+06 5259.65 |
成功率：94.8%, 提交量大于阈值的概率：0.50014%, 超供率：88.6%, 超供程度：67.3%, 超供平均值：4.6, 方差：118.9
0  3.88e+06 5259.65 | 5259.65    0.0   2886     0 |    1.75   5.25   0.04  -1.14
0  3.90e+06 5259.65 | 5254.21    0.0   2887     0 |    1.75   5.23  -0.03  -1.14
0  3.95e+06 5285.84 |
成功率：94.8%, 提交量大于阈值的概率：0.47993%, 超供率：88.2%, 超供程度：67.0%, 超供平均值：4.6, 方差：118.7
0  3.95e+06 5285.84 | 5285.84    0.0   2887     0 |    1.76   5.28   0.05  -1.14
