################################################################################
ID     Step    maxR |    avgR   stdR   avgS  stdS |    expR   objC   etc.
0  5.77e+03 4289.69 |
成功率：99.6%, 提交量大于阈值的概率：0.87241%, 超供率：97.3%, 超供程度：82.1%, 超供平均值：5.5, 方差：201.0
0  5.77e+03 4289.69 | 4289.69    0.0   2887     0 |    1.28   2.88  -0.04  -0.51
0  3.46e+04 4506.49 |
成功率：98.7%, 提交量大于阈值的概率：0.83324%, 超供率：96.7%, 超供程度：81.2%, 超供平均值：5.5, 方差：175.9
0  3.46e+04 4506.49 | 4506.49    0.0   2886     0 |    1.36   1.05   0.05  -0.52
0  5.77e+04 4694.73 |
成功率：98.8%, 提交量大于阈值的概率：0.87507%, 超供率：96.9%, 超供程度：80.0%, 超供平均值：5.4, 方差：164.8
0  5.77e+04 4694.73 | 4694.73    0.0   2886     0 |    1.45   0.76   0.02  -0.56
0  8.08e+04 4828.67 |
成功率：98.3%, 提交量大于阈值的概率：0.82138%, 超供率：96.3%, 超供程度：77.6%, 超供平均值：5.3, 方差：155.4
0  8.08e+04 4828.67 | 4828.67    0.0   2886     0 |    1.51   0.80   0.03  -0.59
0  1.04e+05 4939.04 |
成功率：98.0%, 提交量大于阈值的概率：0.77593%, 超供率：95.7%, 超供程度：75.6%, 超供平均值：5.1, 方差：149.2
0  1.04e+05 4939.04 | 4939.04    0.0   2886     0 |    1.56   0.66  -0.04  -0.62
0  1.27e+05 5041.53 |
成功率：97.7%, 提交量大于阈值的概率：0.78213%, 超供率：95.1%, 超供程度：73.8%, 超供平均值：5.0, 方差：142.8
0  1.27e+05 5041.53 | 5041.53    0.0   2886     0 |    1.59   0.55   0.07  -0.66
0  1.50e+05 5179.84 |
成功率：96.8%, 提交量大于阈值的概率：0.68141%, 超供率：93.7%, 超供程度：71.7%, 超供平均值：4.9, 方差：131.1
0  1.50e+05 5179.84 | 5179.84    0.0   2886     0 |    1.64   0.71   0.00  -0.70
0  1.73e+05 5313.27 |
成功率：95.2%, 提交量大于阈值的概率：0.51108%, 超供率：91.6%, 超供程度：69.1%, 超供平均值：4.7, 方差：115.8
0  1.73e+05 5313.27 | 5313.27    0.0   2886     0 |    1.68   0.51   0.04  -0.73
0  1.96e+05 5313.27 | 5285.97    0.0   2886     0 |    1.71   0.57   0.00  -0.77
0  2.48e+05 5331.37 |
成功率：93.4%, 提交量大于阈值的概率：0.08233%, 超供率：88.3%, 超供程度：66.5%, 超供平均值：4.5, 方差：101.9
0  2.48e+05 5331.37 | 5331.37    0.0   2886     0 |    1.73   0.51   0.10  -0.86
0  2.71e+05 5344.51 |
成功率：93.5%, 提交量大于阈值的概率：0.09287%, 超供率：88.3%, 超供程度：66.6%, 超供平均值：4.5, 方差：103.4
0  2.71e+05 5344.51 | 5344.51    0.0   2886     0 |    1.74   0.44  -0.00  -0.90
0  2.94e+05 5378.77 |
成功率：93.7%, 提交量大于阈值的概率：0.09463%, 超供率：88.2%, 超供程度：66.0%, 超供平均值：4.5, 方差：104.1
0  2.94e+05 5378.77 | 5378.77    0.0   2886     0 |    1.76   0.45   0.04  -0.93
0  3.17e+05 5430.22 |
成功率：94.4%, 提交量大于阈值的概率：0.20604%, 超供率：89.1%, 超供程度：66.7%, 超供平均值：4.5, 方差：108.5
0  3.17e+05 5430.22 | 5430.22    0.0   2886     0 |    1.77   0.43   0.07  -0.96
0  3.41e+05 5437.70 |
成功率：94.3%, 提交量大于阈值的概率：0.18125%, 超供率：88.8%, 超供程度：66.1%, 超供平均值：4.5, 方差：107.8
0  3.41e+05 5437.70 | 5437.70    0.0   2886     0 |    1.78   0.38   0.08  -0.99
0  3.64e+05 5437.70 | 5392.35    0.0   2886     0 |    1.78   0.41   0.01  -1.02
0  4.10e+05 5464.77 |
成功率：94.5%, 提交量大于阈值的概率：0.20097%, 超供率：88.6%, 超供程度：65.7%, 超供平均值：4.5, 方差：109.0
0  4.10e+05 5464.77 | 5464.77    0.0   2886     0 |    1.80   0.45  -0.01  -1.09
0  4.33e+05 5464.77 | 5428.22    0.0   2886     0 |    1.80   0.35   0.11  -1.11
0  4.85e+05 5464.77 | 5437.23    0.0   2887     0 |    1.81   0.38  -0.03  -1.16
0  5.37e+05 5501.53 |
成功率：94.3%, 提交量大于阈值的概率：0.15054%, 超供率：85.8%, 超供程度：62.0%, 超供平均值：4.2, 方差：107.0
0  5.37e+05 5501.53 | 5501.53    0.0   2887     0 |    1.83   0.37   0.09  -1.18
0  5.60e+05 5508.59 |
成功率：94.3%, 提交量大于阈值的概率：0.16693%, 超供率：84.6%, 超供程度：60.5%, 超供平均值：4.1, 方差：106.3
0  5.60e+05 5508.59 | 5508.59    0.0   2887     0 |    1.84   0.38  -0.05  -1.19
0  5.83e+05 5508.59 | 5499.74    0.0   2887     0 |    1.85   0.31   0.03  -1.20
0  6.29e+05 5576.37 |
成功率：94.8%, 提交量大于阈值的概率：0.18789%, 超供率：84.8%, 超供程度：61.3%, 超供平均值：4.2, 方差：109.8
0  6.29e+05 5576.37 | 5576.37    0.0   2887     0 |    1.86   0.36   0.01  -1.21
0  6.52e+05 5598.71 |
成功率：95.3%, 提交量大于阈值的概率：0.27531%, 超供率：85.6%, 超供程度：62.0%, 超供平均值：4.2, 方差：112.6
0  6.52e+05 5598.71 | 5598.71    0.0   2887     0 |    1.86   0.38  -0.14  -1.20
0  6.75e+05 5598.71 | 5595.51    0.0   2887     0 |    1.87   0.39   0.08  -1.20
0  7.22e+05 5610.36 |
成功率：95.2%, 提交量大于阈值的概率：0.27834%, 超供率：83.7%, 超供程度：60.2%, 超供平均值：4.1, 方差：111.4
0  7.22e+05 5610.36 | 5610.36    0.0   2887     0 |    1.87   0.32  -0.03  -1.20
0  7.45e+05 5610.36 | 5573.05    0.0   2887     0 |    1.87   0.32   0.02  -1.20
0  7.91e+05 5622.13 |
成功率：94.7%, 提交量大于阈值的概率：0.14235%, 超供率：80.1%, 超供程度：58.0%, 超供平均值：3.9, 方差：107.7
0  7.91e+05 5622.13 | 5622.13    0.0   2887     0 |    1.88   0.44   0.05  -1.20
0  8.14e+05 5629.81 |
成功率：94.7%, 提交量大于阈值的概率：0.16712%, 超供率：79.1%, 超供程度：56.9%, 超供平均值：3.9, 方差：108.0
0  8.14e+05 5629.81 | 5629.81    0.0   2887     0 |    1.89   0.33  -0.04  -1.20
0  8.31e+05 5631.20 |
成功率：94.5%, 提交量大于阈值的概率：0.12916%, 超供率：78.4%, 超供程度：56.5%, 超供平均值：3.8, 方差：106.6
0  8.31e+05 5631.20 | 5631.20    0.0   2887     0 |    1.89   0.41   0.13  -1.20
0  8.49e+05 5653.38 |
成功率：95.1%, 提交量大于阈值的概率：0.23499%, 超供率：79.3%, 超供程度：57.3%, 超供平均值：3.9, 方差：110.2
0  8.49e+05 5653.38 | 5653.38    0.0   2887     0 |    1.89   0.33   0.01  -1.21
0  8.72e+05 5663.16 |
成功率：95.2%, 提交量大于阈值的概率：0.26688%, 超供率：77.8%, 超供程度：56.4%, 超供平均值：3.8, 方差：111.9
0  8.72e+05 5663.16 | 5663.16    0.0   2887     0 |    1.90   0.30   0.04  -1.21
0  8.89e+05 5677.18 |
成功率：95.5%, 提交量大于阈值的概率：0.33899%, 超供率：77.3%, 超供程度：55.6%, 超供平均值：3.8, 方差：113.8
0  8.89e+05 5677.18 | 5677.18    0.0   2887     0 |    1.91   0.34  -0.02  -1.21
0  9.06e+05 5700.73 |
成功率：95.4%, 提交量大于阈值的概率：0.30707%, 超供率：76.2%, 超供程度：54.7%, 超供平均值：3.7, 方差：112.7
0  9.06e+05 5700.73 | 5700.73    0.0   2887     0 |    1.91   0.30   0.00  -1.20
0  9.29e+05 5709.76 |
成功率：95.6%, 提交量大于阈值的概率：0.33478%, 超供率：76.6%, 超供程度：54.8%, 超供平均值：3.7, 方差：113.9
0  9.29e+05 5709.76 | 5709.76    0.0   2887     0 |    1.91   0.36  -0.01  -1.18
0  9.47e+05 5721.44 |
成功率：95.6%, 提交量大于阈值的概率：0.30666%, 超供率：75.8%, 超供程度：54.5%, 超供平均值：3.7, 方差：113.3
0  9.47e+05 5721.44 | 5721.44    0.0   2887     0 |    1.92   0.40  -0.03  -1.19
0  9.64e+05 5723.37 |
成功率：95.8%, 提交量大于阈值的概率：0.37748%, 超供率：75.9%, 超供程度：54.2%, 超供平均值：3.7, 方差：115.5
0  9.64e+05 5723.37 | 5723.37    0.0   2887     0 |    1.92   0.31   0.02  -1.19
0  9.87e+05 5752.60 |
成功率：95.6%, 提交量大于阈值的概率：0.32644%, 超供率：73.9%, 超供程度：52.4%, 超供平均值：3.5, 方差：113.0
0  9.87e+05 5752.60 | 5752.60    0.0   2887     0 |    1.93   0.28  -0.06  -1.20
0  1.01e+06 5752.60 | 5752.52    0.0   2887     0 |    1.94   0.28  -0.06  -1.20
0  1.06e+06 5769.04 |
成功率：95.5%, 提交量大于阈值的概率：0.32216%, 超供率：70.5%, 超供程度：49.8%, 超供平均值：3.4, 方差：111.2
0  1.06e+06 5769.04 | 5769.04    0.0   2887     0 |    1.95   0.26   0.02  -1.20
0  1.08e+06 5780.20 |
成功率：95.8%, 提交量大于阈值的概率：0.36908%, 超供率：71.4%, 超供程度：49.8%, 超供平均值：3.4, 方差：113.9
0  1.08e+06 5780.20 | 5780.20    0.0   2887     0 |    1.95   0.31   0.04  -1.20
0  1.10e+06 5780.20 | 5774.38    0.0   2887     0 |    1.95   0.34   0.07  -1.20
0  1.15e+06 5790.33 |
成功率：95.4%, 提交量大于阈值的概率：0.29027%, 超供率：69.2%, 超供程度：48.7%, 超供平均值：3.3, 方差：110.3
0  1.15e+06 5790.33 | 5790.33    0.0   2887     0 |    1.96   0.29  -0.03  -1.19
0  1.17e+06 5809.57 |
成功率：95.5%, 提交量大于阈值的概率：0.32286%, 超供率：70.3%, 超供程度：49.4%, 超供平均值：3.3, 方差：111.4
0  1.17e+06 5809.57 | 5809.57    0.0   2887     0 |    1.96   0.35   0.05  -1.20
0  1.19e+06 5809.57 | 5799.72    0.0   2887     0 |    1.97   0.33  -0.10  -1.20
0  1.24e+06 5816.85 |
成功率：95.3%, 提交量大于阈值的概率：0.28100%, 超供率：68.7%, 超供程度：48.2%, 超供平均值：3.3, 方差：109.9
0  1.24e+06 5816.85 | 5816.85    0.0   2887     0 |    1.97   0.30  -0.02  -1.21
0  1.26e+06 5822.52 |
成功率：95.7%, 提交量大于阈值的概率：0.38363%, 超供率：69.9%, 超供程度：48.4%, 超供平均值：3.3, 方差：112.7
0  1.26e+06 5822.52 | 5822.52    0.0   2887     0 |    1.97   0.33   0.08  -1.21
0  1.28e+06 5823.39 |
成功率：95.9%, 提交量大于阈值的概率：0.39050%, 超供率：70.5%, 超供程度：49.1%, 超供平均值：3.3, 方差：113.5
0  1.28e+06 5823.39 | 5823.39    0.0   2887     0 |    1.97   0.38  -0.04  -1.20
0  1.30e+06 5827.90 |
成功率：95.5%, 提交量大于阈值的概率：0.31808%, 超供率：69.3%, 超供程度：48.2%, 超供平均值：3.3, 方差：110.9
0  1.30e+06 5827.90 | 5827.90    0.0   2887     0 |    1.97   0.33  -0.01  -1.20
0  1.32e+06 5827.90 | 5823.00    0.0   2887     0 |    1.98   0.35  -0.04  -1.19
0  1.36e+06 5835.38 |
成功率：95.4%, 提交量大于阈值的概率：0.28541%, 超供率：67.9%, 超供程度：47.7%, 超供平均值：3.2, 方差：110.1
0  1.36e+06 5835.38 | 5835.38    0.0   2887     0 |    1.98   0.39   0.01  -1.19
0  1.39e+06 5835.38 | 5827.09    0.0   2887     0 |    1.98   0.30   0.11  -1.18
0  1.43e+06 5835.38 | 5828.62    0.0   2887     0 |    1.98   0.29   0.03  -1.19
0  1.48e+06 5851.02 |
成功率：95.6%, 提交量大于阈值的概率：0.30859%, 超供率：67.7%, 超供程度：48.1%, 超供平均值：3.3, 方差：112.0
0  1.48e+06 5851.02 | 5851.02    0.0   2887     0 |    1.98   0.35  -0.06  -1.18
0  1.50e+06 5851.02 | 5846.41    0.0   2887     0 |    1.98   0.36  -0.11  -1.19
0  1.55e+06 5851.02 | 5845.87    0.0   2887     0 |    1.99   0.29   0.01  -1.20
0  1.59e+06 5857.55 |
成功率：95.8%, 提交量大于阈值的概率：0.35977%, 超供率：67.6%, 超供程度：47.9%, 超供平均值：3.2, 方差：113.4
0  1.59e+06 5857.55 | 5857.55    0.0   2887     0 |    1.99   0.25   0.04  -1.20
0  1.61e+06 5864.79 |
成功率：95.9%, 提交量大于阈值的概率：0.38310%, 超供率：68.0%, 超供程度：48.0%, 超供平均值：3.2, 方差：113.9
0  1.61e+06 5864.79 | 5864.79    0.0   2887     0 |    1.99   0.35  -0.08  -1.19
0  1.63e+06 5864.79 | 5854.56    0.0   2887     0 |    1.99   0.25   0.02  -1.19
0  1.68e+06 5864.79 | 5855.48    0.0   2887     0 |    1.99   0.31   0.02  -1.17
0  1.73e+06 5869.93 |
成功率：95.3%, 提交量大于阈值的概率：0.27529%, 超供率：64.2%, 超供程度：45.8%, 超供平均值：3.1, 方差：110.9
0  1.73e+06 5869.93 | 5869.93    0.0   2887     0 |    2.00   0.24  -0.07  -1.17
0  1.75e+06 5872.36 |
成功率：95.6%, 提交量大于阈值的概率：0.35464%, 超供率：65.2%, 超供程度：46.4%, 超供平均值：3.1, 方差：113.3
0  1.75e+06 5872.36 | 5872.36    0.0   2887     0 |    2.00   0.33  -0.05  -1.17
0  1.77e+06 5872.36 | 5869.28    0.0   2887     0 |    1.99   0.38   0.04  -1.17
0  1.81e+06 5883.75 |
成功率：95.8%, 提交量大于阈值的概率：0.38240%, 超供率：64.3%, 超供程度：45.8%, 超供平均值：3.1, 方差：115.2
0  1.81e+06 5883.75 | 5883.75    0.0   2887     0 |    2.00   0.27   0.08  -1.17
0  1.83e+06 5889.69 |
成功率：95.6%, 提交量大于阈值的概率：0.27351%, 超供率：65.4%, 超供程度：47.0%, 超供平均值：3.2, 方差：113.7
0  1.83e+06 5889.69 | 5889.69    0.0   2887     0 |    2.00   0.30  -0.08  -1.19
0  1.85e+06 5891.96 |
成功率：95.8%, 提交量大于阈值的概率：0.32006%, 超供率：65.9%, 超供程度：47.5%, 超供平均值：3.2, 方差：115.6
0  1.85e+06 5891.96 | 5891.96    0.0   2887     0 |    2.00   0.30  -0.07  -1.19
0  1.86e+06 5891.96 | 5872.61    0.0   2887     0 |    2.00   0.31   0.03  -1.18
0  1.91e+06 5891.96 | 5889.00    0.0   2887     0 |    2.01   0.39   0.03  -1.18
0  1.96e+06 5891.96 | 5888.67    0.0   2887     0 |    2.00   0.33  -0.05  -1.17
0  2.00e+06 5893.94 |
成功率：95.7%, 提交量大于阈值的概率：0.32687%, 超供率：65.4%, 超供程度：47.2%, 超供平均值：3.2, 方差：115.1
0  2.00e+06 5893.94 | 5893.94    0.0   2887     0 |    2.00   0.29  -0.02  -1.17
0  2.03e+06 5894.05 |
成功率：95.6%, 提交量大于阈值的概率：0.27822%, 超供率：65.6%, 超供程度：47.4%, 超供平均值：3.2, 方差：114.7
0  2.03e+06 5894.05 | 5894.05    0.0   2887     0 |    2.00   0.35  -0.15  -1.18
0  2.05e+06 5897.62 |
成功率：95.6%, 提交量大于阈值的概率：0.25267%, 超供率：65.5%, 超供程度：47.4%, 超供平均值：3.2, 方差：114.2
0  2.05e+06 5897.62 | 5897.62    0.0   2887     0 |    2.00   0.29   0.06  -1.18
0  2.07e+06 5897.62 | 5889.46    0.0   2887     0 |    2.00   0.32  -0.08  -1.18
0  2.11e+06 5897.62 | 5895.67    0.0   2887     0 |    2.00   0.28  -0.09  -1.17
0  2.16e+06 5898.77 |
成功率：95.5%, 提交量大于阈值的概率：0.26708%, 超供率：62.7%, 超供程度：45.8%, 超供平均值：3.1, 方差：113.8
0  2.16e+06 5898.77 | 5898.77    0.0   2887     0 |    2.01   0.32   0.03  -1.18
0  2.18e+06 5899.47 |
成功率：95.4%, 提交量大于阈值的概率：0.25790%, 超供率：61.2%, 超供程度：44.8%, 超供平均值：3.0, 方差：112.6
0  2.18e+06 5899.47 | 5899.47    0.0   2887     0 |    2.01   0.34  -0.01  -1.18
0  2.19e+06 5899.47 | 5890.04    0.0   2887     0 |    2.01   0.28   0.14  -1.18
0  2.24e+06 5899.47 | 5897.41    0.0   2887     0 |    2.02   0.21   0.06  -1.17
0  2.29e+06 5913.90 |
成功率：95.4%, 提交量大于阈值的概率：0.20564%, 超供率：62.6%, 超供程度：46.0%, 超供平均值：3.1, 方差：113.3
0  2.29e+06 5913.90 | 5913.90    0.0   2887     0 |    2.02   0.33   0.18  -1.16
0  2.30e+06 5921.27 |
成功率：95.5%, 提交量大于阈值的概率：0.24621%, 超供率：62.1%, 超供程度：45.2%, 超供平均值：3.1, 方差：113.5
0  2.30e+06 5921.27 | 5921.27    0.0   2887     0 |    2.01   0.30   0.12  -1.17
0  2.32e+06 5921.27 | 5921.18    0.0   2887     0 |    2.02   0.33  -0.03  -1.17
0  2.37e+06 5933.24 |
成功率：95.6%, 提交量大于阈值的概率：0.24221%, 超供率：62.7%, 超供程度：45.6%, 超供平均值：3.1, 方差：113.6
0  2.37e+06 5933.24 | 5933.24    0.0   2887     0 |    2.02   0.30   0.04  -1.17
0  2.39e+06 5933.24 | 5927.35    0.0   2887     0 |    2.02   0.36  -0.02  -1.17
0  2.44e+06 5933.24 | 5738.95    0.0   2887     0 |    1.96   0.36   0.06  -1.16
0  2.48e+06 5933.24 | 5844.38    0.0   2887     0 |    1.99   0.34   0.00  -1.15
0  2.53e+06 5933.24 | 5890.64    0.0   2887     0 |    2.00   0.31   0.12  -1.14
0  2.58e+06 5933.24 | 5879.30    0.0   2887     0 |    2.01   0.32   0.04  -1.16
0  2.62e+06 5933.24 | 5868.67    0.0   2887     0 |    2.00   0.31  -0.04  -1.16
0  2.67e+06 5933.24 | 5879.67    0.0   2887     0 |    2.00   0.30  -0.10  -1.15
0  2.71e+06 5933.24 | 5898.76    0.0   2887     0 |    2.01   0.26   0.06  -1.14
0  2.76e+06 5933.24 | 5898.76    0.0   2887     0 |    2.02   0.23   0.10  -1.15
0  2.81e+06 5933.24 | 5905.25    0.0   2887     0 |    2.02   0.35   0.11  -1.15
0  2.85e+06 5933.24 | 4263.27    0.0   2887     0 |    1.49   0.74  -0.01  -1.15
0  2.90e+06 5933.24 | 4526.09    0.0   2887     0 |    1.56   0.62  -0.00  -1.14
0  2.95e+06 5933.24 | 4722.66    0.0   2887     0 |    1.62   0.52  -0.07  -1.15
0  3.00e+06 5933.24 | 4861.84    0.0   2887     0 |    1.68   0.61  -0.03  -1.14
0  3.04e+06 5933.24 | 5005.85    0.0   2887     0 |    1.74   0.50   0.02  -1.14
0  3.09e+06 5933.24 | 5225.89    0.0   2887     0 |    1.78   0.44  -0.02  -1.14
0  3.14e+06 5933.24 | 5331.34    0.0   2887     0 |    1.83   0.42   0.07  -1.14
0  3.18e+06 5933.24 | 5443.27    0.0   2887     0 |    1.86   0.38   0.06  -1.15
0  3.23e+06 5933.24 | 5560.62    0.0   2887     0 |    1.90   0.32  -0.03  -1.15
0  3.27e+06 5933.24 | 5623.02    0.0   2887     0 |    1.92   0.32   0.06  -1.15
0  3.32e+06 5933.24 | 5662.47    0.0   2887     0 |    1.93   0.31   0.14  -1.16
0  3.37e+06 5933.24 | 5709.32    0.0   2887     0 |    1.95   0.30   0.03  -1.16
0  3.41e+06 5933.24 | 5735.17    0.0   2887     0 |    1.96   0.29   0.04  -1.16
0  3.46e+06 5933.24 | 5754.38    0.0   2887     0 |    1.97   0.27  -0.00  -1.16
0  3.50e+06 5933.24 | 5754.07    0.0   2887     0 |    1.96   0.28   0.03  -1.17
0  3.55e+06 5933.24 | 5771.06    0.0   2887     0 |    1.96   0.27   0.06  -1.17
0  3.60e+06 5933.24 | 5772.93    0.0   2887     0 |    1.97   0.21  -0.02  -1.17
