################################################################################
ID     Step    maxR |    avgR   stdR   avgS  stdS |    expR   objC   etc.
0  5.77e+03 4408.62 |
成功率：100.0%, 提交量大于阈值的概率：0.87527%, 超供率：99.1%, 超供程度：90.0%, 方差：206.0
0  5.77e+03 4408.62 | 4408.62    0.0   2885     0 |    1.41  19.65  -0.01  -0.50
0  1.73e+04 4408.62 | 4371.35    0.0   2885     0 |    1.41  12.98  -0.12  -0.49
0  5.78e+04 4408.62 | 4392.62    0.0   2887     0 |    1.42  10.15   0.01  -0.49
0  9.82e+04 4425.10 |
成功率：100.0%, 提交量大于阈值的概率：0.88069%, 超供率：99.7%, 超供程度：89.8%, 方差：204.8
0  9.82e+04 4425.10 | 4425.10    0.0   2887     0 |    1.43  10.11   0.09  -0.52
0  1.10e+05 4425.10 | 4423.12    0.0   2885     0 |    1.42   9.70  -0.00  -0.52
0  1.50e+05 4463.11 |
成功率：100.0%, 提交量大于阈值的概率：0.88521%, 超供率：99.7%, 超供程度：90.0%, 方差：200.7
0  1.50e+05 4463.11 | 4463.11    0.0   2885     0 |    1.45   9.91   0.03  -0.52
0  1.62e+05 4463.11 | 4456.11    0.0   2885     0 |    1.44   9.09   0.07  -0.52
0  2.02e+05 4500.61 |
成功率：100.0%, 提交量大于阈值的概率：0.90058%, 超供率：99.7%, 超供程度：90.0%, 方差：198.5
0  2.02e+05 4500.61 | 4500.61    0.0   2885     0 |    1.45   8.99   0.04  -0.53
0  2.14e+05 4527.07 |
成功率：100.0%, 提交量大于阈值的概率：0.90239%, 超供率：99.8%, 超供程度：90.0%, 方差：197.1
0  2.14e+05 4527.07 | 4527.07    0.0   2885     0 |    1.46  10.08   0.01  -0.53
0  2.25e+05 4527.07 | 4522.84    0.0   2885     0 |    1.46   9.35   0.02  -0.53
0  2.66e+05 4527.07 | 4516.13    0.0   2885     0 |    1.46   9.06   0.04  -0.53
0  3.06e+05 4527.07 | 4489.13    0.0   2885     0 |    1.46   8.94   0.01  -0.53
0  3.46e+05 4527.07 | 4505.26    0.0   2885     0 |    1.46   9.73   0.06  -0.54
0  3.87e+05 4527.07 | 4520.32    0.0   2885     0 |    1.46   9.27   0.14  -0.55
0  4.27e+05 4527.07 | 4523.42    0.0   2885     0 |    1.47   9.99   0.02  -0.55
0  4.68e+05 4567.83 |
成功率：100.0%, 提交量大于阈值的概率：0.90457%, 超供率：99.8%, 超供程度：89.7%, 方差：193.7
0  4.68e+05 4567.83 | 4567.83    0.0   2885     0 |    1.49   8.41   0.09  -0.56
0  4.79e+05 4567.83 | 4553.38    0.0   2885     0 |    1.49  10.15  -0.00  -0.57
0  5.20e+05 4570.64 |
成功率：100.0%, 提交量大于阈值的概率：0.89725%, 超供率：99.9%, 超供程度：89.6%, 方差：195.1
0  5.20e+05 4570.64 | 4570.64    0.0   2885     0 |    1.50   8.86   0.05  -0.57
0  5.31e+05 4594.43 |
成功率：100.0%, 提交量大于阈值的概率：0.90553%, 超供率：99.8%, 超供程度：89.3%, 方差：193.2
0  5.31e+05 4594.43 | 4594.43    0.0   2885     0 |    1.49   8.94   0.01  -0.57
0  5.43e+05 4604.94 |
成功率：100.0%, 提交量大于阈值的概率：0.89363%, 超供率：99.8%, 超供程度：89.1%, 方差：193.0
0  5.43e+05 4604.94 | 4604.94    0.0   2885     0 |    1.50   8.66  -0.01  -0.57
0  5.54e+05 4608.83 |
成功率：100.0%, 提交量大于阈值的概率：0.89819%, 超供率：99.8%, 超供程度：89.0%, 方差：193.1
0  5.54e+05 4608.83 | 4608.83    0.0   2885     0 |    1.50   9.28  -0.02  -0.57
0  5.66e+05 4608.83 | 4588.34    0.0   2885     0 |    1.50   9.46  -0.06  -0.57
0  6.06e+05 4620.45 |
成功率：100.0%, 提交量大于阈值的概率：0.89986%, 超供率：99.7%, 超供程度：88.7%, 方差：192.0
0  6.06e+05 4620.45 | 4620.45    0.0   2885     0 |    1.50   9.77   0.13  -0.57
0  6.18e+05 4625.86 |
成功率：100.0%, 提交量大于阈值的概率：0.90171%, 超供率：99.7%, 超供程度：88.6%, 方差：191.8
0  6.18e+05 4625.86 | 4625.86    0.0   2885     0 |    1.51   9.57   0.09  -0.58
0  6.29e+05 4638.37 |
成功率：100.0%, 提交量大于阈值的概率：0.89802%, 超供率：99.7%, 超供程度：88.2%, 方差：191.3
0  6.29e+05 4638.37 | 4638.37    0.0   2885     0 |    1.51   9.01   0.07  -0.58
0  6.41e+05 4646.28 |
成功率：100.0%, 提交量大于阈值的概率：0.91253%, 超供率：99.8%, 超供程度：88.1%, 方差：189.7
0  6.41e+05 4646.28 | 4646.28    0.0   2885     0 |    1.52   9.75   0.02  -0.58
0  6.53e+05 4646.28 | 4644.15    0.0   2885     0 |    1.51   9.49   0.04  -0.58
0  6.93e+05 4703.97 |
成功率：100.0%, 提交量大于阈值的概率：0.92075%, 超供率：99.6%, 超供程度：87.4%, 方差：186.1
0  6.93e+05 4703.97 | 4703.97    0.0   2885     0 |    1.53   9.15   0.07  -0.59
0  7.04e+05 4704.94 |
成功率：100.0%, 提交量大于阈值的概率：0.93254%, 超供率：99.6%, 超供程度：87.3%, 方差：186.1
0  7.04e+05 4704.94 | 4704.94    0.0   2885     0 |    1.54   9.04  -0.01  -0.59
0  7.16e+05 4708.34 |
成功率：100.0%, 提交量大于阈值的概率：0.92436%, 超供率：99.7%, 超供程度：87.2%, 方差：185.8
0  7.16e+05 4708.34 | 4708.34    0.0   2885     0 |    1.53   8.30   0.08  -0.59
0  7.28e+05 4713.35 |
成功率：100.0%, 提交量大于阈值的概率：0.92346%, 超供率：99.7%, 超供程度：87.1%, 方差：185.6
0  7.28e+05 4713.35 | 4713.35    0.0   2885     0 |    1.54   8.61   0.01  -0.59
0  7.39e+05 4721.63 |
成功率：100.0%, 提交量大于阈值的概率：0.92174%, 超供率：99.7%, 超供程度：87.1%, 方差：184.8
0  7.39e+05 4721.63 | 4721.63    0.0   2885     0 |    1.54   9.84   0.05  -0.59
0  7.51e+05 4721.63 | 4710.94    0.0   2885     0 |    1.54   9.58  -0.08  -0.58
0  7.91e+05 4721.63 | 4713.15    0.0   2885     0 |    1.54   8.06   0.05  -0.58
0  8.31e+05 4721.63 | 4699.60    0.0   2885     0 |    1.54   8.58   0.14  -0.60
0  8.72e+05 4721.63 | 4683.86    0.0   2885     0 |    1.54   8.97  -0.05  -0.59
0  9.12e+05 4721.63 | 4709.37    0.0   2885     0 |    1.55   9.65   0.01  -0.60
0  9.53e+05 4721.91 |
成功率：100.0%, 提交量大于阈值的概率：0.95142%, 超供率：99.7%, 超供程度：87.4%, 方差：184.8
0  9.53e+05 4721.91 | 4721.91    0.0   2885     0 |    1.56   9.82   0.05  -0.61
0  9.64e+05 4721.91 | 4705.18    0.0   2885     0 |    1.55  10.16  -0.06  -0.61
0  1.00e+06 4721.91 | 4720.15    0.0   2885     0 |    1.56   8.45  -0.01  -0.62
0  1.05e+06 4721.91 | 4719.89    0.0   2886     0 |    1.55   9.16   0.14  -0.62
0  1.09e+06 4723.00 |
成功率：100.0%, 提交量大于阈值的概率：0.98033%, 超供率：99.7%, 超供程度：87.1%, 方差：184.9
0  1.09e+06 4723.00 | 4723.00    0.0   2886     0 |    1.56  10.01  -0.06  -0.63
0  1.10e+06 4723.00 | 4722.44    0.0   2886     0 |    1.57   7.81   0.13  -0.63
0  1.14e+06 4753.79 |
成功率：100.0%, 提交量大于阈值的概率：0.96046%, 超供率：99.7%, 超供程度：86.8%, 方差：183.4
0  1.14e+06 4753.79 | 4753.79    0.0   2886     0 |    1.57   9.74   0.08  -0.63
0  1.15e+06 4760.19 |
成功率：100.0%, 提交量大于阈值的概率：0.96583%, 超供率：99.7%, 超供程度：86.7%, 方差：183.6
0  1.15e+06 4760.19 | 4760.19    0.0   2886     0 |    1.57   9.48   0.00  -0.63
0  1.16e+06 4760.19 | 4754.33    0.0   2886     0 |    1.56   8.88   0.01  -0.63
0  1.20e+06 4778.68 |
成功率：100.0%, 提交量大于阈值的概率：0.96950%, 超供率：99.7%, 超供程度：86.6%, 方差：182.4
0  1.20e+06 4778.68 | 4778.68    0.0   2886     0 |    1.57  10.45   0.04  -0.64
0  1.21e+06 4778.68 | 4769.50    0.0   2886     0 |    1.57   9.50   0.02  -0.64
0  1.25e+06 4778.68 | 4778.58    0.0   2886     0 |    1.57  10.84   0.03  -0.64
0  1.29e+06 4778.68 | 4776.74    0.0   2886     0 |    1.58   9.11   0.01  -0.66
0  1.33e+06 4793.16 |
成功率：100.0%, 提交量大于阈值的概率：0.96414%, 超供率：99.6%, 超供程度：86.4%, 方差：180.8
0  1.33e+06 4793.16 | 4793.16    0.0   2885     0 |    1.58   8.24   0.08  -0.66
0  1.34e+06 4793.16 | 4785.81    0.0   2885     0 |    1.58   8.52   0.07  -0.66
0  1.38e+06 4807.52 |
成功率：100.0%, 提交量大于阈值的概率：0.97225%, 超供率：99.6%, 超供程度：86.4%, 方差：180.5
0  1.38e+06 4807.52 | 4807.52    0.0   2885     0 |    1.59   8.45   0.10  -0.66
0  1.39e+06 4820.75 |
成功率：100.0%, 提交量大于阈值的概率：0.96684%, 超供率：99.6%, 超供程度：86.1%, 方差：179.5
0  1.39e+06 4820.75 | 4820.75    0.0   2885     0 |    1.59   7.86   0.10  -0.66
0  1.40e+06 4835.43 |
成功率：100.0%, 提交量大于阈值的概率：0.97689%, 超供率：99.5%, 超供程度：85.9%, 方差：179.0
0  1.40e+06 4835.43 | 4835.43    0.0   2885     0 |    1.59   7.65   0.04  -0.66
0  1.41e+06 4849.96 |
成功率：100.0%, 提交量大于阈值的概率：0.96518%, 超供率：99.5%, 超供程度：85.7%, 方差：178.3
0  1.41e+06 4849.96 | 4849.96    0.0   2885     0 |    1.60   9.48   0.04  -0.66
0  1.43e+06 4853.78 |
成功率：100.0%, 提交量大于阈值的概率：0.95252%, 超供率：99.5%, 超供程度：85.4%, 方差：178.0
0  1.43e+06 4853.78 | 4853.78    0.0   2885     0 |    1.60   8.08   0.06  -0.66
0  1.44e+06 4853.78 | 4834.61    0.0   2885     0 |    1.60   8.05   0.15  -0.67
0  1.48e+06 4856.32 |
成功率：100.0%, 提交量大于阈值的概率：0.97971%, 超供率：99.5%, 超供程度：85.5%, 方差：178.3
0  1.48e+06 4856.32 | 4856.32    0.0   2885     0 |    1.60   8.87   0.08  -0.67
0  1.49e+06 4857.80 |
成功率：99.9%, 提交量大于阈值的概率：0.98793%, 超供率：99.5%, 超供程度：85.4%, 方差：178.0
0  1.49e+06 4857.80 | 4857.80    0.0   2885     0 |    1.60   8.26   0.12  -0.67
0  1.50e+06 4878.80 |
成功率：99.9%, 提交量大于阈值的概率：0.94184%, 超供率：99.5%, 超供程度：85.0%, 方差：177.7
0  1.50e+06 4878.80 | 4878.80    0.0   2885     0 |    1.61   9.56   0.07  -0.68
0  1.51e+06 4897.98 |
成功率：99.9%, 提交量大于阈值的概率：0.95095%, 超供率：99.5%, 超供程度：84.8%, 方差：176.9
0  1.51e+06 4897.98 | 4897.98    0.0   2885     0 |    1.61   7.91   0.06  -0.67
0  1.52e+06 4898.37 |
成功率：99.9%, 提交量大于阈值的概率：0.94188%, 超供率：99.4%, 超供程度：84.5%, 方差：176.9
0  1.52e+06 4898.37 | 4898.37    0.0   2886     0 |    1.61   9.86   0.09  -0.67
0  1.54e+06 4904.41 |
成功率：99.9%, 提交量大于阈值的概率：0.93575%, 超供率：99.4%, 超供程度：84.6%, 方差：176.4
0  1.54e+06 4904.41 | 4904.41    0.0   2885     0 |    1.61   9.32   0.05  -0.67
0  1.55e+06 4904.41 | 4901.99    0.0   2885     0 |    1.61  10.10   0.06  -0.68
0  1.59e+06 4904.41 | 4882.94    0.0   2885     0 |    1.61   9.82   0.09  -0.68
0  1.63e+06 4909.95 |
成功率：99.9%, 提交量大于阈值的概率：0.92103%, 超供率：99.4%, 超供程度：84.5%, 方差：179.2
0  1.63e+06 4909.95 | 4909.95    0.0   2886     0 |    1.62   8.37   0.05  -0.69
0  1.64e+06 4909.95 | 4907.44    0.0   2886     0 |    1.62   9.31   0.08  -0.69
0  1.68e+06 4921.93 |
成功率：100.0%, 提交量大于阈值的概率：0.91175%, 超供率：99.3%, 超供程度：84.0%, 方差：178.7
0  1.68e+06 4921.93 | 4921.93    0.0   2886     0 |    1.62  11.59  -0.04  -0.70
0  1.69e+06 4922.12 |
成功率：100.0%, 提交量大于阈值的概率：0.89013%, 超供率：99.3%, 超供程度：83.9%, 方差：179.0
0  1.69e+06 4922.12 | 4922.12    0.0   2886     0 |    1.62   9.30   0.11  -0.70
0  1.70e+06 4922.12 | 4919.52    0.0   2886     0 |    1.62   9.54   0.05  -0.70
0  1.74e+06 4925.54 |
成功率：100.0%, 提交量大于阈值的概率：0.89366%, 超供率：99.3%, 超供程度：83.4%, 方差：177.6
0  1.74e+06 4925.54 | 4925.54    0.0   2886     0 |    1.63   9.81  -0.02  -0.70
0  1.76e+06 4925.54 | 4924.75    0.0   2886     0 |    1.63   8.96   0.09  -0.70
0  1.80e+06 4934.25 |
成功率：100.0%, 提交量大于阈值的概率：0.89466%, 超供率：99.2%, 超供程度：83.4%, 方差：177.6
0  1.80e+06 4934.25 | 4934.25    0.0   2886     0 |    1.63  10.06   0.03  -0.71
0  1.81e+06 4951.01 |
成功率：99.9%, 提交量大于阈值的概率：0.88116%, 超供率：99.2%, 超供程度：83.3%, 方差：177.1
0  1.81e+06 4951.01 | 4951.01    0.0   2886     0 |    1.64   8.71  -0.00  -0.71
0  1.82e+06 4951.01 | 4943.51    0.0   2886     0 |    1.64  11.02   0.14  -0.71
0  1.86e+06 4951.01 | 4944.84    0.0   2886     0 |    1.63   9.24  -0.03  -0.72
0  1.90e+06 4951.01 | 4929.01    0.0   2886     0 |    1.64   8.97   0.14  -0.73
0  1.94e+06 4951.01 | 4921.33    0.0   2886     0 |    1.63  10.08   0.06  -0.73
0  1.98e+06 4951.01 | 4917.41    0.0   2885     0 |    1.63   9.31   0.01  -0.72
0  2.02e+06 4951.01 | 4930.35    0.0   2885     0 |    1.63   9.20   0.09  -0.72
0  2.06e+06 4951.01 | 4930.24    0.0   2885     0 |    1.64   9.12   0.09  -0.72
0  2.10e+06 4951.01 | 4928.23    0.0   2885     0 |    1.63  10.64   0.02  -0.73
0  2.14e+06 4953.07 |
成功率：99.9%, 提交量大于阈值的概率：0.92789%, 超供率：99.4%, 超供程度：83.5%, 方差：177.3
0  2.14e+06 4953.07 | 4953.07    0.0   2885     0 |    1.64   9.86   0.05  -0.72
0  2.15e+06 4955.08 |
成功率：99.9%, 提交量大于阈值的概率：0.94610%, 超供率：99.4%, 超供程度：83.6%, 方差：176.4
0  2.15e+06 4955.08 | 4955.08    0.0   2885     0 |    1.64   8.05   0.17  -0.73
0  2.16e+06 4957.40 |
成功率：99.9%, 提交量大于阈值的概率：0.94329%, 超供率：99.4%, 超供程度：83.5%, 方差：176.6
0  2.16e+06 4957.40 | 4957.40    0.0   2885     0 |    1.63   9.60   0.06  -0.73
0  2.18e+06 4981.46 |
成功率：99.9%, 提交量大于阈值的概率：0.92153%, 超供率：99.4%, 超供程度：83.1%, 方差：176.1
0  2.18e+06 4981.46 | 4981.46    0.0   2885     0 |    1.65  10.01   0.01  -0.73
0  2.19e+06 4981.46 | 4979.17    0.0   2885     0 |    1.64   9.70  -0.02  -0.73
0  2.23e+06 5003.88 |
成功率：99.9%, 提交量大于阈值的概率：0.93272%, 超供率：99.4%, 超供程度：83.0%, 方差：176.4
0  2.23e+06 5003.88 | 5003.88    0.0   2885     0 |    1.65  11.14   0.02  -0.74
0  2.24e+06 5019.09 |
成功率：99.8%, 提交量大于阈值的概率：0.92097%, 超供率：99.3%, 超供程度：83.0%, 方差：176.3
0  2.24e+06 5019.09 | 5019.09    0.0   2885     0 |    1.65   9.14   0.08  -0.74
0  2.25e+06 5019.09 | 5001.85    0.0   2885     0 |    1.65   9.21   0.14  -0.74
0  2.29e+06 5019.09 | 4998.34    0.0   2885     0 |    1.65   9.85   0.10  -0.75
0  2.33e+06 5019.09 | 4989.37    0.0   2885     0 |    1.65   8.84   0.15  -0.76
0  2.37e+06 5019.09 | 5005.58    0.0   2885     0 |    1.66  10.41   0.02  -0.76
0  2.41e+06 5019.09 | 5004.35    0.0   2885     0 |    1.66   9.34   0.08  -0.77
0  2.45e+06 5019.09 | 5005.55    0.0   2885     0 |    1.66   9.53   0.06  -0.79
0  2.49e+06 5019.09 | 5008.35    0.0   2886     0 |    1.67   9.10   0.10  -0.80
0  2.53e+06 5019.09 | 4992.17    0.0   2885     0 |    1.67  10.63   0.05  -0.81
0  2.57e+06 5019.09 | 4998.77    0.0   2886     0 |    1.67   9.66   0.12  -0.82
0  2.62e+06 5019.09 | 4999.52    0.0   2886     0 |    1.67   9.81  -0.01  -0.83
0  2.66e+06 5019.09 | 4987.13    0.0   2885     0 |    1.66   9.75   0.14  -0.84
0  2.70e+06 5019.09 | 4986.19    0.0   2885     0 |    1.67   9.34  -0.04  -0.84
0  2.74e+06 5019.09 | 4990.56    0.0   2886     0 |    1.67   9.69   0.05  -0.84
0  2.78e+06 5019.09 | 5011.25    0.0   2885     0 |    1.68   8.57   0.07  -0.84
0  2.82e+06 5019.09 | 4995.14    0.0   2885     0 |    1.67   8.53   0.07  -0.84
0  2.86e+06 5019.09 | 5000.57    0.0   2886     0 |    1.67  10.35   0.10  -0.84
0  2.90e+06 5019.09 | 5000.96    0.0   2886     0 |    1.67   9.63   0.00  -0.86
0  2.94e+06 5019.09 | 4999.30    0.0   2885     0 |    1.67   7.77   0.11  -0.86
0  2.98e+06 5019.09 | 5001.21    0.0   2885     0 |    1.67   9.58   0.14  -0.87
0  3.02e+06 5019.09 | 5011.76    0.0   2886     0 |    1.68   9.11   0.04  -0.88
0  3.05e+06 5019.09 | 5001.61    0.0   2886     0 |    1.67   9.31   0.13  -0.89
0  3.09e+06 5019.09 | 5014.08    0.0   2886     0 |    1.68   8.94   0.17  -0.90
0  3.13e+06 5019.09 | 5011.74    0.0   2885     0 |    1.68  10.05   0.04  -0.91
0  3.18e+06 5026.34 |
成功率：99.9%, 提交量大于阈值的概率：0.89519%, 超供率：99.4%, 超供程度：80.9%, 方差：175.5
0  3.18e+06 5026.34 | 5026.34    0.0   2885     0 |    1.69   8.85   0.09  -0.92
0  3.19e+06 5026.34 | 5018.60    0.0   2885     0 |    1.68   9.37   0.07  -0.92
0  3.23e+06 5029.85 |
成功率：99.9%, 提交量大于阈值的概率：0.89588%, 超供率：99.5%, 超供程度：80.8%, 方差：176.0
0  3.23e+06 5029.85 | 5029.85    0.0   2885     0 |    1.69   9.36   0.09  -0.93
0  3.24e+06 5029.85 | 5026.38    0.0   2885     0 |    1.69   9.69   0.05  -0.93
0  3.28e+06 5033.83 |
成功率：99.9%, 提交量大于阈值的概率：0.88331%, 超供率：99.5%, 超供程度：80.2%, 方差：177.1
0  3.28e+06 5033.83 | 5033.83    0.0   2886     0 |    1.69  10.76  -0.03  -0.94
0  3.29e+06 5033.83 | 5029.21    0.0   2886     0 |    1.69  10.36  -0.04  -0.94
0  3.33e+06 5033.83 | 5015.90    0.0   2886     0 |    1.69   8.81   0.09  -0.94
0  3.37e+06 5033.83 | 5008.69    0.0   2886     0 |    1.69  10.44   0.00  -0.94
0  3.41e+06 5033.83 | 4989.11    0.0   2886     0 |    1.68   9.42   0.02  -0.95
0  3.45e+06 5033.83 | 4996.44    0.0   2886     0 |    1.68   9.21   0.05  -0.96
0  3.49e+06 5033.83 | 5019.72    0.0   2885     0 |    1.69   8.75   0.09  -0.96
0  3.53e+06 5039.00 |
成功率：99.9%, 提交量大于阈值的概率：0.86480%, 超供率：99.3%, 超供程度：80.3%, 方差：177.1
0  3.53e+06 5039.00 | 5039.00    0.0   2885     0 |    1.69   8.74   0.06  -0.96
0  3.54e+06 5046.95 |
成功率：99.8%, 提交量大于阈值的概率：0.85758%, 超供率：99.3%, 超供程度：79.8%, 方差：177.5
0  3.54e+06 5046.95 | 5046.95    0.0   2886     0 |    1.70   9.87   0.15  -0.97
0  3.56e+06 5050.45 |
成功率：99.9%, 提交量大于阈值的概率：0.85658%, 超供率：99.2%, 超供程度：79.2%, 方差：177.7
0  3.56e+06 5050.45 | 5050.45    0.0   2886     0 |    1.69   9.62   0.03  -0.97
0  3.57e+06 5062.67 |
成功率：99.9%, 提交量大于阈值的概率：0.83943%, 超供率：99.2%, 超供程度：78.8%, 方差：178.2
0  3.57e+06 5062.67 | 5062.67    0.0   2886     0 |    1.70  11.33   0.01  -0.97
0  3.58e+06 5062.67 | 5048.86    0.0   2886     0 |    1.70   9.49   0.13  -0.97
0  3.62e+06 5062.67 | 5043.74    0.0   2886     0 |    1.70   8.53   0.01  -0.98
0  3.66e+06 5062.67 | 5051.57    0.0   2886     0 |    1.70   7.57   0.18  -0.99
0  3.70e+06 5082.43 |
成功率：99.9%, 提交量大于阈值的概率：0.81768%, 超供率：99.1%, 超供程度：77.4%, 方差：176.7
0  3.70e+06 5082.43 | 5082.43    0.0   2886     0 |    1.71   8.01   0.09  -1.00
0  3.71e+06 5085.46 |
成功率：99.8%, 提交量大于阈值的概率：0.81870%, 超供率：99.1%, 超供程度：77.0%, 方差：177.3
0  3.71e+06 5085.46 | 5085.46    0.0   2886     0 |    1.71   8.61   0.06  -1.00
0  3.72e+06 5085.46 | 5083.35    0.0   2886     0 |    1.71  10.37   0.06  -1.00
0  3.76e+06 5098.96 |
成功率：99.9%, 提交量大于阈值的概率：0.82042%, 超供率：99.1%, 超供程度：77.3%, 方差：176.0
0  3.76e+06 5098.96 | 5098.96    0.0   2886     0 |    1.71   8.54   0.21  -1.01
0  3.78e+06 5105.48 |
成功率：99.9%, 提交量大于阈值的概率：0.82489%, 超供率：99.1%, 超供程度：77.4%, 方差：175.4
0  3.78e+06 5105.48 | 5105.48    0.0   2886     0 |    1.72   8.81   0.10  -1.01
0  3.79e+06 5108.25 |
成功率：99.9%, 提交量大于阈值的概率：0.81386%, 超供率：99.1%, 超供程度：77.3%, 方差：176.0
0  3.79e+06 5108.25 | 5108.25    0.0   2886     0 |    1.72   9.40   0.08  -1.01
0  3.80e+06 5108.25 | 5099.95    0.0   2886     0 |    1.72   9.19   0.11  -1.01
0  3.84e+06 5108.25 | 5088.79    0.0   2886     0 |    1.72  10.00   0.12  -1.02
0  3.88e+06 5108.25 | 5094.76    0.0   2886     0 |    1.72   8.88   0.03  -1.02
