################################################################################
ID     Step    maxR |    avgR   stdR   avgS  stdS |    expR   objC   etc.
0  5.77e+03 4403.85 |
成功率：100.0%, 提交量大于阈值的概率：0.86351%, 超供率：99.2%, 超供程度：90.0%, 方差：205.3
0  5.77e+03 4403.85 | 4403.85    0.0   2885     0 |    1.41   1.50  -0.01  -0.50
0  1.73e+04 4444.59 |
成功率：100.0%, 提交量大于阈值的概率：0.88521%, 超供率：99.7%, 超供程度：90.1%, 方差：202.0
0  1.73e+04 4444.59 | 4444.59    0.0   2885     0 |    1.43   1.14  -0.02  -0.50
0  2.89e+04 4533.58 |
成功率：100.0%, 提交量大于阈值的概率：0.88883%, 超供率：99.4%, 超供程度：89.9%, 方差：197.1
0  2.89e+04 4533.58 | 4533.58    0.0   2885     0 |    1.45   0.67   0.05  -0.51
0  4.04e+04 4550.51 |
成功率：100.0%, 提交量大于阈值的概率：0.89064%, 超供率：100.0%, 超供程度：89.8%, 方差：195.5
0  4.04e+04 4550.51 | 4550.51    0.0   2885     0 |    1.46   0.66   0.17  -0.51
0  5.20e+04 4629.43 |
成功率：100.0%, 提交量大于阈值的概率：0.87074%, 超供率：99.9%, 超供程度：89.5%, 方差：192.3
0  5.20e+04 4629.43 | 4629.43    0.0   2885     0 |    1.49   0.72  -0.03  -0.52
0  6.35e+04 4677.54 |
成功率：100.0%, 提交量大于阈值的概率：0.88973%, 超供率：100.0%, 超供程度：89.4%, 方差：190.8
0  6.35e+04 4677.54 | 4677.54    0.0   2885     0 |    1.51   0.74   0.10  -0.53
0  7.51e+04 4717.48 |
成功率：100.0%, 提交量大于阈值的概率：0.82825%, 超供率：100.0%, 超供程度：89.0%, 方差：188.5
0  7.51e+04 4717.48 | 4717.48    0.0   2885     0 |    1.52   0.68   0.02  -0.54
0  8.66e+04 4758.45 |
成功率：100.0%, 提交量大于阈值的概率：0.83096%, 超供率：99.9%, 超供程度：88.3%, 方差：186.1
0  8.66e+04 4758.45 | 4758.45    0.0   2885     0 |    1.53   0.59  -0.02  -0.54
0  9.82e+04 4808.98 |
成功率：100.0%, 提交量大于阈值的概率：0.81842%, 超供率：99.9%, 超供程度：87.7%, 方差：184.3
0  9.82e+04 4808.98 | 4808.98    0.0   2885     0 |    1.55   0.57  -0.03  -0.55
0  1.10e+05 4838.54 |
成功率：100.0%, 提交量大于阈值的概率：0.78859%, 超供率：99.9%, 超供程度：87.3%, 方差：183.3
0  1.10e+05 4838.54 | 4838.54    0.0   2885     0 |    1.56   0.56   0.02  -0.56
0  1.21e+05 4889.26 |
成功率：99.9%, 提交量大于阈值的概率：0.76776%, 超供率：99.8%, 超供程度：86.7%, 方差：181.0
0  1.21e+05 4889.26 | 4889.26    0.0   2885     0 |    1.58   0.54   0.18  -0.56
0  1.33e+05 4918.57 |
成功率：99.8%, 提交量大于阈值的概率：0.75842%, 超供率：99.7%, 超供程度：86.3%, 方差：179.3
0  1.33e+05 4918.57 | 4918.57    0.0   2885     0 |    1.59   0.59   0.06  -0.57
0  1.44e+05 4937.48 |
成功率：99.8%, 提交量大于阈值的概率：0.74870%, 超供率：99.6%, 超供程度：85.6%, 方差：178.4
0  1.44e+05 4937.48 | 4937.48    0.0   2885     0 |    1.60   0.57   0.04  -0.58
0  1.56e+05 4973.08 |
成功率：99.7%, 提交量大于阈值的概率：0.74538%, 超供率：99.6%, 超供程度：85.2%, 方差：177.8
0  1.56e+05 4973.08 | 4973.08    0.0   2885     0 |    1.61   0.53   0.11  -0.59
0  1.68e+05 4975.42 |
成功率：99.6%, 提交量大于阈值的概率：0.72961%, 超供率：99.4%, 超供程度：84.3%, 方差：176.7
0  1.68e+05 4975.42 | 4975.42    0.0   2886     0 |    1.63   0.69  -0.04  -0.60
0  1.79e+05 4991.51 |
成功率：99.6%, 提交量大于阈值的概率：0.74343%, 超供率：99.4%, 超供程度：84.0%, 方差：176.7
0  1.79e+05 4991.51 | 4991.51    0.0   2887     0 |    1.63   0.61   0.00  -0.61
0  1.91e+05 5022.48 |
成功率：99.7%, 提交量大于阈值的概率：0.71858%, 超供率：99.3%, 超供程度：83.6%, 方差：175.7
0  1.91e+05 5022.48 | 5022.48    0.0   2887     0 |    1.65   0.53  -0.05  -0.61
0  2.02e+05 5048.18 |
成功率：99.5%, 提交量大于阈值的概率：0.71419%, 超供率：99.3%, 超供程度：83.3%, 方差：174.0
0  2.02e+05 5048.18 | 5048.18    0.0   2887     0 |    1.65   0.55   0.15  -0.62
0  2.14e+05 5076.20 |
成功率：99.5%, 提交量大于阈值的概率：0.71244%, 超供率：99.3%, 超供程度：82.6%, 方差：172.9
0  2.14e+05 5076.20 | 5076.20    0.0   2887     0 |    1.66   0.53   0.02  -0.63
0  2.25e+05 5076.20 | 5076.07    0.0   2887     0 |    1.67   0.59  -0.05  -0.64
0  2.66e+05 5169.19 |
成功率：99.3%, 提交量大于阈值的概率：0.67848%, 超供率：99.0%, 超供程度：79.9%, 方差：168.8
0  2.66e+05 5169.19 | 5169.19    0.0   2888     0 |    1.70   0.58  -0.09  -0.67
0  2.77e+05 5208.49 |
成功率：99.3%, 提交量大于阈值的概率：0.65739%, 超供率：99.0%, 超供程度：79.4%, 方差：167.8
0  2.77e+05 5208.49 | 5208.49    0.0   2888     0 |    1.71   0.46  -0.02  -0.67
0  2.89e+05 5225.62 |
成功率：99.3%, 提交量大于阈值的概率：0.64759%, 超供率：98.9%, 超供程度：78.7%, 方差：167.5
0  2.89e+05 5225.62 | 5225.62    0.0   2889     0 |    1.71   0.45  -0.02  -0.68
0  3.00e+05 5229.16 |
成功率：99.2%, 提交量大于阈值的概率：0.66475%, 超供率：98.7%, 超供程度：77.1%, 方差：166.0
0  3.00e+05 5229.16 | 5229.16    0.0   2889     0 |    1.72   0.40  -0.01  -0.69
0  3.12e+05 5238.31 |
成功率：99.0%, 提交量大于阈值的概率：0.65849%, 超供率：98.5%, 超供程度：76.0%, 方差：164.2
0  3.12e+05 5238.31 | 5238.31    0.0   2890     0 |    1.74   0.53   0.02  -0.70
0  3.23e+05 5267.92 |
成功率：99.0%, 提交量大于阈值的概率：0.64503%, 超供率：98.4%, 超供程度：75.3%, 方差：163.4
0  3.23e+05 5267.92 | 5267.92    0.0   2891     0 |    1.74   0.41  -0.04  -0.70
0  3.35e+05 5306.33 |
成功率：99.0%, 提交量大于阈值的概率：0.63596%, 超供率：98.2%, 超供程度：74.7%, 方差：161.3
0  3.35e+05 5306.33 | 5306.33    0.0   2891     0 |    1.75   0.40   0.01  -0.71
0  3.47e+05 5335.98 |
成功率：98.9%, 提交量大于阈值的概率：0.63607%, 超供率：98.0%, 超供程度：74.2%, 方差：159.5
0  3.47e+05 5335.98 | 5335.98    0.0   2891     0 |    1.76   0.36   0.05  -0.72
0  3.58e+05 5352.93 |
成功率：98.8%, 提交量大于阈值的概率：0.64795%, 超供率：97.6%, 超供程度：72.8%, 方差：157.9
0  3.58e+05 5352.93 | 5352.93    0.0   2891     0 |    1.77   0.41   0.08  -0.73
0  3.70e+05 5383.23 |
成功率：98.6%, 提交量大于阈值的概率：0.63825%, 超供率：97.3%, 超供程度：72.3%, 方差：155.7
0  3.70e+05 5383.23 | 5383.23    0.0   2891     0 |    1.77   0.41   0.05  -0.74
0  3.81e+05 5410.52 |
成功率：98.1%, 提交量大于阈值的概率：0.60190%, 超供率：96.5%, 超供程度：71.2%, 方差：150.2
0  3.81e+05 5410.52 | 5410.52    0.0   2891     0 |    1.79   0.33  -0.06  -0.75
0  3.93e+05 5491.44 |
成功率：97.6%, 提交量大于阈值的概率：0.57429%, 超供率：95.7%, 超供程度：70.5%, 方差：144.0
0  3.93e+05 5491.44 | 5491.44    0.0   2891     0 |    1.80   0.32  -0.04  -0.76
0  4.04e+05 5536.30 |
成功率：96.9%, 提交量大于阈值的概率：0.50554%, 超供率：94.4%, 超供程度：69.3%, 方差：136.7
0  4.04e+05 5536.30 | 5536.30    0.0   2891     0 |    1.82   0.35   0.06  -0.77
0  4.16e+05 5595.13 |
成功率：96.2%, 提交量大于阈值的概率：0.44346%, 超供率：93.3%, 超供程度：68.8%, 方差：129.2
0  4.16e+05 5595.13 | 5595.13    0.0   2890     0 |    1.83   0.34   0.05  -0.78
0  4.28e+05 5622.78 |
成功率：95.2%, 提交量大于阈值的概率：0.33141%, 超供率：91.9%, 超供程度：68.2%, 方差：121.4
0  4.28e+05 5622.78 | 5622.78    0.0   2890     0 |    1.84   0.25   0.03  -0.79
0  4.39e+05 5622.78 | 5606.46    0.0   2890     0 |    1.85   0.28   0.06  -0.80
0  4.80e+05 5622.78 | 5589.52    0.0   2891     0 |    1.86   0.24  -0.00  -0.83
0  5.20e+05 5634.44 |
成功率：93.9%, 提交量大于阈值的概率：0.08376%, 超供率：86.9%, 超供程度：63.8%, 方差：111.5
0  5.20e+05 5634.44 | 5634.44    0.0   2891     0 |    1.88   0.24   0.06  -0.85
0  5.32e+05 5702.32 |
成功率：94.6%, 提交量大于阈值的概率：0.11468%, 超供率：87.9%, 超供程度：65.3%, 方差：116.1
0  5.32e+05 5702.32 | 5702.32    0.0   2891     0 |    1.88   0.25   0.09  -0.86
0  5.43e+05 5702.32 | 5687.91    0.0   2891     0 |    1.88   0.30   0.14  -0.87
0  5.84e+05 5760.43 |
成功率：95.1%, 提交量大于阈值的概率：0.17121%, 超供率：85.7%, 超供程度：63.2%, 方差：118.1
0  5.84e+05 5760.43 | 5760.43    0.0   2891     0 |    1.90   0.28   0.00  -0.90
0  5.95e+05 5760.43 | 5738.82    0.0   2891     0 |    1.91   0.23   0.11  -0.90
0  6.36e+05 5762.29 |
成功率：94.8%, 提交量大于阈值的概率：0.18875%, 超供率：80.9%, 超供程度：59.0%, 方差：115.7
0  6.36e+05 5762.29 | 5762.29    0.0   2891     0 |    1.93   0.28   0.03  -0.94
0  6.47e+05 5792.31 |
成功率：95.1%, 提交量大于阈值的概率：0.19390%, 超供率：80.9%, 超供程度：59.5%, 方差：117.4
0  6.47e+05 5792.31 | 5792.31    0.0   2891     0 |    1.93   0.25   0.01  -0.94
0  6.59e+05 5792.31 | 5779.64    0.0   2891     0 |    1.94   0.27   0.03  -0.95
0  6.99e+05 5866.37 |
成功率：95.5%, 提交量大于阈值的概率：0.23092%, 超供率：78.4%, 超供程度：57.9%, 方差：118.7
0  6.99e+05 5866.37 | 5866.37    0.0   2891     0 |    1.96   0.25  -0.10  -0.97
0  7.11e+05 5880.01 |
成功率：95.8%, 提交量大于阈值的概率：0.28889%, 超供率：78.2%, 超供程度：57.2%, 方差：120.0
0  7.11e+05 5880.01 | 5880.01    0.0   2891     0 |    1.97   0.20   0.01  -0.98
0  7.22e+05 5880.01 | 5866.33    0.0   2891     0 |    1.97   0.22  -0.01  -0.98
0  7.63e+05 5889.73 |
成功率：95.3%, 提交量大于阈值的概率：0.24852%, 超供率：72.8%, 超供程度：53.6%, 方差：116.8
0  7.63e+05 5889.73 | 5889.73    0.0   2891     0 |    1.99   0.21   0.00  -1.01
0  7.75e+05 5910.62 |
成功率：95.4%, 提交量大于阈值的概率：0.21236%, 超供率：73.2%, 超供程度：54.5%, 方差：117.1
0  7.75e+05 5910.62 | 5910.62    0.0   2891     0 |    1.99   0.25   0.06  -1.02
0  7.86e+05 5920.59 |
成功率：95.4%, 提交量大于阈值的概率：0.23030%, 超供率：72.1%, 超供程度：53.5%, 方差：117.2
0  7.86e+05 5920.59 | 5920.59    0.0   2891     0 |    1.99   0.28   0.09  -1.03
0  7.98e+05 5920.59 | 5916.93    0.0   2891     0 |    2.00   0.25   0.15  -1.04
0  8.32e+05 5963.74 |
成功率：95.9%, 提交量大于阈值的概率：0.25360%, 超供率：71.8%, 超供程度：53.6%, 方差：119.7
0  8.32e+05 5963.74 | 5963.74    0.0   2891     0 |    2.01   0.18   0.00  -1.06
0  8.44e+05 5963.74 | 5885.63    0.0   2891     0 |    2.01   0.20  -0.13  -1.06
0  8.79e+05 5963.74 | 5959.43    0.0   2891     0 |    2.02   0.25   0.17  -1.08
0  9.19e+05 5995.60 |
成功率：96.2%, 提交量大于阈值的概率：0.32236%, 超供率：69.3%, 超供程度：51.3%, 方差：121.7
0  9.19e+05 5995.60 | 5995.60    0.0   2891     0 |    2.03   0.27   0.00  -1.10
0  9.31e+05 6002.48 |
成功率：96.2%, 提交量大于阈值的概率：0.30156%, 超供率：70.2%, 超供程度：52.5%, 方差：121.8
0  9.31e+05 6002.48 | 6002.48    0.0   2891     0 |    2.03   0.22   0.10  -1.11
0  9.42e+05 6002.48 | 6001.60    0.0   2891     0 |    2.03   0.22   0.13  -1.11
0  9.83e+05 6002.48 | 5957.58    0.0   2891     0 |    2.02   0.21   0.07  -1.13
0  1.02e+06 6010.44 |
成功率：96.5%, 提交量大于阈值的概率：0.36923%, 超供率：69.6%, 超供程度：51.8%, 方差：123.4
0  1.02e+06 6010.44 | 6010.44    0.0   2891     0 |    2.04   0.22  -0.02  -1.14
0  1.03e+06 6010.44 | 5830.67    0.0   2891     0 |    2.04   0.23  -0.12  -1.14
0  1.07e+06 6010.44 | 5626.19    0.0   2892     0 |    1.93   0.21  -0.04  -1.15
0  1.10e+06 6010.44 | 5716.69    0.0   2891     0 |    1.96   0.15  -0.04  -1.16
0  1.14e+06 6010.44 | 5819.62    0.0   2891     0 |    2.00   0.19   0.01  -1.16
0  1.17e+06 6010.44 | 5109.73    0.0   2891     0 |    1.76   0.33  -0.04  -1.16
0  1.21e+06 6010.44 | 5600.23    0.0   2891     0 |    1.89   0.26  -0.03  -1.17
0  1.25e+06 6010.44 | 5746.50    0.0   2891     0 |    1.94   0.27  -0.01  -1.18
0  1.29e+06 6010.44 | 5845.47    0.0   2891     0 |    1.97   0.27  -0.02  -1.18
0  1.34e+06 6010.44 | 5896.52    0.0   2891     0 |    2.00   0.22   0.02  -1.18
0  1.38e+06 6010.44 | 5945.19    0.0   2891     0 |    2.00   0.26  -0.00  -1.19
0  1.42e+06 6010.44 | 5942.56    0.0   2891     0 |    2.00   0.22  -0.09  -1.18
0  1.46e+06 6010.44 | 5953.17    0.0   2891     0 |    2.00   0.28   0.06  -1.18
0  1.50e+06 6010.44 | 6005.38    0.0   2891     0 |    2.04   0.26  -0.05  -1.18
0  1.54e+06 6041.50 |
成功率：96.4%, 提交量大于阈值的概率：0.32531%, 超供率：75.9%, 超供程度：53.1%, 方差：123.4
0  1.54e+06 6041.50 | 6041.50    0.0   2891     0 |    2.04   0.20  -0.04  -1.17
0  1.55e+06 6045.81 |
成功率：96.4%, 提交量大于阈值的概率：0.30104%, 超供率：76.2%, 超供程度：53.7%, 方差：123.0
0  1.55e+06 6045.81 | 6045.81    0.0   2891     0 |    2.04   0.23  -0.05  -1.18
0  1.56e+06 6050.26 |
成功率：96.3%, 提交量大于阈值的概率：0.31164%, 超供率：75.9%, 超供程度：52.3%, 方差：122.4
0  1.56e+06 6050.26 | 6050.26    0.0   2891     0 |    2.05   0.24  -0.04  -1.18
0  1.57e+06 6050.26 | 6037.38    0.0   2891     0 |    2.05   0.20  -0.13  -1.18
0  1.61e+06 6050.26 | 4946.93    0.0   2885     0 |    1.73   0.51   0.14  -1.18
0  1.65e+06 6050.26 | 4997.23    0.0   2885     0 |    1.71   0.59   0.10  -1.18
0  1.69e+06 6050.26 | 5029.26    0.0   2885     0 |    1.72   0.49   0.14  -1.18
0  1.73e+06 6050.26 | 5050.00    0.0   2885     0 |    1.72   0.57   0.05  -1.18
0  1.77e+06 6050.26 | 5064.35    0.0   2885     0 |    1.73   0.53  -0.06  -1.18
0  1.81e+06 6050.26 | 5089.24    0.0   2885     0 |    1.74   0.55   0.01  -1.18
0  1.85e+06 6050.26 | 5115.50    0.0   2886     0 |    1.75   0.46   0.04  -1.17
0  1.89e+06 6050.26 | 5133.33    0.0   2886     0 |    1.75   0.48   0.09  -1.17
0  1.93e+06 6050.26 | 5139.02    0.0   2887     0 |    1.75   0.61  -0.13  -1.16
0  1.97e+06 6050.26 | 5159.20    0.0   2887     0 |    1.76   0.51   0.00  -1.16
0  2.01e+06 6050.26 | 5165.87    0.0   2886     0 |    1.77   0.63   0.08  -1.16
0  2.05e+06 6050.26 | 5180.37    0.0   2886     0 |    1.77   0.55   0.01  -1.17
0  2.09e+06 6050.26 | 5197.63    0.0   2886     0 |    1.78   0.59   0.04  -1.17
0  2.13e+06 6050.26 | 5201.68    0.0   2886     0 |    1.78   0.55   0.05  -1.17
0  2.17e+06 6050.26 | 5219.63    0.0   2886     0 |    1.78   0.47   0.08  -1.17
0  2.21e+06 6050.26 | 5222.12    0.0   2886     0 |    1.79   0.51   0.02  -1.16
0  2.25e+06 6050.26 | 5226.00    0.0   2887     0 |    1.79   0.59  -0.12  -1.16
0  2.28e+06 6050.26 | 5243.27    0.0   2887     0 |    1.79   0.62   0.18  -1.15
0  2.32e+06 6050.26 | 5239.06    0.0   2887     0 |    1.80   0.57  -0.05  -1.16
0  2.36e+06 6050.26 | 5278.79    0.0   2887     0 |    1.80   0.49   0.02  -1.16
0  2.40e+06 6050.26 | 5301.73    0.0   2888     0 |    1.81   0.50   0.15  -1.17
0  2.44e+06 6050.26 | 5318.46    0.0   2888     0 |    1.82   0.40   0.03  -1.18
0  2.48e+06 6050.26 | 5327.19    0.0   2888     0 |    1.82   0.52   0.08  -1.17
0  2.52e+06 6050.26 | 5344.40    0.0   2888     0 |    1.83   0.55   0.12  -1.16
0  2.56e+06 6050.26 | 5356.14    0.0   2888     0 |    1.83   0.59  -0.03  -1.17
0  2.60e+06 6050.26 | 5337.05    0.0   2889     0 |    1.83   0.47   0.03  -1.17
0  2.64e+06 6050.26 | 5399.80    0.0   2889     0 |    1.85   0.54   0.10  -1.17
0  2.68e+06 6050.26 | 5447.29    0.0   2889     0 |    1.86   0.46   0.08  -1.16
0  2.72e+06 6050.26 | 5460.48    0.0   2890     0 |    1.87   0.39   0.03  -1.16
0  2.76e+06 6050.26 | 5499.98    0.0   2890     0 |    1.88   0.44   0.07  -1.16
0  2.80e+06 6050.26 | 5521.26    0.0   2890     0 |    1.88   0.43   0.09  -1.17
0  2.83e+06 6050.26 | 5533.28    0.0   2890     0 |    1.89   0.34  -0.04  -1.16
0  2.87e+06 6050.26 | 5276.61    0.0   2886     0 |    1.81   0.38  -0.07  -1.16
0  2.91e+06 6050.26 | 5353.30    0.0   2887     0 |    1.83   0.43   0.06  -1.17
0  2.95e+06 6050.26 | 5365.22    0.0   2888     0 |    1.84   0.32   0.00  -1.17
0  2.99e+06 6050.26 | 5381.99    0.0   2888     0 |    1.84   0.46   0.06  -1.17
0  3.03e+06 6050.26 | 5408.54    0.0   2888     0 |    1.85   0.48   0.04  -1.15
0  3.07e+06 6050.26 | 5411.51    0.0   2889     0 |    1.85   0.51  -0.04  -1.16
0  3.11e+06 6050.26 | 5429.18    0.0   2888     0 |    1.86   0.40   0.01  -1.16
0  3.15e+06 6050.26 | 5439.07    0.0   2889     0 |    1.86   0.50   0.02  -1.16
0  3.19e+06 6050.26 | 5447.25    0.0   2889     0 |    1.86   0.51   0.02  -1.16
0  3.22e+06 6050.26 | 5435.60    0.0   2889     0 |    1.86   0.37   0.08  -1.16
0  3.26e+06 6050.26 | 5435.64    0.0   2889     0 |    1.86   0.52   0.03  -1.16
0  3.31e+06 6050.26 | 5460.85    0.0   2889     0 |    1.87   0.45   0.10  -1.15
0  3.35e+06 6050.26 | 5466.42    0.0   2890     0 |    1.88   0.59  -0.04  -1.16
0  3.39e+06 6050.26 | 5494.12    0.0   2890     0 |    1.88   0.43   0.07  -1.16
0  3.43e+06 6050.26 | 5382.87    0.0   2888     0 |    1.85   0.48   0.08  -1.16
0  3.47e+06 6050.26 | 5408.11    0.0   2889     0 |    1.86   0.46   0.10  -1.16
0  3.50e+06 6050.26 | 5439.90    0.0   2889     0 |    1.87   0.51  -0.04  -1.15
0  3.54e+06 6050.26 | 5460.19    0.0   2889     0 |    1.87   0.41   0.03  -1.15
0  3.58e+06 6050.26 | 5482.10    0.0   2889     0 |    1.88   0.48  -0.07  -1.16
0  3.62e+06 6050.26 | 5337.53    0.0   2888     0 |    1.83   0.52   0.17  -1.16
0  3.66e+06 6050.26 | 5320.27    0.0   2888     0 |    1.83   0.45   0.10  -1.15
0  3.70e+06 6050.26 | 5319.10    0.0   2888     0 |    1.83   0.52   0.07  -1.15
0  3.74e+06 6050.26 | 5349.42    0.0   2888     0 |    1.83   0.39   0.06  -1.16
0  3.78e+06 6050.26 | 5374.92    0.0   2888     0 |    1.84   0.54   0.05  -1.16
0  3.82e+06 6050.26 | 5368.80    0.0   2888     0 |    1.84   0.45  -0.03  -1.16
0  3.86e+06 6050.26 | 5371.06    0.0   2888     0 |    1.84   0.39   0.13  -1.16
0  3.90e+06 6050.26 | 5379.76    0.0   2888     0 |    1.85   0.44   0.08  -1.16
0  3.94e+06 6050.26 | 5416.26    0.0   2889     0 |    1.85   0.41   0.09  -1.16
0  3.98e+06 6050.26 | 5429.29    0.0   2888     0 |    1.86   0.36   0.12  -1.16
0  4.02e+06 6050.26 | 5436.93    0.0   2888     0 |    1.86   0.43   0.18  -1.16
0  4.06e+06 6050.26 | 5454.17    0.0   2888     0 |    1.87   0.33   0.12  -1.16
0  4.10e+06 6050.26 | 5465.30    0.0   2888     0 |    1.87   0.31   0.01  -1.16
