################################################################################
ID     Step    maxR |    avgR   stdR   avgS  stdS |    expR   objC   etc.
0  5.77e+03 3014.27 |
成功率：98.7%, 提交量大于阈值的概率：0.10589%, 超供率：96.4%, 超供程度：83.5%, 超供平均值：5.6, 方差：593.9
0  5.77e+03 3014.27 | 3014.27    0.0   2881     0 |    0.98   0.65  -0.07  -0.50
0  3.46e+04 3046.34 |
成功率：99.4%, 提交量大于阈值的概率：0.10520%, 超供率：97.9%, 超供程度：85.7%, 超供平均值：5.7, 方差：602.8
0  3.46e+04 3046.34 | 3046.34    0.0   2880     0 |    1.00   0.09  -0.14  -0.53
0  6.34e+04 3046.34 | 3036.21    0.0   2880     0 |    1.02   0.02  -0.01  -0.57
0  1.21e+05 3054.51 |
成功率：99.5%, 提交量大于阈值的概率：0.08007%, 超供率：98.4%, 超供程度：89.1%, 超供平均值：5.9, 方差：604.1
0  1.21e+05 3054.51 | 3054.51    0.0   2880     0 |    1.04   0.02   0.16  -0.68
0  1.50e+05 3054.51 | 3053.15    0.0   2880     0 |    1.04   0.02   0.08  -0.72
0  2.07e+05 3054.51 | 3052.36    0.0   2880     0 |    1.04   0.02  -0.03  -0.81
0  2.65e+05 3054.51 | 3052.19    0.0   2880     0 |    1.05   0.01   0.03  -0.90
0  3.23e+05 3054.51 | 3045.92    0.0   2880     0 |    1.05   0.01  -0.07  -0.98
0  3.80e+05 3054.51 | 3054.06    0.0   2880     0 |    1.05   0.01  -0.01  -1.07
0  4.38e+05 3071.43 |
成功率：99.2%, 提交量大于阈值的概率：0.00432%, 超供率：98.2%, 超供程度：88.6%, 超供平均值：5.9, 方差：590.0
0  4.38e+05 3071.43 | 3071.43    0.0   2880     0 |    1.05   0.01  -0.04  -1.10
0  4.72e+05 3072.12 |
成功率：99.2%, 提交量大于阈值的概率：0.00778%, 超供率：98.2%, 超供程度：88.3%, 超供平均值：5.9, 方差：589.3
0  4.72e+05 3072.12 | 3072.12    0.0   2880     0 |    1.06   0.01  -0.07  -1.14
0  5.01e+05 3076.55 |
成功率：99.2%, 提交量大于阈值的概率：0.02246%, 超供率：98.2%, 超供程度：87.7%, 超供平均值：5.8, 方差：590.3
0  5.01e+05 3076.55 | 3076.55    0.0   2880     0 |    1.06   0.01  -0.05  -1.14
0  5.36e+05 3082.13 |
成功率：99.3%, 提交量大于阈值的概率：0.04229%, 超供率：98.2%, 超供程度：87.0%, 超供平均值：5.8, 方差：593.0
0  5.36e+05 3082.13 | 3082.13    0.0   2880     0 |    1.06   0.01  -0.09  -1.16
0  5.65e+05 3082.49 |
成功率：99.3%, 提交量大于阈值的概率：0.02935%, 超供率：98.2%, 超供程度：87.5%, 超供平均值：5.8, 方差：592.5
0  5.65e+05 3082.49 | 3082.49    0.0   2880     0 |    1.06   0.01  -0.02  -1.19
0  5.93e+05 3088.36 |
成功率：99.4%, 提交量大于阈值的概率：0.07066%, 超供率：98.2%, 超供程度：86.2%, 超供平均值：5.7, 方差：599.5
0  5.93e+05 3088.36 | 3088.36    0.0   2880     0 |    1.07   0.01   0.14  -1.18
0  6.22e+05 3089.82 |
成功率：99.4%, 提交量大于阈值的概率：0.05519%, 超供率：98.0%, 超供程度：86.4%, 超供平均值：5.7, 方差：596.6
0  6.22e+05 3089.82 | 3089.82    0.0   2880     0 |    1.07   0.01   0.07  -1.18
0  6.57e+05 3095.12 |
成功率：99.5%, 提交量大于阈值的概率：0.05339%, 超供率：98.3%, 超供程度：86.7%, 超供平均值：5.7, 方差：601.8
0  6.57e+05 3095.12 | 3095.12    0.0   2880     0 |    1.07   0.01   0.02  -1.20
0  6.85e+05 3098.27 |
成功率：99.3%, 提交量大于阈值的概率：0.01985%, 超供率：97.5%, 超供程度：86.0%, 超供平均值：5.7, 方差：592.8
0  6.85e+05 3098.27 | 3098.27    0.0   2880     0 |    1.07   0.01  -0.05  -1.21
0  7.14e+05 3098.27 | 3095.90    0.0   2880     0 |    1.07   0.01   0.04  -1.20
0  7.72e+05 3111.72 |
成功率：99.5%, 提交量大于阈值的概率：0.04566%, 超供率：97.7%, 超供程度：84.9%, 超供平均值：5.6, 方差：599.8
0  7.72e+05 3111.72 | 3111.72    0.0   2880     0 |    1.08   0.01  -0.12  -1.19
0  8.06e+05 3111.72 | 3075.19    0.0   2880     0 |    1.08   0.01  -0.07  -1.19
0  8.64e+05 3111.72 | 3101.02    0.0   2880     0 |    1.07   0.01  -0.05  -1.18
0  9.22e+05 3114.81 |
成功率：99.8%, 提交量大于阈值的概率：0.07985%, 超供率：98.3%, 超供程度：84.4%, 超供平均值：5.6, 方差：613.1
0  9.22e+05 3114.81 | 3114.81    0.0   2880     0 |    1.07   0.01   0.01  -1.18
0  9.50e+05 3120.11 |
成功率：99.7%, 提交量大于阈值的概率：0.06103%, 超供率：97.7%, 超供程度：84.1%, 超供平均值：5.6, 方差：608.2
0  9.50e+05 3120.11 | 3120.11    0.0   2880     0 |    1.08   0.01  -0.05  -1.18
0  9.79e+05 3120.11 | 3110.56    0.0   2880     0 |    1.08   0.01   0.04  -1.18
0  1.04e+06 3120.11 | 3118.99    0.0   2880     0 |    1.08   0.01   0.01  -1.17
0  1.09e+06 3120.11 | 3101.19    0.0   2880     0 |    1.07   0.01  -0.04  -1.17
0  1.15e+06 3120.11 | 3111.00    0.0   2880     0 |    1.08   0.01   0.05  -1.17
0  1.21e+06 3120.11 | 3115.49    0.0   2880     0 |    1.08   0.01   0.04  -1.16
0  1.27e+06 3120.11 | 3104.52    0.0   2880     0 |    1.08   0.02   0.05  -1.15
0  1.32e+06 3131.06 |
成功率：99.5%, 提交量大于阈值的概率：0.06027%, 超供率：97.8%, 超供程度：82.9%, 超供平均值：5.5, 方差：600.9
0  1.32e+06 3131.06 | 3131.06    0.0   2880     0 |    1.09   0.01   0.05  -1.15
0  1.35e+06 3134.43 |
成功率：99.5%, 提交量大于阈值的概率：0.08608%, 超供率：97.2%, 超供程度：80.4%, 超供平均值：5.3, 方差：602.3
0  1.35e+06 3134.43 | 3134.43    0.0   2880     0 |    1.09   0.01   0.01  -1.15
0  1.38e+06 3138.51 |
成功率：99.5%, 提交量大于阈值的概率：0.06717%, 超供率：97.0%, 超供程度：80.9%, 超供平均值：5.3, 方差：600.1
0  1.38e+06 3138.51 | 3138.51    0.0   2880     0 |    1.09   0.01   0.12  -1.15
0  1.41e+06 3138.51 | 3133.28    0.0   2880     0 |    1.09   0.01   0.03  -1.15
0  1.47e+06 3138.51 | 3077.56    0.0   2880     0 |    1.06   0.02   0.14  -1.14
0  1.53e+06 3138.51 | 3111.60    0.0   2880     0 |    1.07   0.01  -0.00  -1.14
0  1.58e+06 3138.51 | 3122.39    0.0   2880     0 |    1.08   0.01   0.01  -1.14
0  1.64e+06 3138.51 | 3095.72    0.0   2880     0 |    1.07   0.02  -0.07  -1.15
0  1.70e+06 3139.09 |
成功率：99.2%, 提交量大于阈值的概率：0.06567%, 超供率：85.0%, 超供程度：77.6%, 超供平均值：5.1, 方差：589.9
0  1.70e+06 3139.09 | 3139.09    0.0   2880     0 |    1.09   0.03  -0.14  -1.15
0  1.73e+06 3139.09 | 2976.87    0.0   2880     0 |    1.09   0.01  -0.01  -1.14
0  1.79e+06 3139.09 | 2977.08    0.0   2880     0 |    1.03   0.01   0.04  -1.12
0  1.84e+06 3139.09 | 2977.50    0.0   2880     0 |    1.03   0.01   0.02  -1.11
0  1.90e+06 3139.09 | 2999.11    0.0   2880     0 |    1.04   0.01  -0.01  -1.12
0  1.96e+06 3139.09 | 3129.43    0.0   2880     0 |    1.08   0.01   0.03  -1.12
0  2.02e+06 3139.09 | 3121.84    0.0   2880     0 |    1.08   0.01  -0.08  -1.13
0  2.07e+06 3139.09 | 3096.23    0.0   2880     0 |    1.07   0.02  -0.01  -1.12
0  2.13e+06 3139.09 | 3118.48    0.0   2880     0 |    1.07   0.01   0.01  -1.15
0  2.19e+06 3139.09 | 3112.69    0.0   2880     0 |    1.08   0.01  -0.01  -1.14
0  2.25e+06 3139.09 | 3119.76    0.0   2880     0 |    1.09   0.01   0.08  -1.15
0  2.30e+06 3139.09 | 3006.63    0.0   2880     0 |    1.09   0.06  -0.01  -1.13
0  2.36e+06 3151.50 |
成功率：100.0%, 提交量大于阈值的概率：0.09938%, 超供率：88.4%, 超供程度：80.6%, 超供平均值：5.3, 方差：620.1
0  2.36e+06 3151.50 | 3151.50    0.0   2880     0 |    1.09   0.01  -0.05  -1.14
0  2.39e+06 3162.49 |
成功率：100.0%, 提交量大于阈值的概率：0.10281%, 超供率：86.6%, 超供程度：77.0%, 超供平均值：5.1, 方差：620.5
0  2.39e+06 3162.49 | 3162.49    0.0   2880     0 |    1.09   0.01   0.08  -1.14
0  2.43e+06 3168.44 |
成功率：100.0%, 提交量大于阈值的概率：0.10452%, 超供率：87.0%, 超供程度：76.5%, 超供平均值：5.1, 方差：620.1
0  2.43e+06 3168.44 | 3168.44    0.0   2880     0 |    1.10   0.01  -0.08  -1.13
0  2.46e+06 3168.44 | 3153.47    0.0   2880     0 |    1.09   0.01   0.00  -1.12
0  2.52e+06 3168.44 | 3074.31    0.0   2880     0 |    1.09   0.02   0.11  -1.13
0  2.57e+06 3168.44 | 2975.15    0.0   2880     0 |    1.03   0.06   0.00  -1.13
0  2.63e+06 3168.44 | 3122.81    0.0   2880     0 |    1.09   0.02   0.02  -1.10
0  2.69e+06 3168.44 | 3120.04    0.0   2880     0 |    1.08   0.01  -0.02  -1.10
0  2.75e+06 3168.44 | 3132.31    0.0   2880     0 |    1.09   0.02   0.06  -1.12
0  2.81e+06 3168.44 | 3164.23    0.0   2880     0 |    1.10   0.01   0.02  -1.11
0  2.86e+06 3178.60 |
成功率：99.7%, 提交量大于阈值的概率：0.09199%, 超供率：75.4%, 超供程度：72.3%, 超供平均值：4.8, 方差：609.1
0  2.86e+06 3178.60 | 3178.60    0.0   2880     0 |    1.10   0.01   0.06  -1.10
0  2.89e+06 3179.53 |
成功率：99.7%, 提交量大于阈值的概率：0.10570%, 超供率：76.6%, 超供程度：73.4%, 超供平均值：4.8, 方差：609.8
0  2.89e+06 3179.53 | 3179.53    0.0   2880     0 |    1.10   0.01   0.00  -1.11
0  2.92e+06 3208.78 |
成功率：99.8%, 提交量大于阈值的概率：0.13138%, 超供率：66.9%, 超供程度：64.7%, 超供平均值：4.3, 方差：616.5
0  2.92e+06 3208.78 | 3208.78    0.0   2880     0 |    1.12   0.01   0.01  -1.11
0  2.95e+06 3208.78 | 3201.78    0.0   2880     0 |    1.11   0.01  -0.03  -1.11
0  3.01e+06 3208.78 | 3193.83    0.0   2880     0 |    1.11   0.01  -0.01  -1.11
0  3.06e+06 3208.78 | 3015.35    0.0   2880     0 |    1.04   0.01   0.01  -1.12
0  3.12e+06 3208.78 | 3204.00    0.0   2880     0 |    1.11   0.01   0.00  -1.12
0  3.18e+06 3217.26 |
成功率：100.0%, 提交量大于阈值的概率：0.08396%, 超供率：73.5%, 超供程度：70.1%, 超供平均值：4.6, 方差：616.1
0  3.18e+06 3217.26 | 3217.26    0.0   2880     0 |    1.11   0.00   0.04  -1.12
0  3.21e+06 3217.26 | 3213.08    0.0   2880     0 |    1.11   0.01   0.16  -1.13
0  3.27e+06 3218.82 |
成功率：100.0%, 提交量大于阈值的概率：0.09339%, 超供率：72.1%, 超供程度：69.4%, 超供平均值：4.6, 方差：616.8
0  3.27e+06 3218.82 | 3218.82    0.0   2880     0 |    1.12   0.01  -0.01  -1.13
0  3.30e+06 3218.82 | 3209.44    0.0   2880     0 |    1.11   0.01  -0.10  -1.13
0  3.36e+06 3218.82 | 3210.37    0.0   2880     0 |    1.11   0.01  -0.11  -1.14
0  3.42e+06 3218.82 | 3204.42    0.0   2880     0 |    1.11   0.01  -0.08  -1.13
0  3.47e+06 3218.82 | 3213.57    0.0   2880     0 |    1.12   0.01   0.05  -1.15
0  3.53e+06 3218.82 | 3190.67    0.0   2880     0 |    1.11   0.01   0.03  -1.15
0  3.59e+06 3218.82 | 3210.19    0.0   2880     0 |    1.11   0.01   0.08  -1.15
0  3.65e+06 3218.82 | 2970.91    0.0   2880     0 |    1.07   0.01  -0.18  -1.12
0  3.70e+06 3218.82 | 2970.86    0.0   2880     0 |    1.03   0.01   0.00  -1.13
0  3.76e+06 3218.82 | 3104.59    0.0   2880     0 |    1.08   0.01  -0.12  -1.13
0  3.82e+06 3218.82 | 3092.85    0.0   2880     0 |    1.07   0.01   0.04  -1.13
0  3.88e+06 3218.82 | 3071.47    0.0   2880     0 |    1.07   0.01   0.05  -1.13
0  3.93e+06 3218.82 | 3045.39    0.0   2880     0 |    1.05   0.01  -0.04  -1.13
0  3.99e+06 3218.82 | 3061.17    0.0   2880     0 |    1.06   0.01  -0.09  -1.13
0  4.05e+06 3218.82 | 3004.47    0.0   2880     0 |    1.04   0.01  -0.08  -1.14
0  4.11e+06 3218.82 | 3055.57    0.0   2880     0 |    1.06   0.01   0.09  -1.14
0  4.16e+06 3218.82 | 3015.99    0.0   2880     0 |    1.06   0.01  -0.02  -1.14
0  4.22e+06 3218.82 | 2975.49    0.0   2880     0 |    1.03   0.01  -0.10  -1.13
0  4.28e+06 3218.82 | 3004.43    0.0   2880     0 |    1.04   0.01   0.09  -1.15
0  4.34e+06 3218.82 | 3070.29    0.0   2880     0 |    1.06   0.01   0.07  -1.15
0  4.39e+06 3218.82 | 3183.30    0.0   2880     0 |    1.11   0.05  -0.11  -1.14
0  4.45e+06 3218.82 | 2974.95    0.0   2880     0 |    1.03   0.01   0.02  -1.13
0  4.51e+06 3220.28 |
成功率：99.9%, 提交量大于阈值的概率：0.13116%, 超供率：66.9%, 超供程度：65.1%, 超供平均值：4.3, 方差：619.7
0  4.51e+06 3220.28 | 3220.28    0.0   2880     0 |    1.12   0.06  -0.16  -1.12
0  4.54e+06 3220.28 | 3214.80    0.0   2880     0 |    1.11   0.01   0.07  -1.12
0  4.60e+06 3220.28 | 3217.86    0.0   2880     0 |    1.12   0.01  -0.07  -1.11
0  4.65e+06 3220.28 | 3200.66    0.0   2880     0 |    1.11   0.01  -0.03  -1.11
0  4.71e+06 3220.28 | 3178.25    0.0   2880     0 |    1.10   0.01  -0.08  -1.11
0  4.77e+06 3220.28 | 3192.46    0.0   2880     0 |    1.11   0.01  -0.02  -1.11
0  4.83e+06 3220.28 | 2971.24    0.0   2880     0 |    1.03   0.01  -0.00  -1.12
0  4.88e+06 3220.28 | 2973.00    0.0   2880     0 |    1.03   0.01  -0.18  -1.13
0  4.94e+06 3220.28 | 2968.40    0.0   2880     0 |    1.11   0.01  -0.05  -1.13
0  5.00e+06 3220.28 | 2968.58    0.0   2880     0 |    1.03   0.01   0.10  -1.14
0  5.06e+06 3220.28 | 2970.60    0.0   2880     0 |    1.03   0.01   0.05  -1.13
0  5.11e+06 3220.28 | 2972.30    0.0   2880     0 |    1.09   0.03  -0.22  -1.14
0  5.17e+06 3220.28 | 2969.62    0.0   2880     0 |    1.03   0.01   0.02  -1.14
0  5.23e+06 3220.28 | 2970.93    0.0   2880     0 |    1.03   0.01   0.02  -1.13
0  5.29e+06 3220.28 | 2972.91    0.0   2880     0 |    1.03   0.01   0.13  -1.14
0  5.36e+06 3220.28 | 2978.06    0.0   2880     0 |    1.03   0.01   0.04  -1.14
0  5.42e+06 3220.28 | 2978.56    0.0   2880     0 |    1.03   0.01   0.03  -1.15
0  5.48e+06 3220.28 | 2979.84    0.0   2880     0 |    1.03   0.01   0.00  -1.15
0  5.52e+06 3220.28 | 2983.31    0.0   2880     0 |    1.04   0.01   0.02  -1.14
0  5.52e+06 3220.28 | 2984.11    0.0   2880     0 |    1.04   0.01  -0.12  -1.15
0  5.53e+06 3220.28 | 2984.74    0.0   2880     0 |    1.04   0.01   0.02  -1.15
0  5.54e+06 3220.28 | 2986.37    0.0   2880     0 |    1.04   0.01   0.04  -1.15
0  5.54e+06 3220.28 | 2988.44    0.0   2880     0 |    1.04   0.01   0.03  -1.15
0  5.55e+06 3220.28 | 2991.18    0.0   2880     0 |    1.04   0.01   0.08  -1.16
0  5.55e+06 3220.28 | 2994.78    0.0   2880     0 |    1.04   0.01   0.06  -1.16
0  5.56e+06 3220.28 | 2998.33    0.0   2880     0 |    1.04   0.01   0.00  -1.16
0  5.62e+06 3220.28 | 3059.46    0.0   2880     0 |    1.05   0.01  -0.02  -1.14
0  5.68e+06 3220.28 | 3099.04    0.0   2880     0 |    1.06   0.01   0.03  -1.13
0  5.74e+06 3220.28 | 3179.29    0.0   2880     0 |    1.11   0.01  -0.17  -1.13
0  5.79e+06 3220.28 | 3214.57    0.0   2880     0 |    1.12   0.01  -0.05  -1.14
0  5.85e+06 3220.28 | 3172.99    0.0   2880     0 |    1.10   0.01  -0.09  -1.13
0  5.92e+06 3220.28 | 3152.08    0.0   2880     0 |    1.10   0.01   0.00  -1.13
0  5.98e+06 3220.28 | 3138.52    0.0   2880     0 |    1.10   0.01  -0.14  -1.14
0  6.04e+06 3220.28 | 3128.54    0.0   2880     0 |    1.09   0.01   0.01  -1.12
0  6.10e+06 3220.28 | 3082.05    0.0   2880     0 |    1.07   0.01  -0.02  -1.12
0  6.16e+06 3220.28 | 2982.71    0.0   2880     0 |    1.07   0.01  -0.03  -1.13
0  6.22e+06 3220.28 | 3000.49    0.0   2880     0 |    1.04   0.01  -0.01  -1.13
0  6.28e+06 3220.28 | 2754.26    0.0   2880     0 |    1.08   0.02  -0.14  -1.13
0  6.34e+06 3220.28 | 3085.45    0.0   2880     0 |    1.07   0.01   0.06  -1.10
0  6.40e+06 3220.28 | 3101.16    0.0   2880     0 |    1.08   0.02   0.03  -1.10
0  6.46e+06 3220.28 | 3091.33    0.0   2880     0 |    1.08   0.01  -0.09  -1.10
0  6.51e+06 3220.28 | 3065.98    0.0   2880     0 |    1.07   0.01  -0.09  -1.10
0  6.57e+06 3220.28 | 3084.18    0.0   2880     0 |    1.07   0.01  -0.02  -1.10
0  6.63e+06 3220.28 | 3087.22    0.0   2880     0 |    1.07   0.01  -0.05  -1.11
0  6.69e+06 3220.28 | 3018.22    0.0   2880     0 |    1.05   0.01  -0.05  -1.10
0  6.75e+06 3220.28 | 3013.49    0.0   2880     0 |    1.04   0.01  -0.07  -1.12
0  6.80e+06 3220.28 | 3084.30    0.0   2880     0 |    1.07   0.02   0.02  -1.13
0  6.86e+06 3220.28 | 3113.19    0.0   2880     0 |    1.08   0.01   0.03  -1.13
0  6.92e+06 3220.28 | 3105.94    0.0   2880     0 |    1.08   0.01  -0.04  -1.13
0  6.98e+06 3220.28 | 3116.49    0.0   2880     0 |    1.08   0.01  -0.08  -1.13
0  7.03e+06 3220.28 | 3091.37    0.0   2880     0 |    1.08   0.01   0.03  -1.13
0  7.09e+06 3220.28 | 3086.82    0.0   2880     0 |    1.07   0.01  -0.11  -1.13
0  7.15e+06 3220.28 | 3090.69    0.0   2880     0 |    1.07   0.01  -0.05  -1.13
0  7.21e+06 3220.28 | 3066.48    0.0   2880     0 |    1.06   0.01  -0.01  -1.12
0  7.27e+06 3220.28 | 3067.76    0.0   2880     0 |    1.05   0.01   0.04  -1.12
0  7.34e+06 3220.28 | 2977.06    0.0   2880     0 |    1.05   0.01   0.02  -1.12
0  7.40e+06 3220.28 | 3073.58    0.0   2880     0 |    1.07   0.01   0.00  -1.12
0  7.47e+06 3220.28 | 3089.25    0.0   2880     0 |    1.07   0.01  -0.09  -1.12
0  7.52e+06 3220.28 | 3090.80    0.0   2880     0 |    1.07   0.01  -0.04  -1.12
0  7.59e+06 3220.28 | 3048.60    0.0   2880     0 |    1.06   0.01  -0.01  -1.12
0  7.65e+06 3220.28 | 3032.87    0.0   2880     0 |    1.05   0.01   0.04  -1.12
0  7.71e+06 3220.28 | 3031.91    0.0   2880     0 |    1.06   0.01  -0.11  -1.11
0  7.78e+06 3220.28 | 3086.75    0.0   2880     0 |    1.06   0.01   0.03  -1.10
0  7.83e+06 3220.28 | 3086.42    0.0   2880     0 |    1.07   0.01  -0.17  -1.09
0  7.89e+06 3220.28 | 3105.76    0.0   2880     0 |    1.08   0.01  -0.08  -1.10
0  7.95e+06 3220.28 | 3136.96    0.0   2880     0 |    1.08   0.01   0.02  -1.08
0  8.01e+06 3220.28 | 3113.34    0.0   2880     0 |    1.08   0.01  -0.07  -1.07
0  8.07e+06 3220.28 | 3179.82    0.0   2880     0 |    1.10   0.01  -0.06  -1.08
0  8.13e+06 3220.28 | 3149.81    0.0   2880     0 |    1.09   0.01  -0.01  -1.07
0  8.17e+06 3220.28 | 3130.91    0.0   2880     0 |    1.09   0.01  -0.11  -1.09
0  8.23e+06 3220.28 | 3163.16    0.0   2880     0 |    1.10   0.01   0.03  -1.08
0  8.28e+06 3220.28 | 3158.14    0.0   2880     0 |    1.10   0.01   0.06  -1.11
0  8.33e+06 3220.28 | 3165.33    0.0   2880     0 |    1.10   0.00  -0.11  -1.11
0  8.38e+06 3220.28 | 3148.84    0.0   2880     0 |    1.09   0.01  -0.08  -1.11
0  8.43e+06 3220.28 | 3147.01    0.0   2880     0 |    1.09   0.00  -0.14  -1.12
0  8.49e+06 3220.28 | 2967.13    0.0   2880     0 |    1.03   0.01  -0.02  -1.13
0  8.55e+06 3220.28 | 2967.19    0.0   2880     0 |    1.03   0.01   0.04  -1.14
0  8.62e+06 3220.28 | 2967.30    0.0   2880     0 |    1.03   0.01   0.01  -1.15
0  8.68e+06 3220.28 | 2967.06    0.0   2880     0 |    1.03   0.01   0.02  -1.14
0  8.74e+06 3220.28 | 2967.02    0.0   2880     0 |    1.03   0.01  -0.04  -1.14
0  8.81e+06 3220.28 | 2967.23    0.0   2880     0 |    1.03   0.01  -0.12  -1.16
0  8.87e+06 3220.28 | 2967.16    0.0   2880     0 |    1.03   0.01   0.02  -1.16
0  8.93e+06 3220.28 | 2966.99    0.0   2880     0 |    1.03   0.01  -0.01  -1.15
0  9.00e+06 3220.28 | 2967.39    0.0   2880     0 |    1.03   0.01  -0.04  -1.16
0  9.06e+06 3220.28 | 2967.99    0.0   2880     0 |    1.03   0.01   0.08  -1.16
0  9.12e+06 3220.28 | 2967.69    0.0   2880     0 |    1.03   0.01   0.07  -1.17
0  9.19e+06 3220.28 | 2968.48    0.0   2880     0 |    1.03   0.01  -0.05  -1.17
0  9.25e+06 3220.28 | 2969.15    0.0   2880     0 |    1.03   0.01   0.00  -1.15
0  9.31e+06 3220.28 | 2969.77    0.0   2880     0 |    1.03   0.01   0.03  -1.15
0  9.38e+06 3220.28 | 2971.07    0.0   2880     0 |    1.03   0.01  -0.02  -1.16
0  9.44e+06 3220.28 | 2971.24    0.0   2880     0 |    1.03   0.01  -0.08  -1.16
0  9.50e+06 3220.28 | 2971.60    0.0   2880     0 |    1.03   0.01   0.05  -1.15
0  9.56e+06 3220.28 | 2971.46    0.0   2880     0 |    1.03   0.01   0.03  -1.16
0  9.63e+06 3220.28 | 2971.31    0.0   2880     0 |    1.03   0.01  -0.04  -1.14
0  9.69e+06 3220.28 | 2970.45    0.0   2880     0 |    1.03   0.01  -0.02  -1.14
0  9.75e+06 3220.28 | 2970.51    0.0   2880     0 |    1.03   0.01   0.11  -1.15
0  9.82e+06 3220.28 | 2971.19    0.0   2880     0 |    1.06   0.01  -0.08  -1.14
0  9.88e+06 3220.28 | 3145.22    0.0   2880     0 |    1.09   0.00  -0.05  -1.12
0  9.94e+06 3220.28 | 3151.97    0.0   2880     0 |    1.09   0.01  -0.17  -1.12
0  1.00e+07 3220.28 | 3168.90    0.0   2880     0 |    1.10   0.01  -0.15  -1.13
0  1.01e+07 3220.28 | 3160.53    0.0   2880     0 |    1.10   0.00  -0.09  -1.11
0  1.01e+07 3220.28 | 3150.11    0.0   2880     0 |    1.10   0.00  -0.17  -1.13
0  1.02e+07 3220.28 | 3146.81    0.0   2880     0 |    1.09   0.01  -0.02  -1.12
0  1.02e+07 3220.28 | 3153.21    0.0   2880     0 |    1.09   0.01  -0.03  -1.12
0  1.03e+07 3220.28 | 2984.77    0.0   2880     0 |    1.09   0.01   0.09  -1.12
0  1.04e+07 3220.28 | 2991.15    0.0   2880     0 |    1.04   0.01   0.06  -1.14
0  1.04e+07 3220.28 | 3000.43    0.0   2880     0 |    1.04   0.01  -0.07  -1.12
0  1.05e+07 3220.28 | 2967.93    0.0   2880     0 |    1.04   0.01   0.04  -1.12
0  1.06e+07 3220.28 | 2979.26    0.0   2880     0 |    1.03   0.01  -0.03  -1.11
0  1.06e+07 3220.28 | 3124.60    0.0   2880     0 |    1.08   0.01   0.02  -1.11
0  1.07e+07 3220.28 | 3080.82    0.0   2880     0 |    1.07   0.01  -0.02  -1.10
0  1.08e+07 3220.28 | 3090.63    0.0   2880     0 |    1.07   0.01  -0.13  -1.09
0  1.08e+07 3220.28 | 3100.38    0.0   2880     0 |    1.08   0.01  -0.04  -1.08
0  1.09e+07 3220.28 | 3118.88    0.0   2880     0 |    1.07   0.01  -0.05  -1.08
0  1.09e+07 3220.28 | 3122.15    0.0   2880     0 |    1.08   0.01   0.07  -1.09
0  1.10e+07 3220.28 | 3134.88    0.0   2880     0 |    1.09   0.01   0.00  -1.09
0  1.11e+07 3220.28 | 3113.15    0.0   2880     0 |    1.08   0.00   0.04  -1.10
0  1.11e+07 3220.28 | 3128.81    0.0   2880     0 |    1.09   0.01   0.10  -1.10
0  1.12e+07 3220.28 | 3129.13    0.0   2880     0 |    1.09   0.01  -0.01  -1.11
0  1.12e+07 3220.28 | 3136.55    0.0   2880     0 |    1.08   0.01  -0.06  -1.11
0  1.13e+07 3220.28 | 3147.84    0.0   2880     0 |    1.09   0.00  -0.01  -1.11
0  1.14e+07 3220.28 | 3186.15    0.0   2880     0 |    1.10   0.00  -0.19  -1.12
0  1.14e+07 3220.28 | 3204.50    0.0   2880     0 |    1.11   0.00  -0.12  -1.11
0  1.15e+07 3220.28 | 2986.20    0.0   2880     0 |    1.11   0.01   0.05  -1.11
0  1.15e+07 3220.28 | 2976.80    0.0   2880     0 |    1.03   0.01  -0.01  -1.11
0  1.16e+07 3220.28 | 3186.92    0.0   2880     0 |    1.11   0.00   0.06  -1.11
0  1.17e+07 3220.28 | 3200.44    0.0   2880     0 |    1.11   0.00   0.02  -1.11
0  1.17e+07 3220.28 | 3211.63    0.0   2880     0 |    1.11   0.01  -0.05  -1.09
0  1.18e+07 3220.28 | 3192.38    0.0   2880     0 |    1.11   0.01  -0.02  -1.10
0  1.19e+07 3220.28 | 3194.21    0.0   2880     0 |    1.11   0.00  -0.10  -1.10
0  1.19e+07 3220.28 | 2995.48    0.0   2880     0 |    1.04   0.01  -0.01  -1.10
0  1.20e+07 3220.28 | 2998.89    0.0   2880     0 |    1.04   0.01  -0.02  -1.12
0  1.20e+07 3220.28 | 2992.19    0.0   2880     0 |    1.10   0.01  -0.04  -1.12
0  1.21e+07 3220.28 | 3000.74    0.0   2880     0 |    1.04   0.01   0.13  -1.13
0  1.22e+07 3220.28 | 3159.00    0.0   2880     0 |    1.10   0.01  -0.06  -1.13
0  1.22e+07 3220.28 | 3145.19    0.0   2880     0 |    1.09   0.01  -0.04  -1.12
0  1.23e+07 3220.28 | 3117.75    0.0   2880     0 |    1.08   0.01  -0.04  -1.12
0  1.24e+07 3220.28 | 3141.34    0.0   2880     0 |    1.09   0.00  -0.09  -1.12
0  1.24e+07 3220.28 | 3133.88    0.0   2880     0 |    1.09   0.01  -0.03  -1.11
0  1.25e+07 3220.28 | 3142.48    0.0   2880     0 |    1.09   0.01   0.02  -1.12
0  1.26e+07 3220.28 | 3134.81    0.0   2880     0 |    1.09   0.01   0.11  -1.12
0  1.26e+07 3220.28 | 3129.40    0.0   2880     0 |    1.09   0.01  -0.07  -1.12
0  1.27e+07 3220.28 | 3112.83    0.0   2880     0 |    1.08   0.00  -0.00  -1.12
0  1.27e+07 3220.28 | 3181.37    0.0   2880     0 |    1.10   0.01  -0.13  -1.12
0  1.28e+07 3220.28 | 3160.07    0.0   2880     0 |    1.10   0.01   0.04  -1.10
0  1.29e+07 3220.28 | 3161.64    0.0   2880     0 |    1.10   0.01   0.02  -1.10
0  1.29e+07 3220.28 | 3100.55    0.0   2880     0 |    1.09   0.01   0.00  -1.08
0  1.30e+07 3220.28 | 3170.30    0.0   2880     0 |    1.10   0.00  -0.01  -1.08
0  1.31e+07 3220.28 | 3099.12    0.0   2880     0 |    1.08   0.01  -0.05  -1.09
0  1.31e+07 3220.28 | 2999.61    0.0   2880     0 |    1.04   0.01   0.02  -1.10
0  1.32e+07 3220.28 | 3091.37    0.0   2880     0 |    1.04   0.01   0.07  -1.10
0  1.32e+07 3220.28 | 2967.06    0.0   2880     0 |    1.03   0.01  -0.01  -1.10
0  1.33e+07 3220.28 | 2966.82    0.0   2880     0 |    1.03   0.01   0.14  -1.11
0  1.34e+07 3220.28 | 2966.81    0.0   2880     0 |    1.03   0.01  -0.06  -1.11
0  1.34e+07 3220.28 | 2967.17    0.0   2880     0 |    1.03   0.01   0.12  -1.12
0  1.35e+07 3220.28 | 2967.20    0.0   2880     0 |    1.03   0.01   0.01  -1.12
0  1.36e+07 3220.28 | 2967.21    0.0   2880     0 |    1.03   0.01  -0.07  -1.13
0  1.36e+07 3220.28 | 2967.12    0.0   2880     0 |    1.03   0.01  -0.09  -1.13
0  1.37e+07 3220.28 | 2967.14    0.0   2880     0 |    1.03   0.01  -0.01  -1.14
0  1.37e+07 3220.28 | 2967.09    0.0   2880     0 |    1.03   0.01   0.08  -1.14
0  1.38e+07 3220.28 | 2967.07    0.0   2880     0 |    1.03   0.01   0.06  -1.14
0  1.39e+07 3220.28 | 2967.06    0.0   2880     0 |    1.03   0.01   0.04  -1.14
0  1.39e+07 3220.28 | 2967.08    0.0   2880     0 |    1.03   0.01  -0.05  -1.14
0  1.40e+07 3220.28 | 2967.05    0.0   2880     0 |    1.03   0.01  -0.02  -1.14
0  1.41e+07 3220.28 | 2967.00    0.0   2880     0 |    1.03   0.01   0.03  -1.13
0  1.41e+07 3220.28 | 2967.04    0.0   2880     0 |    1.03   0.01  -0.03  -1.14
0  1.42e+07 3220.28 | 2967.11    0.0   2880     0 |    1.03   0.01   0.03  -1.14
0  1.43e+07 3220.28 | 2966.87    0.0   2880     0 |    1.03   0.01   0.10  -1.13
