################################################################################
ID     Step    maxR |    avgR   stdR   avgS  stdS |    expR   objC   etc.
################################################################################
ID     Step    maxR |    avgR   stdR   avgS  stdS |    expR   objC   etc.
0  5.77e+03  506.75 |
成功率：97.4%, 提交量大于阈值的概率：0.35632%, 超供率：91.8%, 超供程度：79.3%, 方差：440.1
0  5.77e+03  506.75 |  506.75    0.0   2883     0 |    0.16   0.39  -0.08  -0.50
0  9.23e+04  522.50 |
成功率：97.5%, 提交量大于阈值的概率：0.34615%, 超供率：94.0%, 超供程度：78.6%, 方差：434.0
0  9.23e+04  522.50 |  522.50    0.0   2882     0 |    0.17   0.09   0.05  -0.63
0  1.79e+05  533.21 |
成功率：97.3%, 提交量大于阈值的概率：0.33508%, 超供率：94.2%, 超供程度：78.5%, 方差：427.3
0  1.79e+05  533.21 |  533.21    0.0   2882     0 |    0.18   0.05   0.01  -0.78
0  2.65e+05  556.78 |
成功率：96.2%, 提交量大于阈值的概率：0.29004%, 超供率：92.5%, 超供程度：77.0%, 方差：400.5
0  2.65e+05  556.78 |  556.78    0.0   2884     0 |    0.19   0.05   0.02  -0.86
0  3.52e+05  573.76 |
成功率：95.4%, 提交量大于阈值的概率：0.26878%, 超供率：91.4%, 超供程度：76.1%, 方差：380.5
0  3.52e+05  573.76 |  573.76    0.0   2884     0 |    0.19   0.05   0.06  -0.97
0  4.33e+05  596.87 |
成功率：94.0%, 提交量大于阈值的概率：0.13117%, 超供率：89.9%, 超供程度：76.1%, 方差：352.0
0  4.33e+05  596.87 |  596.87    0.0   2884     0 |    0.20   0.03   0.10  -1.07
0  5.19e+05  596.87 |  595.09    0.0   2883     0 |    0.20   0.03   0.05  -1.14
0  6.29e+05  606.12 |
成功率：93.5%, 提交量大于阈值的概率：0.03470%, 超供率：89.2%, 超供程度：74.2%, 方差：342.3
0  6.29e+05  606.12 |  606.12    0.0   2883     0 |    0.20   0.02   0.06  -1.19
0  7.15e+05  606.64 |
成功率：93.5%, 提交量大于阈值的概率：0.02602%, 超供率：89.5%, 超供程度：74.1%, 方差：342.0
0  7.15e+05  606.64 |  606.64    0.0   2883     0 |    0.20   0.03  -0.01  -1.20
0  8.02e+05  613.17 |
成功率：94.3%, 提交量大于阈值的概率：0.15317%, 超供率：90.3%, 超供程度：74.1%, 方差：354.9
0  8.02e+05  613.17 |  613.17    0.0   2883     0 |    0.20   0.04  -0.01  -1.16
0  8.88e+05  613.17 |  611.05    0.0   2883     0 |    0.21   0.02   0.01  -1.20
0  9.98e+05  619.21 |
成功率：93.8%, 提交量大于阈值的概率：0.06230%, 超供率：88.6%, 超供程度：71.4%, 方差：345.7
0  9.98e+05  619.21 |  619.21    0.0   2883     0 |    0.21   0.03   0.13  -1.19
0  1.08e+06  626.42 |
成功率：94.0%, 提交量大于阈值的概率：0.08630%, 超供率：89.6%, 超供程度：70.9%, 方差：350.2
0  1.08e+06  626.42 |  626.42    0.0   2885     0 |    0.21   0.02   0.07  -1.18
0  1.17e+06  629.16 |
成功率：94.2%, 提交量大于阈值的概率：0.15852%, 超供率：90.6%, 超供程度：69.8%, 方差：352.6
0  1.17e+06  629.16 |  629.16    0.0   2885     0 |    0.21   0.04   0.10  -1.19
0  1.25e+06  631.78 |
成功率：94.1%, 提交量大于阈值的概率：0.14651%, 超供率：89.7%, 超供程度：69.2%, 方差：352.0
0  1.25e+06  631.78 |  631.78    0.0   2885     0 |    0.21   0.02  -0.03  -1.18
0  1.34e+06  634.46 |
成功率：93.7%, 提交量大于阈值的概率：0.01212%, 超供率：89.6%, 超供程度：68.3%, 方差：344.1
0  1.34e+06  634.46 |  634.46    0.0   2885     0 |    0.21   0.05   0.14  -1.19
0  1.42e+06  639.23 |
成功率：93.7%, 提交量大于阈值的概率：0.08138%, 超供率：89.9%, 超供程度：66.4%, 方差：344.8
0  1.42e+06  639.23 |  639.23    0.0   2885     0 |    0.22   0.02   0.02  -1.18
0  1.51e+06  648.03 |
成功率：93.5%, 提交量大于阈值的概率：0.06943%, 超供率：89.0%, 超供程度：63.0%, 方差：341.4
0  1.51e+06  648.03 |  648.03    0.0   2885     0 |    0.22   0.03   0.05  -1.18
0  1.59e+06  655.01 |
成功率：93.8%, 提交量大于阈值的概率：0.10034%, 超供率：89.5%, 超供程度：62.5%, 方差：346.2
0  1.59e+06  655.01 |  655.01    0.0   2885     0 |    0.22   0.03   0.08  -1.16
0  1.68e+06  661.26 |
成功率：94.0%, 提交量大于阈值的概率：0.13982%, 超供率：89.9%, 超供程度：61.6%, 方差：350.1
0  1.68e+06  661.26 |  661.26    0.0   2885     0 |    0.22   0.03  -0.11  -1.17
0  1.77e+06  661.26 |  656.12    0.0   2885     0 |    0.22   0.02   0.01  -1.18
0  1.87e+06  661.75 |
成功率：94.1%, 提交量大于阈值的概率：0.13276%, 超供率：91.1%, 超供程度：62.3%, 方差：351.7
0  1.87e+06  661.75 |  661.75    0.0   2885     0 |    0.22   0.02  -0.02  -1.16
0  1.95e+06  661.75 |  660.32    0.0   2885     0 |    0.22   0.03   0.10  -1.17
0  2.05e+06  662.06 |
成功率：94.4%, 提交量大于阈值的概率：0.20964%, 超供率：91.8%, 超供程度：62.9%, 方差：356.5
0  2.05e+06  662.06 |  662.06    0.0   2885     0 |    0.22   0.02  -0.01  -1.16
0  2.13e+06  662.06 |  660.87    0.0   2885     0 |    0.23   0.03   0.03  -1.16
0  2.24e+06  667.00 |
成功率：94.3%, 提交量大于阈值的概率：0.23043%, 超供率：91.8%, 超供程度：60.4%, 方差：355.7
0  2.24e+06  667.00 |  667.00    0.0   2885     0 |    0.23   0.03   0.03  -1.17
0  2.32e+06  676.19 |
成功率：93.9%, 提交量大于阈值的概率：0.12266%, 超供率：90.2%, 超供程度：58.2%, 方差：348.4
0  2.32e+06  676.19 |  676.19    0.0   2885     0 |    0.23   0.03  -0.13  -1.16
0  2.40e+06  676.54 |
成功率：94.2%, 提交量大于阈值的概率：0.13441%, 超供率：91.2%, 超供程度：59.1%, 方差：352.7
0  2.40e+06  676.54 |  676.54    0.0   2885     0 |    0.23   0.02   0.03  -1.17
0  2.48e+06  676.54 |  674.49    0.0   2885     0 |    0.23   0.02  -0.03  -1.16
0  2.58e+06  679.44 |
成功率：94.2%, 提交量大于阈值的概率：0.16712%, 超供率：91.4%, 超供程度：58.4%, 方差：353.0
0  2.58e+06  679.44 |  679.44    0.0   2885     0 |    0.23   0.02   0.09  -1.14
0  2.66e+06  679.44 |  678.40    0.0   2885     0 |    0.23   0.02  -0.02  -1.15
0  2.76e+06  684.43 |
成功率：94.2%, 提交量大于阈值的概率：0.14300%, 超供率：91.3%, 超供程度：57.4%, 方差：353.5
0  2.76e+06  684.43 |  684.43    0.0   2885     0 |    0.23   0.02   0.06  -1.15
0  2.84e+06  684.43 |  683.03    0.0   2885     0 |    0.23   0.03  -0.01  -1.16
0  2.94e+06  684.43 |  684.34    0.0   2885     0 |    0.23   0.02  -0.09  -1.14
0  3.05e+06  684.43 |  679.85    0.0   2884     0 |    0.23   0.02   0.04  -1.15
0  3.15e+06  686.72 |
成功率：94.5%, 提交量大于阈值的概率：0.23175%, 超供率：91.6%, 超供程度：57.8%, 方差：358.7
0  3.15e+06  686.72 |  686.72    0.0   2884     0 |    0.23   0.02  -0.03  -1.16
0  3.22e+06  690.57 |
成功率：94.1%, 提交量大于阈值的概率：0.10865%, 超供率：91.3%, 超供程度：56.2%, 方差：351.0
0  3.22e+06  690.57 |  690.57    0.0   2885     0 |    0.24   0.02   0.01  -1.16
0  3.31e+06  695.88 |
成功率：94.3%, 提交量大于阈值的概率：0.19787%, 超供率：91.2%, 超供程度：54.7%, 方差：354.7
0  3.31e+06  695.88 |  695.88    0.0   2884     0 |    0.24   0.02  -0.02  -1.16
0  3.39e+06  700.81 |
成功率：94.1%, 提交量大于阈值的概率：0.10516%, 超供率：90.6%, 超供程度：53.6%, 方差：351.4
0  3.39e+06  700.81 |  700.81    0.0   2884     0 |    0.24   0.02   0.07  -1.15
0  3.47e+06  702.03 |
成功率：93.9%, 提交量大于阈值的概率：0.05182%, 超供率：90.0%, 超供程度：52.9%, 方差：348.2
0  3.47e+06  702.03 |  702.03    0.0   2884     0 |    0.24   0.03  -0.02  -1.13
0  3.55e+06  703.04 |
成功率：93.9%, 提交量大于阈值的概率：0.04320%, 超供率：90.4%, 超供程度：52.7%, 方差：347.6
0  3.55e+06  703.04 |  703.04    0.0   2884     0 |    0.24   0.02  -0.03  -1.14
0  3.63e+06  707.70 |
成功率：94.1%, 提交量大于阈值的概率：0.07588%, 超供率：90.2%, 超供程度：52.0%, 方差：350.9
0  3.63e+06  707.70 |  707.70    0.0   2884     0 |    0.24   0.02  -0.03  -1.16
0  3.71e+06  707.70 |  706.50    0.0   2884     0 |    0.24   0.03   0.11  -1.17
0  3.81e+06  709.26 |
成功率：94.2%, 提交量大于阈值的概率：0.09813%, 超供率：90.1%, 超供程度：52.2%, 方差：353.5
0  3.81e+06  709.26 |  709.26    0.0   2883     0 |    0.24   0.03  -0.02  -1.16
0  3.89e+06  709.26 |  708.49    0.0   2883     0 |    0.24   0.02   0.07  -1.14
0  4.00e+06  714.39 |
成功率：94.5%, 提交量大于阈值的概率：0.23697%, 超供率：89.9%, 超供程度：50.6%, 方差：357.8
0  4.00e+06  714.39 |  714.39    0.0   2883     0 |    0.24   0.02  -0.08  -1.14
0  4.07e+06  716.59 |
成功率：94.6%, 提交量大于阈值的概率：0.30345%, 超供率：89.8%, 超供程度：49.8%, 方差：360.6
0  4.07e+06  716.59 |  716.59    0.0   2884     0 |    0.25   0.02   0.02  -1.15
0  4.15e+06  716.59 |  716.56    0.0   2884     0 |    0.25   0.02   0.00  -1.15
0  4.25e+06  718.56 |
成功率：94.2%, 提交量大于阈值的概率：0.12399%, 超供率：89.5%, 超供程度：49.6%, 方差：353.4
0  4.25e+06  718.56 |  718.56    0.0   2884     0 |    0.25   0.02   0.05  -1.13
0  4.33e+06  720.06 |
成功率：94.6%, 提交量大于阈值的概率：0.24017%, 超供率：89.4%, 超供程度：49.4%, 方差：360.0
0  4.33e+06  720.06 |  720.06    0.0   2884     0 |    0.25   0.02  -0.04  -1.12
0  4.41e+06  722.37 |
成功率：94.4%, 提交量大于阈值的概率：0.17873%, 超供率：89.0%, 超供程度：48.7%, 方差：357.1
0  4.41e+06  722.37 |  722.37    0.0   2884     0 |    0.25   0.02  -0.02  -1.14
0  4.49e+06  727.98 |
成功率：94.3%, 提交量大于阈值的概率：0.16512%, 超供率：89.0%, 超供程度：47.3%, 方差：355.6
0  4.49e+06  727.98 |  727.98    0.0   2884     0 |    0.25   0.02  -0.05  -1.14
0  4.57e+06  727.98 |  673.86    0.0   2884     0 |    0.25   0.02  -0.10  -1.15
0  4.67e+06  727.98 |  626.06    0.0   2884     0 |    0.21   0.02  -0.06  -1.12
0  4.77e+06  727.98 |  630.12    0.0   2884     0 |    0.22   0.05  -0.07  -1.11
0  4.87e+06  727.98 |  633.52    0.0   2884     0 |    0.22   0.07   0.06  -1.12
0  4.97e+06  727.98 |  636.88    0.0   2884     0 |    0.22   0.04  -0.04  -1.10
0  5.06e+06  727.98 |  635.20    0.0   2884     0 |    0.22   0.03  -0.01  -1.09
0  5.16e+06  727.98 |  639.73    0.0   2884     0 |    0.22   0.02  -0.10  -1.09
0  5.26e+06  727.98 |  641.64    0.0   2884     0 |    0.22   0.04   0.11  -1.07
0  5.36e+06  727.98 |  641.75    0.0   2884     0 |    0.22   0.03   0.03  -1.08
0  5.46e+06  727.98 |  639.48    0.0   2884     0 |    0.22   0.04   0.12  -1.08
0  5.56e+06  727.98 |  639.33    0.0   2884     0 |    0.22   0.03   0.01  -1.08
0  5.65e+06  727.98 |  638.04    0.0   2884     0 |    0.22   0.04  -0.07  -1.09
0  5.75e+06  727.98 |  643.10    0.0   2884     0 |    0.22   0.02   0.00  -1.13
0  5.85e+06  727.98 |  643.09    0.0   2884     0 |    0.22   0.04   0.06  -1.08
0  5.95e+06  727.98 |  646.45    0.0   2884     0 |    0.22   0.04   0.06  -1.08
0  6.04e+06  727.98 |  647.55    0.0   2884     0 |    0.22   0.03   0.01  -1.10
0  6.13e+06  727.98 |  647.44    0.0   2884     0 |    0.22   0.04   0.09  -1.10
0  6.22e+06  727.98 |  646.90    0.0   2884     0 |    0.22   0.04   0.03  -1.12
0  6.30e+06  727.98 |  648.47    0.0   2885     0 |    0.22   0.03   0.03  -1.11
0  6.39e+06  727.98 |  649.53    0.0   2884     0 |    0.22   0.03  -0.00  -1.11
0  6.47e+06  727.98 |  650.01    0.0   2885     0 |    0.22   0.03   0.08  -1.12
0  6.55e+06  727.98 |  652.15    0.0   2885     0 |    0.22   0.03   0.03  -1.11
0  6.64e+06  727.98 |  654.73    0.0   2885     0 |    0.23   0.03  -0.06  -1.09
0  6.72e+06  727.98 |  655.49    0.0   2885     0 |    0.23   0.03   0.04  -1.10
0  6.80e+06  727.98 |  655.60    0.0   2885     0 |    0.23   0.03   0.03  -1.12
0  6.88e+06  727.98 |  655.64    0.0   2885     0 |    0.23   0.03  -0.11  -1.12
0  6.96e+06  727.98 |  655.02    0.0   2885     0 |    0.23   0.05   0.09  -1.11
0  7.04e+06  727.98 |  650.93    0.0   2885     0 |    0.22   0.03   0.13  -1.11
0  7.12e+06  727.98 |  651.17    0.0   2885     0 |    0.22   0.03   0.07  -1.12
0  7.20e+06  727.98 |  652.98    0.0   2885     0 |    0.23   0.03   0.03  -1.12
0  7.28e+06  727.98 |  655.04    0.0   2885     0 |    0.23   0.03   0.01  -1.11
0  7.36e+06  727.98 |  655.48    0.0   2885     0 |    0.23   0.04   0.07  -1.11
0  7.44e+06  727.98 |  654.30    0.0   2885     0 |    0.23   0.03   0.01  -1.10
0  7.52e+06  727.98 |  654.65    0.0   2885     0 |    0.23   0.02   0.01  -1.14
0  7.60e+06  727.98 |  655.88    0.0   2885     0 |    0.23   0.03  -0.04  -1.12
0  7.68e+06  727.98 |  657.22    0.0   2885     0 |    0.23   0.03  -0.02  -1.13
0  7.76e+06  727.98 |  657.30    0.0   2885     0 |    0.23   0.05   0.11  -1.11
0  7.85e+06  727.98 |  658.14    0.0   2885     0 |    0.23   0.03  -0.06  -1.12
0  7.93e+06  727.98 |  661.88    0.0   2885     0 |    0.23   0.03  -0.00  -1.12
0  8.01e+06  727.98 |  662.11    0.0   2885     0 |    0.23   0.02   0.08  -1.10
0  8.09e+06  727.98 |  661.93    0.0   2885     0 |    0.23   0.02   0.02  -1.09
0  8.17e+06  727.98 |  660.83    0.0   2885     0 |    0.23   0.02   0.02  -1.10
0  8.24e+06  727.98 |  661.47    0.0   2885     0 |    0.23   0.03   0.10  -1.10
0  8.32e+06  727.98 |  659.16    0.0   2885     0 |    0.23   0.03   0.23  -1.11
0  8.41e+06  727.98 |  663.80    0.0   2885     0 |    0.23   0.02  -0.01  -1.10
0  8.49e+06  727.98 |  661.43    0.0   2885     0 |    0.23   0.02   0.02  -1.10
0  8.57e+06  727.98 |  664.70    0.0   2885     0 |    0.23   0.02  -0.02  -1.10
0  8.64e+06  727.98 |  666.49    0.0   2885     0 |    0.23   0.03   0.14  -1.12
0  8.72e+06  727.98 |  666.99    0.0   2885     0 |    0.23   0.03  -0.02  -1.15
0  8.80e+06  727.98 |  669.47    0.0   2885     0 |    0.23   0.03   0.13  -1.14
0  8.88e+06  727.98 |  669.23    0.0   2885     0 |    0.23   0.02   0.18  -1.13
0  8.96e+06  727.98 |  671.46    0.0   2885     0 |    0.23   0.03  -0.06  -1.15
0  9.04e+06  727.98 |  672.48    0.0   2885     0 |    0.23   0.03   0.05  -1.15
0  9.12e+06  727.98 |  670.84    0.0   2885     0 |    0.23   0.02   0.03  -1.13
0  9.20e+06  727.98 |  671.82    0.0   2885     0 |    0.23   0.02   0.05  -1.09
0  9.28e+06  727.98 |  673.48    0.0   2885     0 |    0.23   0.02  -0.09  -1.09
0  9.36e+06  727.98 |  673.24    0.0   2885     0 |    0.23   0.02   0.08  -1.11
0  9.44e+06  727.98 |  678.02    0.0   2885     0 |    0.23   0.02   0.00  -1.10
0  9.52e+06  727.98 |  681.50    0.0   2885     0 |    0.23   0.02   0.09  -1.10
0  9.61e+06  727.98 |  683.88    0.0   2885     0 |    0.24   0.03  -0.06  -1.09
0  9.69e+06  727.98 |  688.65    0.0   2885     0 |    0.24   0.03  -0.04  -1.06
0  9.77e+06  727.98 |  691.35    0.0   2885     0 |    0.24   0.03  -0.00  -1.08
0  9.85e+06  727.98 |  711.72    0.0   2885     0 |    0.24   0.02   0.07  -1.07
0  9.93e+06  733.72 |
成功率：96.2%, 提交量大于阈值的概率：0.35255%, 超供率：88.7%, 超供程度：37.8%, 方差：394.3
0  9.93e+06  733.72 |  733.72    0.0   2885     0 |    0.25   0.02  -0.07  -1.07
0  9.99e+06  748.94 |
成功率：95.3%, 提交量大于阈值的概率：0.30133%, 超供率：87.8%, 超供程度：37.5%, 方差：376.9
0  9.99e+06  748.94 |  748.94    0.0   2885     0 |    0.26   0.03  -0.03  -1.10
0  1.00e+07  754.51 |
成功率：95.5%, 提交量大于阈值的概率：0.34828%, 超供率：87.9%, 超供程度：37.1%, 方差：379.4
0  1.00e+07  754.51 |  754.51    0.0   2885     0 |    0.26   0.01   0.08  -1.11
0  1.01e+07  761.59 |
成功率：95.0%, 提交量大于阈值的概率：0.27329%, 超供率：87.2%, 超供程度：36.7%, 方差：369.8
0  1.01e+07  761.59 |  761.59    0.0   2885     0 |    0.26   0.01   0.00  -1.11
0  1.02e+07  765.91 |
成功率：95.0%, 提交量大于阈值的概率：0.33636%, 超供率：87.1%, 超供程度：36.0%, 方差：370.3
0  1.02e+07  765.91 |  765.91    0.0   2885     0 |    0.26   0.01  -0.03  -1.13
0  1.02e+07  767.21 |
成功率：94.9%, 提交量大于阈值的概率：0.30105%, 超供率：87.0%, 超供程度：36.0%, 方差：367.3
0  1.02e+07  767.21 |  767.21    0.0   2885     0 |    0.26   0.01  -0.05  -1.13
0  1.03e+07  769.03 |
成功率：94.6%, 提交量大于阈值的概率：0.23830%, 超供率：86.8%, 超供程度：36.0%, 方差：364.1
0  1.03e+07  769.03 |  769.03    0.0   2885     0 |    0.26   0.01   0.04  -1.13
0  1.03e+07  769.03 |  643.19    0.0   2885     0 |    0.22   0.05   0.12  -1.11
0  1.04e+07  769.03 |  673.84    0.0   2885     0 |    0.23   0.03   0.10  -1.11
0  1.05e+07  769.03 |  697.10    0.0   2885     0 |    0.24   0.02   0.07  -1.08
0  1.06e+07  769.03 |  718.62    0.0   2885     0 |    0.24   0.02   0.06  -1.06
0  1.06e+07  769.03 |  740.00    0.0   2885     0 |    0.25   0.01  -0.04  -1.09
0  1.07e+07  769.03 |  754.23    0.0   2885     0 |    0.26   0.01   0.05  -1.11
0  1.08e+07  769.03 |  766.98    0.0   2885     0 |    0.26   0.01  -0.07  -1.12
0  1.09e+07  772.82 |
成功率：94.0%, 提交量大于阈值的概率：0.13462%, 超供率：83.5%, 超供程度：34.5%, 方差：353.6
0  1.09e+07  772.82 |  772.82    0.0   2885     0 |    0.26   0.01  -0.01  -1.11
0  1.09e+07  773.65 |
成功率：94.5%, 提交量大于阈值的概率：0.21298%, 超供率：84.4%, 超供程度：35.1%, 方差：361.9
0  1.09e+07  773.65 |  773.65    0.0   2885     0 |    0.27   0.01  -0.07  -1.12
0  1.10e+07  773.95 |
成功率：94.6%, 提交量大于阈值的概率：0.25215%, 超供率：84.8%, 超供程度：35.0%, 方差：364.1
0  1.10e+07  773.95 |  773.95    0.0   2885     0 |    0.27   0.01  -0.06  -1.12
0  1.11e+07  775.05 |
成功率：94.7%, 提交量大于阈值的概率：0.25535%, 超供率：84.5%, 超供程度：34.8%, 方差：365.4
0  1.11e+07  775.05 |  775.05    0.0   2885     0 |    0.27   0.02   0.06  -1.13
0  1.11e+07  775.05 |  774.06    0.0   2885     0 |    0.27   0.01   0.03  -1.14
0  1.12e+07  777.80 |
成功率：94.4%, 提交量大于阈值的概率：0.19414%, 超供率：83.3%, 超供程度：34.1%, 方差：361.5
0  1.12e+07  777.80 |  777.80    0.0   2885     0 |    0.27   0.01   0.05  -1.12
0  1.13e+07  779.11 |
成功率：94.5%, 提交量大于阈值的概率：0.19056%, 超供率：83.0%, 超供程度：33.8%, 方差：362.5
0  1.13e+07  779.11 |  779.11    0.0   2885     0 |    0.27   0.01   0.22  -1.13
0  1.13e+07  779.11 |  617.90    0.0   2885     0 |    0.21   0.05   0.02  -1.12
0  1.14e+07  779.11 |  455.11    0.0   2885     0 |    0.16   0.08   0.06  -1.12
0  1.15e+07  779.11 |  516.40    0.0   2885     0 |    0.17   0.03  -0.01  -1.09
0  1.16e+07  779.11 |  523.51    0.0   2885     0 |    0.18   0.04   0.00  -1.05
0  1.16e+07  779.11 |  519.61    0.0   2885     0 |    0.17   0.03   0.13  -1.05
0  1.17e+07  779.11 |  554.70    0.0   2885     0 |    0.19   0.02  -0.06  -1.03
0  1.18e+07  779.11 |  621.40    0.0   2885     0 |    0.21   0.04   0.11  -1.01
0  1.19e+07  779.11 |  648.29    0.0   2885     0 |    0.22   0.03   0.07  -1.02
0  1.20e+07  779.11 |  685.53    0.0   2885     0 |    0.24   0.03   0.13  -1.03
0  1.21e+07  779.11 |  732.65    0.0   2885     0 |    0.25   0.02  -0.07  -1.04
0  1.21e+07  779.11 |  735.94    0.0   2885     0 |    0.25   0.02   0.05  -1.03
0  1.22e+07  779.11 |  764.72    0.0   2885     0 |    0.26   0.01   0.04  -1.05
0  1.23e+07  779.11 |  765.26    0.0   2885     0 |    0.26   0.02   0.08  -1.08
0  1.24e+07  779.11 |  775.20    0.0   2885     0 |    0.27   0.01   0.03  -1.10
0  1.25e+07  784.72 |
成功率：94.8%, 提交量大于阈值的概率：0.28408%, 超供率：78.4%, 超供程度：30.7%, 方差：366.7
0  1.25e+07  784.72 |  784.72    0.0   2885     0 |    0.27   0.01  -0.03  -1.12
0  1.25e+07  788.98 |
成功率：94.7%, 提交量大于阈值的概率：0.24833%, 超供率：78.0%, 超供程度：30.5%, 方差：365.2
0  1.25e+07  788.98 |  788.98    0.0   2885     0 |    0.27   0.01   0.00  -1.12
0  1.26e+07  789.47 |
成功率：94.3%, 提交量大于阈值的概率：0.15998%, 超供率：77.0%, 超供程度：30.4%, 方差：357.8
0  1.26e+07  789.47 |  789.47    0.0   2885     0 |    0.27   0.01   0.00  -1.13
0  1.26e+07  790.26 |
成功率：94.7%, 提交量大于阈值的概率：0.24842%, 超供率：76.9%, 超供程度：30.2%, 方差：364.2
0  1.26e+07  790.26 |  790.26    0.0   2885     0 |    0.27   0.01   0.06  -1.14
0  1.27e+07  792.35 |
成功率：94.5%, 提交量大于阈值的概率：0.18718%, 超供率：76.0%, 超供程度：30.1%, 方差：360.5
0  1.27e+07  792.35 |  792.35    0.0   2885     0 |    0.27   0.01   0.02  -1.15
0  1.27e+07  792.46 |
成功率：94.4%, 提交量大于阈值的概率：0.16493%, 超供率：75.8%, 超供程度：30.2%, 方差：360.0
0  1.27e+07  792.46 |  792.46    0.0   2885     0 |    0.27   0.01  -0.08  -1.17
0  1.28e+07  792.46 |  792.19    0.0   2885     0 |    0.27   0.01  -0.00  -1.15
0  1.29e+07  792.46 |  792.06    0.0   2885     0 |    0.27   0.01  -0.05  -1.12
0  1.29e+07  795.55 |
成功率：94.3%, 提交量大于阈值的概率：0.16178%, 超供率：74.8%, 超供程度：29.2%, 方差：356.3
0  1.29e+07  795.55 |  795.55    0.0   2885     0 |    0.27   0.01  -0.10  -1.14
0  1.30e+07  795.99 |
成功率：94.6%, 提交量大于阈值的概率：0.25909%, 超供率：75.4%, 超供程度：29.4%, 方差：361.0
0  1.30e+07  795.99 |  795.99    0.0   2885     0 |    0.27   0.01   0.02  -1.14
0  1.31e+07  796.06 |
成功率：94.7%, 提交量大于阈值的概率：0.30659%, 超供率：75.5%, 超供程度：29.3%, 方差：363.8
0  1.31e+07  796.06 |  796.06    0.0   2885     0 |    0.27   0.01   0.04  -1.14
0  1.31e+07  796.06 |  758.99    0.0   2885     0 |    0.26   0.01   0.06  -1.13
0  1.32e+07  796.06 |  763.58    0.0   2885     0 |    0.26   0.01   0.05  -1.14
0  1.33e+07  796.06 |  769.93    0.0   2885     0 |    0.27   0.01  -0.00  -1.14
0  1.34e+07  796.06 |  775.86    0.0   2885     0 |    0.27   0.01   0.01  -1.13
0  1.34e+07  796.06 |  781.06    0.0   2885     0 |    0.27   0.01  -0.03  -1.14
0  1.35e+07  796.06 |  788.27    0.0   2885     0 |    0.27   0.01   0.03  -1.11
0  1.36e+07  796.06 |  791.90    0.0   2885     0 |    0.27   0.01   0.11  -1.11
0  1.37e+07  797.26 |
成功率：94.5%, 提交量大于阈值的概率：0.25571%, 超供率：70.5%, 超供程度：27.9%, 方差：360.7
0  1.37e+07  797.26 |  797.26    0.0   2885     0 |    0.27   0.01   0.01  -1.11
0  1.37e+07  797.26 |  770.80    0.0   2885     0 |    0.27   0.01   0.05  -1.09
0  1.38e+07  797.26 |  789.83    0.0   2885     0 |    0.27   0.01   0.04  -1.11
0  1.39e+07  797.26 |  793.62    0.0   2885     0 |    0.27   0.01  -0.04  -1.12
0  1.40e+07  797.26 |  758.72    0.0   2885     0 |    0.26   0.01   0.06  -1.10
0  1.40e+07  797.26 |  774.38    0.0   2885     0 |    0.27   0.01   0.04  -1.10
0  1.41e+07  797.26 |  778.95    0.0   2885     0 |    0.27   0.01  -0.01  -1.10
0  1.42e+07  797.26 |  782.08    0.0   2885     0 |    0.27   0.01   0.04  -1.10
0  1.43e+07  797.26 |  782.68    0.0   2885     0 |    0.27   0.01  -0.11  -1.09
0  1.43e+07  797.26 |  782.80    0.0   2885     0 |    0.27   0.01  -0.02  -1.08
0  1.44e+07  797.26 |  784.55    0.0   2885     0 |    0.27   0.01   0.04  -1.10
0  1.45e+07  797.26 |  785.79    0.0   2885     0 |    0.27   0.01   0.11  -1.10
0  1.46e+07  797.26 |  752.93    0.0   2885     0 |    0.27   0.01   0.03  -1.10
0  1.46e+07  797.26 |  771.62    0.0   2885     0 |    0.27   0.01   0.08  -1.13
0  1.47e+07  797.26 |  778.25    0.0   2885     0 |    0.27   0.01  -0.12  -1.10
0  1.48e+07  797.26 |  784.75    0.0   2885     0 |    0.27   0.01  -0.01  -1.08
0  1.49e+07  797.26 |  780.82    0.0   2885     0 |    0.27   0.01   0.01  -1.10
0  1.49e+07  797.26 |  786.26    0.0   2885     0 |    0.27   0.01  -0.04  -1.10
0  1.50e+07  797.26 |  775.57    0.0   2885     0 |    0.27   0.01  -0.07  -1.10
0  1.51e+07  797.26 |  776.38    0.0   2885     0 |    0.27   0.01  -0.02  -1.11
0  1.52e+07  797.26 |  784.10    0.0   2885     0 |    0.27   0.01   0.04  -1.11
0  1.53e+07  797.26 |  788.25    0.0   2885     0 |    0.27   0.01   0.12  -1.13
0  1.53e+07  797.26 |  792.51    0.0   2885     0 |    0.27   0.01   0.06  -1.12
0  1.54e+07  797.26 |  739.92    0.0   2885     0 |    0.26   0.01   0.07  -1.09
0  1.55e+07  797.26 |  740.68    0.0   2885     0 |    0.26   0.01   0.04  -1.08
0  1.56e+07  797.26 |  742.48    0.0   2885     0 |    0.26   0.01   0.04  -1.11
0  1.57e+07  797.26 |  758.86    0.0   2885     0 |    0.26   0.01   0.00  -1.10
0  1.57e+07  797.26 |  772.10    0.0   2885     0 |    0.26   0.01   0.07  -1.11
0  1.58e+07  797.26 |  785.86    0.0   2885     0 |    0.27   0.01   0.11  -1.10
0  1.59e+07  797.26 |  790.56    0.0   2885     0 |    0.27   0.01  -0.03  -1.10
0  1.60e+07  797.26 |  794.52    0.0   2885     0 |    0.27   0.01  -0.08  -1.08
0  1.61e+07  797.87 |
成功率：95.0%, 提交量大于阈值的概率：0.33303%, 超供率：76.7%, 超供程度：28.2%, 方差：368.1
0  1.61e+07  797.87 |  797.87    0.0   2885     0 |    0.28   0.01   0.05  -1.09
0  1.61e+07  800.75 |
成功率：94.7%, 提交量大于阈值的概率：0.26397%, 超供率：76.1%, 超供程度：28.0%, 方差：362.0
0  1.61e+07  800.75 |  800.75    0.0   2885     0 |    0.28   0.01   0.02  -1.12
