################################################################################
ID     Step    maxR |    avgR   stdR   avgS  stdS |    expR   objC   etc.
0  4.47e+03   79.59 |
成功率：88.1%, 提交量大于阈值的概率：0.44020%, 超供率：74.9%, 超供程度：79.7%, 方差：124.7
0  4.47e+03   79.59 |   79.59    0.0    404     0 |    0.13   0.15  -0.05  -0.51
0  9.82e+04  156.88 |
成功率：91.7%, 提交量大于阈值的概率：0.02699%, 超供率：75.1%, 超供程度：73.1%, 方差：57.6
0  9.82e+04  156.88 |  156.88    0.0    407     0 |    0.34   0.05   0.05  -0.71
0  1.83e+05  188.97 |
成功率：91.6%, 提交量大于阈值的概率：0.03603%, 超供率：64.8%, 超供程度：54.8%, 方差：42.0
0  1.83e+05  188.97 |  188.97    0.0    407     0 |    0.44   0.08  -0.01  -0.86
0  2.73e+05  227.40 |
成功率：91.0%, 提交量大于阈值的概率：0.09975%, 超供率：51.4%, 超供程度：34.0%, 方差：43.3
0  2.73e+05  227.40 |  227.40    0.0    408     0 |    0.53   0.04   0.04  -0.99
0  3.62e+05  261.65 |
成功率：92.7%, 提交量大于阈值的概率：0.15569%, 超供率：45.1%, 超供程度：25.4%, 方差：40.1
0  3.62e+05  261.65 |  261.65    0.0    408     0 |    0.61   0.04   0.04  -1.10
0  4.48e+05  282.17 |
成功率：92.6%, 提交量大于阈值的概率：0.12473%, 超供率：35.7%, 超供程度：18.2%, 方差：36.1
0  4.48e+05  282.17 |  282.17    0.0    408     0 |    0.67   0.03   0.12  -1.15
0  5.33e+05  296.29 |
成功率：93.6%, 提交量大于阈值的概率：0.11904%, 超供率：34.2%, 超供程度：16.1%, 方差：35.7
0  5.33e+05  296.29 |  296.29    0.0    408     0 |    0.71   0.04  -0.05  -1.17
0  6.19e+05  308.62 |
成功率：94.1%, 提交量大于阈值的概率：0.12714%, 超供率：30.9%, 超供程度：13.4%, 方差：42.3
0  6.19e+05  308.62 |  308.62    0.0    409     0 |    0.74   0.01   0.06  -1.18
0  7.09e+05  321.02 |
成功率：95.0%, 提交量大于阈值的概率：0.16509%, 超供率：28.9%, 超供程度：11.5%, 方差：43.8
0  7.09e+05  321.02 |  321.02    0.0    409     0 |    0.77   0.01   0.01  -1.18
################################################################################
ID     Step    maxR |    avgR   stdR   avgS  stdS |    expR   objC   etc.
0  4.47e+03   79.59 |
成功率：88.1%, 提交量大于阈值的概率：0.44020%, 超供率：74.9%, 超供程度：79.7%, 方差：124.7
0  4.47e+03   79.59 |   79.59    0.0    404     0 |    0.13   0.15  -0.05  -0.51
0  9.37e+04  151.49 |
成功率：90.9%, 提交量大于阈值的概率：0.01815%, 超供率：74.0%, 超供程度：72.4%, 方差：55.6
0  9.37e+04  151.49 |  151.49    0.0    407     0 |    0.34   0.04   0.04  -0.70
0  1.79e+05  187.12 |
成功率：91.4%, 提交量大于阈值的概率：0.04514%, 超供率：64.0%, 超供程度：53.9%, 方差：49.4
0  1.79e+05  187.12 |  187.12    0.0    408     0 |    0.43   0.03   0.11  -0.86
0  2.64e+05  220.83 |
成功率：91.6%, 提交量大于阈值的概率：0.09454%, 超供率：54.9%, 超供程度：38.7%, 方差：45.2
0  2.64e+05  220.83 |  220.83    0.0    408     0 |    0.52   0.04   0.09  -0.95
0  3.45e+05  250.86 |
成功率：91.5%, 提交量大于阈值的概率：0.11267%, 超供率：45.6%, 超供程度：26.3%, 方差：39.3
0  3.45e+05  250.86 |  250.86    0.0    408     0 |    0.59   0.04   0.06  -1.03
0  4.25e+05  266.55 |
成功率：92.8%, 提交量大于阈值的概率：0.09780%, 超供率：44.6%, 超供程度：24.5%, 方差：39.3
0  4.25e+05  266.55 |  266.55    0.0    408     0 |    0.63   0.04   0.04  -1.12
0  5.06e+05  279.86 |
成功率：92.9%, 提交量大于阈值的概率：0.10663%, 超供率：39.7%, 超供程度：19.6%, 方差：38.8
0  5.06e+05  279.86 |  279.86    0.0    408     0 |    0.66   0.03   0.01  -1.16
0  5.87e+05  284.93 |
成功率：93.1%, 提交量大于阈值的概率：0.07529%, 超供率：39.5%, 超供程度：19.4%, 方差：37.9
0  5.87e+05  284.93 |  284.93    0.0    408     0 |    0.68   0.02   0.06  -1.19
0  6.68e+05  291.64 |
成功率：93.3%, 提交量大于阈值的概率：0.07516%, 超供率：38.1%, 超供程度：17.3%, 方差：38.3
0  6.68e+05  291.64 |  291.64    0.0    408     0 |    0.70   0.02   0.07  -1.20
0  7.49e+05  299.07 |
成功率：93.9%, 提交量大于阈值的概率：0.11420%, 超供率：37.4%, 超供程度：16.4%, 方差：37.8
0  7.49e+05  299.07 |  299.07    0.0    408     0 |    0.72   0.01   0.07  -1.19
0  8.29e+05  304.80 |
成功率：93.9%, 提交量大于阈值的概率：0.08786%, 超供率：35.4%, 超供程度：14.7%, 方差：37.3
0  8.29e+05  304.80 |  304.80    0.0    408     0 |    0.73   0.01   0.09  -1.20
0  9.15e+05  313.23 |
成功率：94.3%, 提交量大于阈值的概率：0.07877%, 超供率：33.9%, 超供程度：13.2%, 方差：43.7
0  9.15e+05  313.23 |  313.23    0.0    409     0 |    0.76   0.01   0.02  -1.19
0  1.00e+06  321.85 |
成功率：94.4%, 提交量大于阈值的概率：0.10925%, 超供率：29.8%, 超供程度：10.8%, 方差：43.7
0  1.00e+06  321.85 |  321.85    0.0    409     0 |    0.78   0.01  -0.00  -1.20
