################################################################################
ID     Step    maxR |    avgR   stdR   avgS  stdS |    expR   objC   etc.
0  5.77e+03 1026.92 |
sla违约率：15.8%, sla失败率：4.2%, 超供均值：3.8, 超供面积比例：46.3%, 每秒提交量方差：51.5, 提交量大于阈值的概率：0.0000
0  5.77e+03 1026.92 | 1026.92    0.0   2886     0 |    0.33   0.75   0.03  -0.50
0  2.31e+04 1085.70 |
sla违约率：14.3%, sla失败率：4.2%, 超供均值：3.8, 超供面积比例：47.5%, 每秒提交量方差：54.7, 提交量大于阈值的概率：0.0000
0  2.31e+04 1085.70 | 1085.70    0.0   2886     0 |    0.35   0.40   0.01  -0.51
0  4.04e+04 1147.97 |
sla违约率：12.9%, sla失败率：4.3%, 超供均值：3.8, 超供面积比例：48.0%, 每秒提交量方差：59.3, 提交量大于阈值的概率：0.0000
0  4.04e+04 1147.97 | 1147.97    0.0   2886     0 |    0.37   0.39   0.06  -0.52
0  5.77e+04 1233.11 |
sla违约率：11.1%, sla失败率：4.3%, 超供均值：3.7, 超供面积比例：48.0%, 每秒提交量方差：65.4, 提交量大于阈值的概率：0.0000
0  5.77e+04 1233.11 | 1233.11    0.0   2886     0 |    0.40   0.37   0.01  -0.53
0  7.50e+04 1295.78 |
sla违约率：9.6%, sla失败率：4.4%, 超供均值：3.7, 超供面积比例：48.8%, 每秒提交量方差：70.4, 提交量大于阈值的概率：0.0000
0  7.50e+04 1295.78 | 1295.78    0.0   2886     0 |    0.42   0.47  -0.03  -0.55
0  9.23e+04 1349.77 |
sla违约率：8.4%, sla失败率：4.4%, 超供均值：3.7, 超供面积比例：49.1%, 每秒提交量方差：75.6, 提交量大于阈值的概率：0.0000
0  9.23e+04 1349.77 | 1349.77    0.0   2886     0 |    0.44   0.41   0.07  -0.55
0  1.10e+05 1391.99 |
sla违约率：7.6%, sla失败率：4.5%, 超供均值：3.6, 超供面积比例：48.8%, 每秒提交量方差：78.6, 提交量大于阈值的概率：0.0000
0  1.10e+05 1391.99 | 1391.99    0.0   2886     0 |    0.46   0.42   0.12  -0.56
0  1.27e+05 1427.59 |
sla违约率：6.9%, sla失败率：4.4%, 超供均值：3.6, 超供面积比例：48.7%, 每秒提交量方差：80.7, 提交量大于阈值的概率：0.0000
0  1.27e+05 1427.59 | 1427.59    0.0   2886     0 |    0.47   0.45   0.00  -0.57
0  1.44e+05 1447.06 |
sla违约率：6.7%, sla失败率：4.4%, 超供均值：3.5, 超供面积比例：47.9%, 每秒提交量方差：80.8, 提交量大于阈值的概率：0.0000
0  1.44e+05 1447.06 | 1447.06    0.0   2886     0 |    0.49   0.42   0.16  -0.59
0  1.67e+05 1492.20 |
sla违约率：5.7%, sla失败率：4.5%, 超供均值：3.5, 超供面积比例：47.9%, 每秒提交量方差：85.3, 提交量大于阈值的概率：0.0000
0  1.67e+05 1492.20 | 1492.20    0.0   2886     0 |    0.50   0.44   0.05  -0.60
0  1.85e+05 1510.58 |
sla违约率：5.4%, sla失败率：4.5%, 超供均值：3.5, 超供面积比例：47.8%, 每秒提交量方差：87.0, 提交量大于阈值的概率：0.0000
0  1.85e+05 1510.58 | 1510.58    0.0   2886     0 |    0.51   0.44   0.01  -0.61
0  2.02e+05 1529.90 |
sla违约率：5.0%, sla失败率：4.5%, 超供均值：3.5, 超供面积比例：47.7%, 每秒提交量方差：88.9, 提交量大于阈值的概率：0.0000
0  2.02e+05 1529.90 | 1529.90    0.0   2886     0 |    0.51   0.65  -0.01  -0.62
0  2.19e+05 1541.95 |
sla违约率：4.8%, sla失败率：4.5%, 超供均值：3.4, 超供面积比例：47.4%, 每秒提交量方差：89.8, 提交量大于阈值的概率：0.0000
0  2.19e+05 1541.95 | 1541.95    0.0   2886     0 |    0.52   0.51  -0.02  -0.62
0  2.37e+05 1557.65 |
sla违约率：4.4%, sla失败率：4.5%, 超供均值：3.4, 超供面积比例：47.6%, 每秒提交量方差：91.9, 提交量大于阈值的概率：0.0000
0  2.37e+05 1557.65 | 1557.65    0.0   2886     0 |    0.53   0.50  -0.04  -0.63
0  2.54e+05 1593.05 |
sla违约率：3.8%, sla失败率：4.5%, 超供均值：3.4, 超供面积比例：47.2%, 每秒提交量方差：95.0, 提交量大于阈值的概率：0.0000
0  2.54e+05 1593.05 | 1593.05    0.0   2886     0 |    0.54   0.53   0.07  -0.64
0  2.71e+05 1624.37 |
sla违约率：3.1%, sla失败率：4.5%, 超供均值：3.3, 超供面积比例：47.1%, 每秒提交量方差：98.6, 提交量大于阈值的概率：0.0000
0  2.71e+05 1624.37 | 1624.37    0.0   2886     0 |    0.54   0.53   0.03  -0.64
0  2.89e+05 1652.26 |
sla违约率：2.8%, sla失败率：4.5%, 超供均值：3.2, 超供面积比例：45.8%, 每秒提交量方差：99.8, 提交量大于阈值的概率：0.0000
0  2.89e+05 1652.26 | 1652.26    0.0   2886     0 |    0.55   0.51   0.01  -0.65
0  3.06e+05 1679.97 |
sla违约率：2.5%, sla失败率：4.5%, 超供均值：3.1, 超供面积比例：44.6%, 每秒提交量方差：100.8, 提交量大于阈值的概率：0.0000
0  3.06e+05 1679.97 | 1679.97    0.0   2886     0 |    0.56   0.42   0.08  -0.65
0  3.23e+05 1700.04 |
sla违约率：2.2%, sla失败率：4.5%, 超供均值：3.1, 超供面积比例：44.2%, 每秒提交量方差：102.1, 提交量大于阈值的概率：0.0000
0  3.23e+05 1700.04 | 1700.04    0.0   2886     0 |    0.57   0.48   0.06  -0.65
0  3.41e+05 1725.29 |
sla违约率：2.0%, sla失败率：4.5%, 超供均值：3.0, 超供面积比例：42.6%, 每秒提交量方差：102.7, 提交量大于阈值的概率：0.0000
0  3.41e+05 1725.29 | 1725.29    0.0   2886     0 |    0.57   0.57  -0.09  -0.66
0  3.58e+05 1743.67 |
sla违约率：1.7%, sla失败率：4.5%, 超供均值：2.9, 超供面积比例：42.1%, 每秒提交量方差：103.9, 提交量大于阈值的概率：0.0000
0  3.58e+05 1743.67 | 1743.67    0.0   2886     0 |    0.58   0.61   0.03  -0.66
0  3.75e+05 1758.10 |
sla违约率：1.5%, sla失败率：4.5%, 超供均值：2.9, 超供面积比例：41.8%, 每秒提交量方差：105.1, 提交量大于阈值的概率：0.0000
0  3.75e+05 1758.10 | 1758.10    0.0   2886     0 |    0.58   0.46   0.05  -0.67
0  3.92e+05 1763.47 |
sla违约率：1.4%, sla失败率：4.5%, 超供均值：2.9, 超供面积比例：41.9%, 每秒提交量方差：105.8, 提交量大于阈值的概率：0.0000
0  3.92e+05 1763.47 | 1763.47    0.0   2886     0 |    0.59   0.46  -0.02  -0.68
0  4.10e+05 1763.47 | 1752.97    0.0   2886     0 |    0.59   0.51   0.09  -0.68
0  4.56e+05 1767.91 |
sla违约率：1.4%, sla失败率：4.5%, 超供均值：2.9, 超供面积比例：41.3%, 每秒提交量方差：105.1, 提交量大于阈值的概率：0.0000
0  4.56e+05 1767.91 | 1767.91    0.0   2886     0 |    0.60   0.49   0.07  -0.69
0  4.73e+05 1772.70 |
sla违约率：1.4%, sla失败率：4.4%, 超供均值：2.8, 超供面积比例：40.9%, 每秒提交量方差：105.2, 提交量大于阈值的概率：0.0000
0  4.73e+05 1772.70 | 1772.70    0.0   2886     0 |    0.60   0.46   0.02  -0.69
0  4.91e+05 1804.70 |
sla违约率：1.1%, sla失败率：4.5%, 超供均值：2.7, 超供面积比例：39.1%, 每秒提交量方差：106.7, 提交量大于阈值的概率：0.0000
0  4.91e+05 1804.70 | 1804.70    0.0   2886     0 |    0.60   0.53   0.09  -0.69
0  5.08e+05 1809.87 |
sla违约率：1.1%, sla失败率：4.5%, 超供均值：2.7, 超供面积比例：38.6%, 每秒提交量方差：107.3, 提交量大于阈值的概率：0.0000
0  5.08e+05 1809.87 | 1809.87    0.0   2887     0 |    0.61   0.44   0.13  -0.70
0  5.25e+05 1809.87 | 1805.13    0.0   2886     0 |    0.61   0.53   0.09  -0.71
0  5.66e+05 1851.73 |
sla违约率：0.8%, sla失败率：4.4%, 超供均值：2.5, 超供面积比例：35.9%, 每秒提交量方差：108.4, 提交量大于阈值的概率：0.0000
0  5.66e+05 1851.73 | 1851.73    0.0   2887     0 |    0.62   0.47  -0.05  -0.74
0  5.83e+05 1871.53 |
sla违约率：0.8%, sla失败率：4.4%, 超供均值：2.3, 超供面积比例：33.8%, 每秒提交量方差：108.4, 提交量大于阈值的概率：0.0000
0  5.83e+05 1871.53 | 1871.53    0.0   2887     0 |    0.63   0.42   0.02  -0.75
0  6.00e+05 1871.53 | 1869.66    0.0   2887     0 |    0.63   0.49   0.06  -0.76
0  6.41e+05 1897.40 |
sla违约率：0.9%, sla失败率：4.4%, 超供均值：2.1, 超供面积比例：30.9%, 每秒提交量方差：107.6, 提交量大于阈值的概率：0.0000
0  6.41e+05 1897.40 | 1897.40    0.0   2887     0 |    0.64   0.44  -0.03  -0.77
0  6.58e+05 1897.40 | 1894.89    0.0   2887     0 |    0.64   0.61   0.03  -0.78
0  7.04e+05 1908.65 |
sla违约率：0.9%, sla失败率：4.4%, 超供均值：2.1, 超供面积比例：29.8%, 每秒提交量方差：107.2, 提交量大于阈值的概率：0.0000
0  7.04e+05 1908.65 | 1908.65    0.0   2887     0 |    0.65   0.47   0.12  -0.80
0  7.22e+05 1913.90 |
sla违约率：0.9%, sla失败率：4.5%, 超供均值：2.0, 超供面积比例：28.9%, 每秒提交量方差：107.2, 提交量大于阈值的概率：0.0000
0  7.22e+05 1913.90 | 1913.90    0.0   2887     0 |    0.65   0.54  -0.06  -0.81
0  7.39e+05 1919.48 |
sla违约率：0.9%, sla失败率：4.4%, 超供均值：2.0, 超供面积比例：28.2%, 每秒提交量方差：107.1, 提交量大于阈值的概率：0.0000
0  7.39e+05 1919.48 | 1919.48    0.0   2887     0 |    0.65   0.50   0.02  -0.81
0  7.56e+05 1924.47 |
sla违约率：1.0%, sla失败率：4.5%, 超供均值：1.9, 超供面积比例：27.2%, 每秒提交量方差：106.9, 提交量大于阈值的概率：0.0000
0  7.56e+05 1924.47 | 1924.47    0.0   2887     0 |    0.65   0.47   0.11  -0.82
0  7.73e+05 1927.51 |
sla违约率：1.0%, sla失败率：4.5%, 超供均值：1.9, 超供面积比例：26.8%, 每秒提交量方差：106.6, 提交量大于阈值的概率：0.0000
0  7.73e+05 1927.51 | 1927.51    0.0   2887     0 |    0.66   0.51   0.04  -0.82
0  7.91e+05 1927.51 | 1926.65    0.0   2887     0 |    0.66   0.36   0.07  -0.82
0  8.31e+05 1927.51 | 1924.60    0.0   2887     0 |    0.66   0.36   0.03  -0.83
0  8.72e+05 1927.61 |
sla违约率：1.2%, sla失败率：4.5%, 超供均值：1.8, 超供面积比例：25.8%, 每秒提交量方差：106.2, 提交量大于阈值的概率：0.0000
0  8.72e+05 1927.61 | 1927.61    0.0   2887     0 |    0.66   0.54   0.05  -0.83
0  8.89e+05 1927.61 | 1926.48    0.0   2887     0 |    0.66   0.50   0.04  -0.84
0  9.29e+05 1927.61 | 1924.70    0.0   2887     0 |    0.66   0.46  -0.07  -0.87
0  9.70e+05 1927.61 | 1927.35    0.0   2887     0 |    0.66   0.49   0.11  -0.88
0  1.02e+06 1927.61 | 1926.58    0.0   2887     0 |    0.66   0.47  -0.06  -0.91
0  1.06e+06 1928.10 |
sla违约率：1.2%, sla失败率：4.5%, 超供均值：1.8, 超供面积比例：25.7%, 每秒提交量方差：105.8, 提交量大于阈值的概率：0.0000
0  1.06e+06 1928.10 | 1928.10    0.0   2887     0 |    0.66   0.48  -0.06  -0.94
0  1.08e+06 1928.10 | 1926.26    0.0   2887     0 |    0.66   0.55   0.06  -0.94
0  1.12e+06 1930.64 |
sla违约率：1.1%, sla失败率：4.5%, 超供均值：1.8, 超供面积比例：25.7%, 每秒提交量方差：106.1, 提交量大于阈值的概率：0.0000
0  1.12e+06 1930.64 | 1930.64    0.0   2887     0 |    0.66   0.43   0.05  -0.96
0  1.13e+06 1930.64 | 1930.04    0.0   2887     0 |    0.66   0.43   0.11  -0.96
0  1.17e+06 1930.64 | 1928.99    0.0   2887     0 |    0.66   0.55  -0.04  -0.98
0  1.22e+06 1932.52 |
sla违约率：1.1%, sla失败率：4.5%, 超供均值：1.8, 超供面积比例：25.6%, 每秒提交量方差：106.7, 提交量大于阈值的概率：0.0000
0  1.22e+06 1932.52 | 1932.52    0.0   2887     0 |    0.67   0.43  -0.04  -1.00
0  1.24e+06 1932.52 | 1932.24    0.0   2887     0 |    0.67   0.38  -0.07  -1.00
0  1.28e+06 1932.52 | 1930.57    0.0   2887     0 |    0.67   0.50  -0.03  -1.02
0  1.32e+06 1932.53 |
sla违约率：1.1%, sla失败率：4.5%, 超供均值：1.8, 超供面积比例：25.9%, 每秒提交量方差：106.9, 提交量大于阈值的概率：0.0000
0  1.32e+06 1932.53 | 1932.53    0.0   2887     0 |    0.67   0.40   0.16  -1.03
0  1.34e+06 1932.53 | 1932.40    0.0   2887     0 |    0.66   0.44  -0.07  -1.03
0  1.38e+06 1932.53 | 1932.08    0.0   2887     0 |    0.67   0.36   0.03  -1.04
0  1.43e+06 1935.19 |
sla违约率：1.0%, sla失败率：4.4%, 超供均值：1.8, 超供面积比例：26.5%, 每秒提交量方差：108.5, 提交量大于阈值的概率：0.0000
0  1.43e+06 1935.19 | 1935.19    0.0   2887     0 |    0.67   0.45  -0.00  -1.06
0  1.44e+06 1936.06 |
sla违约率：1.0%, sla失败率：4.4%, 超供均值：1.8, 超供面积比例：26.4%, 每秒提交量方差：108.7, 提交量大于阈值的概率：0.0000
0  1.44e+06 1936.06 | 1936.06    0.0   2887     0 |    0.67   0.42   0.03  -1.07
0  1.46e+06 1937.85 |
sla违约率：1.0%, sla失败率：4.4%, 超供均值：1.8, 超供面积比例：26.2%, 每秒提交量方差：108.8, 提交量大于阈值的概率：0.0000
0  1.46e+06 1937.85 | 1937.85    0.0   2887     0 |    0.67   0.38  -0.01  -1.07
0  1.47e+06 1938.66 |
sla违约率：1.0%, sla失败率：4.5%, 超供均值：1.8, 超供面积比例：25.9%, 每秒提交量方差：108.8, 提交量大于阈值的概率：0.0000
0  1.47e+06 1938.66 | 1938.66    0.0   2887     0 |    0.67   0.50   0.06  -1.08
0  1.49e+06 1939.87 |
sla违约率：1.1%, sla失败率：4.5%, 超供均值：1.8, 超供面积比例：25.3%, 每秒提交量方差：108.4, 提交量大于阈值的概率：0.0000
0  1.49e+06 1939.87 | 1939.87    0.0   2887     0 |    0.67   0.47  -0.03  -1.08
0  1.51e+06 1941.46 |
sla违约率：1.1%, sla失败率：4.5%, 超供均值：1.7, 超供面积比例：25.0%, 每秒提交量方差：108.3, 提交量大于阈值的概率：0.0000
0  1.51e+06 1941.46 | 1941.46    0.0   2887     0 |    0.67   0.42  -0.06  -1.09
0  1.52e+06 1941.46 | 1940.96    0.0   2887     0 |    0.67   0.40   0.07  -1.10
0  1.56e+06 1941.46 | 1940.94    0.0   2887     0 |    0.67   0.40   0.00  -1.10
0  1.61e+06 1941.46 | 1940.31    0.0   2886     0 |    0.67   0.44   0.15  -1.10
0  1.65e+06 1941.46 | 1940.74    0.0   2887     0 |    0.67   0.51   0.02  -1.11
0  1.69e+06 1941.46 | 1940.86    0.0   2886     0 |    0.67   0.41   0.06  -1.10
0  1.73e+06 1941.63 |
sla违约率：1.0%, sla失败率：4.5%, 超供均值：1.8, 超供面积比例：25.4%, 每秒提交量方差：109.4, 提交量大于阈值的概率：0.0000
0  1.73e+06 1941.63 | 1941.63    0.0   2886     0 |    0.67   0.46   0.13  -1.12
0  1.75e+06 1941.63 | 1940.58    0.0   2886     0 |    0.67   0.36   0.02  -1.12
0  1.79e+06 1942.73 |
sla违约率：1.0%, sla失败率：4.5%, 超供均值：1.8, 超供面积比例：25.5%, 每秒提交量方差：109.5, 提交量大于阈值的概率：0.0000
0  1.79e+06 1942.73 | 1942.73    0.0   2887     0 |    0.67   0.44   0.04  -1.13
0  1.81e+06 1943.76 |
sla违约率：1.0%, sla失败率：4.5%, 超供均值：1.7, 超供面积比例：25.2%, 每秒提交量方差：109.3, 提交量大于阈值的概率：0.0000
0  1.81e+06 1943.76 | 1943.76    0.0   2887     0 |    0.67   0.37   0.12  -1.13
0  1.82e+06 1945.18 |
sla违约率：1.0%, sla失败率：4.5%, 超供均值：1.7, 超供面积比例：24.9%, 每秒提交量方差：109.1, 提交量大于阈值的概率：0.0000
0  1.82e+06 1945.18 | 1945.18    0.0   2887     0 |    0.67   0.49   0.02  -1.13
0  1.84e+06 1946.11 |
sla违约率：1.1%, sla失败率：4.5%, 超供均值：1.7, 超供面积比例：24.8%, 每秒提交量方差：109.1, 提交量大于阈值的概率：0.0000
0  1.84e+06 1946.11 | 1946.11    0.0   2887     0 |    0.67   0.40   0.05  -1.13
0  1.86e+06 1946.66 |
sla违约率：1.1%, sla失败率：4.5%, 超供均值：1.7, 超供面积比例：24.2%, 每秒提交量方差：108.6, 提交量大于阈值的概率：0.0000
0  1.86e+06 1946.66 | 1946.66    0.0   2887     0 |    0.67   0.35   0.09  -1.13
0  1.88e+06 1946.66 | 1945.34    0.0   2887     0 |    0.67   0.45  -0.00  -1.14
0  1.92e+06 1946.66 | 1946.57    0.0   2887     0 |    0.67   0.36   0.05  -1.14
0  1.96e+06 1947.35 |
sla违约率：1.1%, sla失败率：4.5%, 超供均值：1.7, 超供面积比例：24.2%, 每秒提交量方差：108.8, 提交量大于阈值的概率：0.0000
0  1.96e+06 1947.35 | 1947.35    0.0   2887     0 |    0.67   0.34   0.18  -1.14
0  1.97e+06 1947.35 | 1947.27    0.0   2887     0 |    0.67   0.43   0.04  -1.14
0  2.01e+06 1950.61 |
sla违约率：1.1%, sla失败率：4.5%, 超供均值：1.6, 超供面积比例：23.7%, 每秒提交量方差：108.9, 提交量大于阈值的概率：0.0000
0  2.01e+06 1950.61 | 1950.61    0.0   2887     0 |    0.67   0.41   0.10  -1.14
0  2.02e+06 1950.61 | 1948.91    0.0   2887     0 |    0.67   0.32   0.01  -1.14
0  2.06e+06 1952.45 |
sla违约率：1.1%, sla失败率：4.5%, 超供均值：1.7, 超供面积比例：24.0%, 每秒提交量方差：109.2, 提交量大于阈值的概率：0.0000
0  2.06e+06 1952.45 | 1952.45    0.0   2887     0 |    0.67   0.36   0.10  -1.15
0  2.07e+06 1952.45 | 1951.49    0.0   2887     0 |    0.67   0.38   0.07  -1.15
0  2.12e+06 1952.45 | 1952.25    0.0   2887     0 |    0.67   0.41  -0.05  -1.14
0  2.16e+06 1952.74 |
sla违约率：1.0%, sla失败率：4.4%, 超供均值：1.7, 超供面积比例：24.6%, 每秒提交量方差：109.4, 提交量大于阈值的概率：0.0000
0  2.16e+06 1952.74 | 1952.74    0.0   2887     0 |    0.67   0.31   0.05  -1.14
0  2.18e+06 1952.74 | 1952.71    0.0   2887     0 |    0.67   0.46  -0.06  -1.14
0  2.22e+06 1952.74 | 1948.67    0.0   2887     0 |    0.67   0.32   0.04  -1.14
0  2.27e+06 1952.74 | 1950.06    0.0   2887     0 |    0.67   0.36  -0.03  -1.15
0  2.31e+06 1952.74 | 1949.31    0.0   2887     0 |    0.67   0.39   0.06  -1.15
0  2.36e+06 1952.74 | 1950.07    0.0   2886     0 |    0.67   0.39   0.03  -1.14
0  2.40e+06 1952.74 | 1952.50    0.0   2886     0 |    0.67   0.43   0.05  -1.14
0  2.44e+06 1952.74 | 1951.10    0.0   2886     0 |    0.67   0.41   0.07  -1.14
0  2.48e+06 1952.74 | 1952.01    0.0   2886     0 |    0.67   0.34   0.01  -1.14
0  2.52e+06 1952.76 |
sla违约率：1.0%, sla失败率：4.4%, 超供均值：1.7, 超供面积比例：24.3%, 每秒提交量方差：109.5, 提交量大于阈值的概率：0.0000
0  2.52e+06 1952.76 | 1952.76    0.0   2887     0 |    0.67   0.31   0.10  -1.14
0  2.54e+06 1953.81 |
sla违约率：1.1%, sla失败率：4.5%, 超供均值：1.7, 超供面积比例：23.9%, 每秒提交量方差：109.4, 提交量大于阈值的概率：0.0000
0  2.54e+06 1953.81 | 1953.81    0.0   2887     0 |    0.67   0.32   0.05  -1.14
0  2.56e+06 1956.91 |
sla违约率：1.1%, sla失败率：4.5%, 超供均值：1.6, 超供面积比例：23.4%, 每秒提交量方差：109.3, 提交量大于阈值的概率：0.0000
0  2.56e+06 1956.91 | 1956.91    0.0   2887     0 |    0.67   0.32   0.13  -1.14
0  2.57e+06 1956.91 | 1955.61    0.0   2887     0 |    0.67   0.36   0.05  -1.14
0  2.62e+06 1956.91 | 1956.71    0.0   2887     0 |    0.68   0.25   0.11  -1.13
0  2.66e+06 1958.20 |
sla违约率：1.1%, sla失败率：4.5%, 超供均值：1.6, 超供面积比例：23.1%, 每秒提交量方差：109.6, 提交量大于阈值的概率：0.0000
0  2.66e+06 1958.20 | 1958.20    0.0   2887     0 |    0.68   0.38  -0.00  -1.14
0  2.67e+06 1959.45 |
sla违约率：1.1%, sla失败率：4.5%, 超供均值：1.6, 超供面积比例：23.2%, 每秒提交量方差：109.7, 提交量大于阈值的概率：0.0000
0  2.67e+06 1959.45 | 1959.45    0.0   2887     0 |    0.68   0.27   0.01  -1.14
0  2.69e+06 1959.45 | 1959.17    0.0   2887     0 |    0.68   0.32   0.18  -1.15
0  2.74e+06 1961.55 |
sla违约率：1.1%, sla失败率：4.5%, 超供均值：1.6, 超供面积比例：23.0%, 每秒提交量方差：109.5, 提交量大于阈值的概率：0.0000
0  2.74e+06 1961.55 | 1961.55    0.0   2887     0 |    0.68   0.35   0.05  -1.15
0  2.75e+06 1961.55 | 1960.49    0.0   2887     0 |    0.68   0.40   0.08  -1.14
0  2.79e+06 1961.55 | 1960.27    0.0   2887     0 |    0.68   0.39  -0.06  -1.15
0  2.83e+06 1961.55 | 1957.84    0.0   2887     0 |    0.68   0.32   0.05  -1.15
0  2.88e+06 1961.55 | 1959.84    0.0   2887     0 |    0.68   0.42  -0.04  -1.14
0  2.92e+06 1961.55 | 1960.79    0.0   2887     0 |    0.68   0.53   0.14  -1.16
0  2.96e+06 1961.90 |
sla违约率：1.1%, sla失败率：4.5%, 超供均值：1.6, 超供面积比例：23.0%, 每秒提交量方差：109.8, 提交量大于阈值的概率：0.0000
0  2.96e+06 1961.90 | 1961.90    0.0   2887     0 |    0.68   0.38  -0.03  -1.15
0  2.98e+06 1962.23 |
sla违约率：1.0%, sla失败率：4.5%, 超供均值：1.6, 超供面积比例：23.1%, 每秒提交量方差：110.2, 提交量大于阈值的概率：0.0000
0  2.98e+06 1962.23 | 1962.23    0.0   2887     0 |    0.68   0.32  -0.01  -1.15
0  3.00e+06 1962.23 | 1961.44    0.0   2887     0 |    0.68   0.32   0.10  -1.15
0  3.04e+06 1962.23 | 1959.82    0.0   2887     0 |    0.68   0.38   0.06  -1.15
0  3.08e+06 1962.23 | 1960.99    0.0   2887     0 |    0.68   0.41   0.10  -1.14
0  3.12e+06 1962.23 | 1959.43    0.0   2887     0 |    0.68   0.43   0.06  -1.14
0  3.16e+06 1962.23 | 1960.22    0.0   2887     0 |    0.68   0.42  -0.01  -1.13
0  3.20e+06 1962.23 | 1962.09    0.0   2887     0 |    0.68   0.27   0.12  -1.12
0  3.24e+06 1962.23 | 1960.65    0.0   2887     0 |    0.68   0.31   0.05  -1.12
0  3.29e+06 1962.23 | 1960.94    0.0   2887     0 |    0.68   0.39   0.15  -1.12
0  3.33e+06 1963.52 |
sla违约率：1.0%, sla失败率：4.5%, 超供均值：1.6, 超供面积比例：23.3%, 每秒提交量方差：109.5, 提交量大于阈值的概率：0.0000
0  3.33e+06 1963.52 | 1963.52    0.0   2887     0 |    0.68   0.39   0.03  -1.13
0  3.34e+06 1963.52 | 1962.89    0.0   2887     0 |    0.68   0.31   0.05  -1.14
0  3.39e+06 1964.84 |
sla违约率：0.9%, sla失败率：4.5%, 超供均值：1.6, 超供面积比例：23.5%, 每秒提交量方差：109.9, 提交量大于阈值的概率：0.0000
0  3.39e+06 1964.84 | 1964.84    0.0   2887     0 |    0.68   0.33   0.15  -1.14
0  3.41e+06 1966.55 |
sla违约率：0.9%, sla失败率：4.5%, 超供均值：1.6, 超供面积比例：23.2%, 每秒提交量方差：109.9, 提交量大于阈值的概率：0.0000
0  3.41e+06 1966.55 | 1966.55    0.0   2887     0 |    0.68   0.41  -0.07  -1.14
0  3.42e+06 1966.55 | 1965.50    0.0   2887     0 |    0.68   0.41   0.09  -1.14
0  3.46e+06 1966.55 | 1964.77    0.0   2887     0 |    0.68   0.38   0.01  -1.14
0  3.50e+06 1966.55 | 1966.54    0.0   2887     0 |    0.68   0.31   0.09  -1.14
0  3.54e+06 1966.55 | 1965.73    0.0   2887     0 |    0.68   0.38   0.08  -1.14
0  3.59e+06 1967.34 |
sla违约率：0.9%, sla失败率：4.5%, 超供均值：1.6, 超供面积比例：23.2%, 每秒提交量方差：110.7, 提交量大于阈值的概率：0.0000
0  3.59e+06 1967.34 | 1967.34    0.0   2887     0 |    0.68   0.30   0.16  -1.15
0  3.60e+06 1968.49 |
sla违约率：0.9%, sla失败率：4.5%, 超供均值：1.6, 超供面积比例：23.0%, 每秒提交量方差：110.4, 提交量大于阈值的概率：0.0000
0  3.60e+06 1968.49 | 1968.49    0.0   2887     0 |    0.68   0.31   0.07  -1.15
0  3.62e+06 1969.51 |
sla违约率：0.9%, sla失败率：4.5%, 超供均值：1.6, 超供面积比例：23.1%, 每秒提交量方差：110.9, 提交量大于阈值的概率：0.0000
0  3.62e+06 1969.51 | 1969.51    0.0   2887     0 |    0.68   0.28   0.09  -1.14
0  3.64e+06 1969.51 | 1968.45    0.0   2887     0 |    0.68   0.29   0.05  -1.14
0  3.68e+06 1970.51 |
sla违约率：0.9%, sla失败率：4.5%, 超供均值：1.6, 超供面积比例：23.0%, 每秒提交量方差：110.8, 提交量大于阈值的概率：0.0000
0  3.68e+06 1970.51 | 1970.51    0.0   2887     0 |    0.68   0.34   0.21  -1.15
0  3.69e+06 1970.51 | 1969.41    0.0   2887     0 |    0.68   0.41   0.02  -1.15
0  3.74e+06 1970.51 | 1968.79    0.0   2887     0 |    0.68   0.31   0.05  -1.15
0  3.78e+06 1970.51 | 1969.25    0.0   2887     0 |    0.68   0.32   0.05  -1.15
0  3.82e+06 1970.51 | 1969.07    0.0   2887     0 |    0.68   0.34   0.07  -1.15
0  3.86e+06 1970.51 | 1968.58    0.0   2887     0 |    0.68   0.35   0.20  -1.15
0  3.90e+06 1970.51 | 1970.41    0.0   2887     0 |    0.68   0.40   0.11  -1.15
0  3.95e+06 1970.65 |
sla违约率：1.0%, sla失败率：4.5%, 超供均值：1.6, 超供面积比例：22.4%, 每秒提交量方差：110.8, 提交量大于阈值的概率：0.0000
0  3.95e+06 1970.65 | 1970.65    0.0   2887     0 |    0.68   0.30   0.15  -1.14
0  3.97e+06 1971.77 |
sla违约率：1.0%, sla失败率：4.5%, 超供均值：1.5, 超供面积比例：22.3%, 每秒提交量方差：111.4, 提交量大于阈值的概率：0.0000
0  3.97e+06 1971.77 | 1971.77    0.0   2887     0 |    0.68   0.33   0.01  -1.14
0  3.98e+06 1971.77 | 1971.40    0.0   2887     0 |    0.68   0.38  -0.06  -1.14
0  4.02e+06 1971.77 | 1970.25    0.0   2887     0 |    0.68   0.33   0.09  -1.15
0  4.06e+06 1971.77 | 1971.13    0.0   2887     0 |    0.68   0.26   0.09  -1.15
0  4.11e+06 1971.79 |
sla违约率：0.9%, sla失败率：4.5%, 超供均值：1.6, 超供面积比例：22.5%, 每秒提交量方差：112.2, 提交量大于阈值的概率：0.0000
0  4.11e+06 1971.79 | 1971.79    0.0   2887     0 |    0.68   0.41   0.09  -1.15
0  4.13e+06 1974.43 |
sla违约率：0.9%, sla失败率：4.5%, 超供均值：1.5, 超供面积比例：22.3%, 每秒提交量方差：112.7, 提交量大于阈值的概率：0.0000
0  4.13e+06 1974.43 | 1974.43    0.0   2887     0 |    0.68   0.25   0.05  -1.16
0  4.14e+06 1975.02 |
sla违约率：0.9%, sla失败率：4.5%, 超供均值：1.5, 超供面积比例：22.2%, 每秒提交量方差：112.6, 提交量大于阈值的概率：0.0000
0  4.14e+06 1975.02 | 1975.02    0.0   2887     0 |    0.68   0.36   0.02  -1.15
0  4.16e+06 1975.02 | 1974.60    0.0   2887     0 |    0.68   0.36   0.11  -1.16
0  4.20e+06 1975.02 | 1974.53    0.0   2887     0 |    0.68   0.26   0.01  -1.15
0  4.24e+06 1975.02 | 1974.56    0.0   2887     0 |    0.68   0.29   0.14  -1.15
0  4.29e+06 1975.11 |
sla违约率：0.8%, sla失败率：4.5%, 超供均值：1.6, 超供面积比例：22.9%, 每秒提交量方差：113.5, 提交量大于阈值的概率：0.0000
0  4.29e+06 1975.11 | 1975.11    0.0   2887     0 |    0.68   0.33   0.06  -1.14
0  4.31e+06 1975.11 | 1974.32    0.0   2887     0 |    0.68   0.34  -0.01  -1.14
0  4.35e+06 1975.11 | 1972.80    0.0   2887     0 |    0.68   0.32   0.16  -1.15
0  4.39e+06 1975.11 | 1974.19    0.0   2887     0 |    0.68   0.37  -0.03  -1.15
0  4.43e+06 1975.11 | 1973.26    0.0   2887     0 |    0.68   0.41   0.12  -1.15
0  4.47e+06 1975.11 | 1971.90    0.0   2887     0 |    0.68   0.36   0.06  -1.15
0  4.51e+06 1975.11 | 1971.62    0.0   2887     0 |    0.68   0.33   0.05  -1.15
0  4.56e+06 1975.11 | 1972.04    0.0   2887     0 |    0.68   0.36   0.05  -1.15
0  4.60e+06 1975.11 | 1972.75    0.0   2887     0 |    0.68   0.39  -0.02  -1.15
0  4.64e+06 1975.11 | 1971.45    0.0   2887     0 |    0.68   0.32   0.04  -1.15
0  4.69e+06 1975.11 | 1972.43    0.0   2887     0 |    0.68   0.39   0.07  -1.16
0  4.73e+06 1975.11 | 1972.40    0.0   2887     0 |    0.68   0.27   0.16  -1.15
0  4.77e+06 1975.56 |
sla违约率：0.8%, sla失败率：4.5%, 超供均值：1.6, 超供面积比例：23.2%, 每秒提交量方差：115.9, 提交量大于阈值的概率：0.0000
0  4.77e+06 1975.56 | 1975.56    0.0   2887     0 |    0.68   0.49   0.06  -1.15
0  4.79e+06 1975.56 | 1974.62    0.0   2887     0 |    0.68   0.34   0.03  -1.15
0  4.83e+06 1975.56 | 1975.16    0.0   2887     0 |    0.68   0.24  -0.03  -1.15
0  4.88e+06 1977.94 |
sla违约率：0.9%, sla失败率：4.5%, 超供均值：1.5, 超供面积比例：22.3%, 每秒提交量方差：115.7, 提交量大于阈值的概率：0.0000
0  4.88e+06 1977.94 | 1977.94    0.0   2887     0 |    0.68   0.33   0.06  -1.15
0  4.90e+06 1979.08 |
sla违约率：0.9%, sla失败率：4.5%, 超供均值：1.5, 超供面积比例：22.0%, 每秒提交量方差：115.7, 提交量大于阈值的概率：0.0000
0  4.90e+06 1979.08 | 1979.08    0.0   2887     0 |    0.68   0.39   0.09  -1.15
0  4.91e+06 1979.08 | 1978.37    0.0   2887     0 |    0.68   0.34   0.17  -1.16
0  4.95e+06 1979.08 | 1979.06    0.0   2887     0 |    0.68   0.32   0.13  -1.16
0  4.99e+06 1979.08 | 1979.06    0.0   2887     0 |    0.68   0.30  -0.06  -1.16
0  5.03e+06 1980.36 |
sla违约率：0.9%, sla失败率：4.5%, 超供均值：1.5, 超供面积比例：21.6%, 每秒提交量方差：115.2, 提交量大于阈值的概率：0.0000
0  5.03e+06 1980.36 | 1980.36    0.0   2887     0 |    0.68   0.26   0.06  -1.15
0  5.05e+06 1980.36 | 1979.93    0.0   2887     0 |    0.68   0.29   0.04  -1.16
0  5.09e+06 1980.36 | 1979.94    0.0   2887     0 |    0.68   0.27   0.20  -1.15
0  5.14e+06 1980.36 | 1978.01    0.0   2887     0 |    0.68   0.37   0.06  -1.15
0  5.18e+06 1980.36 | 1978.71    0.0   2887     0 |    0.68   0.38   0.11  -1.15
0  5.22e+06 1980.36 | 1980.09    0.0   2887     0 |    0.68   0.31   0.11  -1.15
0  5.26e+06 1982.64 |
sla违约率：0.9%, sla失败率：4.5%, 超供均值：1.5, 超供面积比例：21.5%, 每秒提交量方差：116.7, 提交量大于阈值的概率：0.0000
0  5.26e+06 1982.64 | 1982.64    0.0   2887     0 |    0.68   0.30   0.06  -1.14
0  5.27e+06 1982.64 | 1982.55    0.0   2887     0 |    0.68   0.30   0.05  -1.14
0  5.31e+06 1982.64 | 1979.98    0.0   2887     0 |    0.68   0.33   0.10  -1.15
0  5.35e+06 1982.64 | 1982.05    0.0   2887     0 |    0.68   0.32   0.07  -1.15
0  5.39e+06 1982.64 | 1982.16    0.0   2887     0 |    0.68   0.30   0.03  -1.15
0  5.43e+06 1982.64 | 1981.67    0.0   2887     0 |    0.68   0.30   0.07  -1.16
0  5.47e+06 1982.64 | 1981.68    0.0   2887     0 |    0.68   0.42   0.06  -1.16
0  5.51e+06 1982.64 | 1982.41    0.0   2887     0 |    0.68   0.35   0.12  -1.16
0  5.55e+06 1982.64 | 1982.04    0.0   2887     0 |    0.68   0.32   0.07  -1.16
0  5.59e+06 1982.64 | 1980.06    0.0   2887     0 |    0.68   0.35  -0.01  -1.15
0  5.64e+06 1982.64 | 1980.24    0.0   2887     0 |    0.68   0.29   0.05  -1.14
0  5.68e+06 1982.64 | 1980.45    0.0   2887     0 |    0.68   0.35   0.02  -1.14
0  5.72e+06 1982.64 | 1981.36    0.0   2887     0 |    0.68   0.25   0.03  -1.14
0  5.76e+06 1982.64 | 1980.78    0.0   2887     0 |    0.68   0.35   0.05  -1.14
0  5.80e+06 1982.64 | 1981.63    0.0   2887     0 |    0.68   0.28  -0.03  -1.14
0  5.84e+06 1982.76 |
sla违约率：0.9%, sla失败率：4.5%, 超供均值：1.5, 超供面积比例：21.5%, 每秒提交量方差：118.6, 提交量大于阈值的概率：0.0000
0  5.84e+06 1982.76 | 1982.76    0.0   2887     0 |    0.68   0.34   0.05  -1.14
0  5.85e+06 1982.77 |
sla违约率：0.9%, sla失败率：4.5%, 超供均值：1.5, 超供面积比例：21.7%, 每秒提交量方差：119.0, 提交量大于阈值的概率：0.0000
0  5.85e+06 1982.77 | 1982.77    0.0   2887     0 |    0.68   0.26   0.13  -1.15
0  5.87e+06 1983.18 |
sla违约率：0.9%, sla失败率：4.5%, 超供均值：1.5, 超供面积比例：21.9%, 每秒提交量方差：119.2, 提交量大于阈值的概率：0.0000
0  5.87e+06 1983.18 | 1983.18    0.0   2887     0 |    0.68   0.27   0.12  -1.15
0  5.88e+06 1983.43 |
sla违约率：0.8%, sla失败率：4.5%, 超供均值：1.5, 超供面积比例：22.0%, 每秒提交量方差：119.4, 提交量大于阈值的概率：0.0000
0  5.88e+06 1983.43 | 1983.43    0.0   2887     0 |    0.68   0.28   0.01  -1.15
0  5.89e+06 1983.43 | 1983.04    0.0   2887     0 |    0.68   0.35  -0.07  -1.15
0  5.94e+06 1983.43 | 1982.62    0.0   2887     0 |    0.68   0.31   0.11  -1.15
0  5.98e+06 1983.43 | 1982.72    0.0   2887     0 |    0.68   0.33   0.19  -1.15
0  6.02e+06 1986.30 |
sla违约率：0.8%, sla失败率：4.5%, 超供均值：1.5, 超供面积比例：21.7%, 每秒提交量方差：120.6, 提交量大于阈值的概率：0.0000
0  6.02e+06 1986.30 | 1986.30    0.0   2887     0 |    0.68   0.40   0.09  -1.16
0  6.04e+06 1986.30 | 1985.24    0.0   2887     0 |    0.69   0.36   0.12  -1.15
0  6.08e+06 1986.30 | 1985.48    0.0   2887     0 |    0.68   0.39   0.19  -1.16
0  6.12e+06 1987.32 |
sla违约率：0.9%, sla失败率：4.5%, 超供均值：1.5, 超供面积比例：21.2%, 每秒提交量方差：119.3, 提交量大于阈值的概率：0.0000
0  6.12e+06 1987.32 | 1987.32    0.0   2887     0 |    0.69   0.34   0.10  -1.15
0  6.14e+06 1987.32 | 1986.69    0.0   2887     0 |    0.69   0.31  -0.04  -1.15
0  6.18e+06 1988.40 |
sla违约率：0.9%, sla失败率：4.5%, 超供均值：1.5, 超供面积比例：21.2%, 每秒提交量方差：119.7, 提交量大于阈值的概率：0.0000
0  6.18e+06 1988.40 | 1988.40    0.0   2887     0 |    0.69   0.31   0.09  -1.16
0  6.20e+06 1988.91 |
sla违约率：0.9%, sla失败率：4.5%, 超供均值：1.5, 超供面积比例：21.1%, 每秒提交量方差：119.9, 提交量大于阈值的概率：0.0000
0  6.20e+06 1988.91 | 1988.91    0.0   2887     0 |    0.69   0.26   0.08  -1.16
0  6.21e+06 1989.39 |
sla违约率：0.9%, sla失败率：4.5%, 超供均值：1.5, 超供面积比例：21.1%, 每秒提交量方差：119.6, 提交量大于阈值的概率：0.0000
0  6.21e+06 1989.39 | 1989.39    0.0   2887     0 |    0.69   0.26   0.09  -1.16
0  6.22e+06 1989.39 | 1988.69    0.0   2887     0 |    0.69   0.29   0.18  -1.16
0  6.26e+06 1990.97 |
sla违约率：0.9%, sla失败率：4.5%, 超供均值：1.4, 超供面积比例：20.9%, 每秒提交量方差：120.2, 提交量大于阈值的概率：0.0000
0  6.26e+06 1990.97 | 1990.97    0.0   2887     0 |    0.69   0.28   0.03  -1.16
0  6.28e+06 1990.97 | 1990.64    0.0   2887     0 |    0.69   0.22   0.06  -1.16
0  6.32e+06 1990.97 | 1989.55    0.0   2887     0 |    0.69   0.36   0.09  -1.15
0  6.36e+06 1990.97 | 1990.77    0.0   2887     0 |    0.69   0.26   0.14  -1.15
0  6.40e+06 1991.31 |
sla违约率：0.9%, sla失败率：4.4%, 超供均值：1.5, 超供面积比例：21.2%, 每秒提交量方差：119.5, 提交量大于阈值的概率：0.0000
0  6.40e+06 1991.31 | 1991.31    0.0   2887     0 |    0.69   0.32   0.05  -1.15
0  6.41e+06 1991.31 | 1989.49    0.0   2887     0 |    0.69   0.28   0.12  -1.14
0  6.45e+06 1992.68 |
sla违约率：0.8%, sla失败率：4.4%, 超供均值：1.5, 超供面积比例：21.3%, 每秒提交量方差：119.8, 提交量大于阈值的概率：0.0000
0  6.45e+06 1992.68 | 1992.68    0.0   2887     0 |    0.69   0.31   0.09  -1.15
0  6.47e+06 1992.68 | 1992.28    0.0   2887     0 |    0.69   0.27   0.08  -1.15
0  6.51e+06 1992.68 | 1992.56    0.0   2887     0 |    0.69   0.25  -0.05  -1.15
0  6.55e+06 1994.02 |
sla违约率：0.9%, sla失败率：4.4%, 超供均值：1.4, 超供面积比例：20.9%, 每秒提交量方差：119.5, 提交量大于阈值的概率：0.0000
0  6.55e+06 1994.02 | 1994.02    0.0   2887     0 |    0.69   0.23   0.11  -1.15
0  6.57e+06 1994.38 |
sla违约率：0.9%, sla失败率：4.4%, 超供均值：1.5, 超供面积比例：21.0%, 每秒提交量方差：119.5, 提交量大于阈值的概率：0.0000
0  6.57e+06 1994.38 | 1994.38    0.0   2887     0 |    0.69   0.32   0.11  -1.16
0  6.59e+06 1995.22 |
sla违约率：0.9%, sla失败率：4.5%, 超供均值：1.4, 超供面积比例：20.7%, 每秒提交量方差：119.4, 提交量大于阈值的概率：0.0000
0  6.59e+06 1995.22 | 1995.22    0.0   2887     0 |    0.69   0.32   0.17  -1.15
0  6.61e+06 1995.28 |
sla违约率：0.9%, sla失败率：4.4%, 超供均值：1.4, 超供面积比例：20.7%, 每秒提交量方差：119.8, 提交量大于阈值的概率：0.0000
0  6.61e+06 1995.28 | 1995.28    0.0   2887     0 |    0.69   0.35   0.07  -1.16
0  6.62e+06 1995.28 | 1994.84    0.0   2887     0 |    0.69   0.31   0.03  -1.16
0  6.66e+06 1995.28 | 1992.84    0.0   2887     0 |    0.69   0.29   0.21  -1.16
0  6.70e+06 1995.28 | 1994.75    0.0   2887     0 |    0.69   0.33   0.16  -1.16
0  6.74e+06 1995.28 | 1993.90    0.0   2887     0 |    0.69   0.31   0.04  -1.16
0  6.78e+06 1995.28 | 1993.95    0.0   2887     0 |    0.69   0.33   0.01  -1.16
0  6.82e+06 1995.28 | 1994.19    0.0   2887     0 |    0.69   0.31   0.08  -1.15
0  6.86e+06 1995.28 | 1994.54    0.0   2887     0 |    0.69   0.32   0.00  -1.16
0  6.91e+06 1995.65 |
sla违约率：0.8%, sla失败率：4.5%, 超供均值：1.4, 超供面积比例：20.7%, 每秒提交量方差：120.1, 提交量大于阈值的概率：0.0000
0  6.91e+06 1995.65 | 1995.65    0.0   2887     0 |    0.69   0.28   0.09  -1.15
0  6.92e+06 1995.65 | 1994.51    0.0   2887     0 |    0.69   0.29   0.05  -1.15
0  6.96e+06 1995.65 | 1994.73    0.0   2887     0 |    0.69   0.29   0.17  -1.15
0  7.00e+06 1995.65 | 1995.43    0.0   2887     0 |    0.69   0.34  -0.01  -1.15
0  7.04e+06 1996.65 |
sla违约率：0.8%, sla失败率：4.4%, 超供均值：1.5, 超供面积比例：21.2%, 每秒提交量方差：120.8, 提交量大于阈值的概率：0.0000
0  7.04e+06 1996.65 | 1996.65    0.0   2887     0 |    0.69   0.33   0.05  -1.15
0  7.06e+06 1997.46 |
sla违约率：0.8%, sla失败率：4.5%, 超供均值：1.4, 超供面积比例：20.7%, 每秒提交量方差：120.0, 提交量大于阈值的概率：0.0000
0  7.06e+06 1997.46 | 1997.46    0.0   2887     0 |    0.69   0.26   0.09  -1.14
0  7.08e+06 1998.72 |
sla违约率：0.8%, sla失败率：4.5%, 超供均值：1.4, 超供面积比例：20.7%, 每秒提交量方差：120.0, 提交量大于阈值的概率：0.0000
0  7.08e+06 1998.72 | 1998.72    0.0   2887     0 |    0.69   0.29   0.02  -1.15
0  7.10e+06 1998.72 | 1997.64    0.0   2887     0 |    0.69   0.26   0.10  -1.15
0  7.14e+06 1998.72 | 1995.78    0.0   2887     0 |    0.69   0.28   0.07  -1.16
0  7.18e+06 1998.72 | 1997.88    0.0   2887     0 |    0.69   0.28   0.09  -1.16
0  7.22e+06 1998.72 | 1998.49    0.0   2887     0 |    0.69   0.28   0.12  -1.16
0  7.26e+06 1998.72 | 1998.42    0.0   2887     0 |    0.69   0.25   0.07  -1.15
0  7.30e+06 1998.72 | 1997.11    0.0   2887     0 |    0.69   0.25   0.20  -1.15
0  7.34e+06 1998.72 | 1998.30    0.0   2887     0 |    0.69   0.25   0.07  -1.15
0  7.38e+06 1998.72 | 1998.69    0.0   2887     0 |    0.69   0.30   0.19  -1.16
0  7.42e+06 1998.72 | 1997.95    0.0   2887     0 |    0.69   0.27   0.10  -1.16
0  7.47e+06 1998.72 | 1998.57    0.0   2887     0 |    0.69   0.31   0.09  -1.15
0  7.51e+06 1999.32 |
sla违约率：0.9%, sla失败率：4.5%, 超供均值：1.4, 超供面积比例：20.2%, 每秒提交量方差：119.2, 提交量大于阈值的概率：0.0000
0  7.51e+06 1999.32 | 1999.32    0.0   2887     0 |    0.69   0.29   0.01  -1.15
0  7.52e+06 1999.32 | 1999.09    0.0   2887     0 |    0.69   0.30   0.09  -1.14
0  7.56e+06 2000.20 |
sla违约率：0.8%, sla失败率：4.5%, 超供均值：1.4, 超供面积比例：20.3%, 每秒提交量方差：118.8, 提交量大于阈值的概率：0.0000
0  7.56e+06 2000.20 | 2000.20    0.0   2887     0 |    0.69   0.33   0.10  -1.15
0  7.57e+06 2000.43 |
sla违约率：0.9%, sla失败率：4.5%, 超供均值：1.4, 超供面积比例：20.1%, 每秒提交量方差：118.7, 提交量大于阈值的概率：0.0000
0  7.57e+06 2000.43 | 2000.43    0.0   2887     0 |    0.69   0.38  -0.00  -1.15
0  7.58e+06 2000.61 |
sla违约率：0.8%, sla失败率：4.4%, 超供均值：1.4, 超供面积比例：20.3%, 每秒提交量方差：118.7, 提交量大于阈值的概率：0.0000
0  7.58e+06 2000.61 | 2000.61    0.0   2887     0 |    0.69   0.36   0.06  -1.15
0  7.59e+06 2000.79 |
sla违约率：0.8%, sla失败率：4.4%, 超供均值：1.4, 超供面积比例：20.4%, 每秒提交量方差：119.2, 提交量大于阈值的概率：0.0000
0  7.59e+06 2000.79 | 2000.79    0.0   2887     0 |    0.69   0.32   0.13  -1.15
0  7.60e+06 2000.81 |
sla违约率：0.8%, sla失败率：4.5%, 超供均值：1.4, 超供面积比例：20.3%, 每秒提交量方差：118.9, 提交量大于阈值的概率：0.0000
0  7.60e+06 2000.81 | 2000.81    0.0   2887     0 |    0.69   0.32   0.15  -1.16
0  7.62e+06 2000.81 | 2000.76    0.0   2887     0 |    0.69   0.37   0.18  -1.16
0  7.66e+06 2002.05 |
sla违约率：0.8%, sla失败率：4.5%, 超供均值：1.4, 超供面积比例：20.3%, 每秒提交量方差：119.5, 提交量大于阈值的概率：0.0000
0  7.66e+06 2002.05 | 2002.05    0.0   2887     0 |    0.69   0.25   0.12  -1.15
0  7.67e+06 2002.05 | 2001.62    0.0   2887     0 |    0.69   0.34   0.01  -1.16
0  7.71e+06 2002.05 | 2001.57    0.0   2887     0 |    0.69   0.24   0.11  -1.15
0  7.75e+06 2002.19 |
sla违约率：0.8%, sla失败率：4.5%, 超供均值：1.4, 超供面积比例：20.1%, 每秒提交量方差：119.8, 提交量大于阈值的概率：0.0000
0  7.75e+06 2002.19 | 2002.19    0.0   2887     0 |    0.69   0.26   0.10  -1.14
0  7.76e+06 2002.28 |
sla违约率：0.8%, sla失败率：4.5%, 超供均值：1.4, 超供面积比例：20.1%, 每秒提交量方差：119.8, 提交量大于阈值的概率：0.0000
0  7.76e+06 2002.28 | 2002.28    0.0   2887     0 |    0.69   0.24   0.02  -1.14
0  7.77e+06 2003.42 |
sla违约率：0.8%, sla失败率：4.5%, 超供均值：1.4, 超供面积比例：20.1%, 每秒提交量方差：119.5, 提交量大于阈值的概率：0.0000
0  7.77e+06 2003.42 | 2003.42    0.0   2887     0 |    0.69   0.33   0.16  -1.15
0  7.78e+06 2003.42 | 2002.78    0.0   2887     0 |    0.69   0.31   0.10  -1.15
0  7.82e+06 2003.42 | 2001.91    0.0   2887     0 |    0.69   0.33   0.04  -1.15
0  7.86e+06 2003.42 | 2001.63    0.0   2887     0 |    0.69   0.28   0.06  -1.15
0  7.90e+06 2003.53 |
sla违约率：0.8%, sla失败率：4.5%, 超供均值：1.4, 超供面积比例：19.9%, 每秒提交量方差：120.9, 提交量大于阈值的概率：0.0000
0  7.90e+06 2003.53 | 2003.53    0.0   2887     0 |    0.69   0.31   0.18  -1.16
0  7.92e+06 2004.35 |
sla违约率：0.9%, sla失败率：4.5%, 超供均值：1.4, 超供面积比例：19.6%, 每秒提交量方差：120.7, 提交量大于阈值的概率：0.0000
0  7.92e+06 2004.35 | 2004.35    0.0   2887     0 |    0.69   0.30   0.07  -1.15
0  7.93e+06 2004.35 | 2004.14    0.0   2887     0 |    0.69   0.25   0.08  -1.15
0  7.97e+06 2004.81 |
sla违约率：0.9%, sla失败率：4.5%, 超供均值：1.3, 超供面积比例：19.2%, 每秒提交量方差：120.1, 提交量大于阈值的概率：0.0000
0  7.97e+06 2004.81 | 2004.81    0.0   2887     0 |    0.69   0.27   0.13  -1.15
0  7.99e+06 2004.81 | 2004.33    0.0   2887     0 |    0.69   0.24   0.05  -1.15
0  8.03e+06 2004.91 |
sla违约率：0.9%, sla失败率：4.5%, 超供均值：1.3, 超供面积比例：19.0%, 每秒提交量方差：119.5, 提交量大于阈值的概率：0.0000
0  8.03e+06 2004.91 | 2004.91    0.0   2887     0 |    0.69   0.31   0.08  -1.15
0  8.04e+06 2005.40 |
sla违约率：0.9%, sla失败率：4.5%, 超供均值：1.3, 超供面积比例：18.8%, 每秒提交量方差：119.3, 提交量大于阈值的概率：0.0000
0  8.04e+06 2005.40 | 2005.40    0.0   2887     0 |    0.69   0.21   0.17  -1.14
0  8.05e+06 2005.40 | 2005.18    0.0   2887     0 |    0.69   0.25   0.06  -1.14
0  8.09e+06 2006.66 |
sla违约率：0.9%, sla失败率：4.5%, 超供均值：1.3, 超供面积比例：19.1%, 每秒提交量方差：119.6, 提交量大于阈值的概率：0.0000
0  8.09e+06 2006.66 | 2006.66    0.0   2887     0 |    0.69   0.29   0.09  -1.15
0  8.11e+06 2006.83 |
sla违约率：0.9%, sla失败率：4.5%, 超供均值：1.3, 超供面积比例：19.0%, 每秒提交量方差：119.4, 提交量大于阈值的概率：0.0000
0  8.11e+06 2006.83 | 2006.83    0.0   2887     0 |    0.69   0.31   0.11  -1.14
0  8.13e+06 2006.83 | 2005.90    0.0   2887     0 |    0.69   0.28   0.10  -1.15
0  8.17e+06 2006.83 | 2006.48    0.0   2887     0 |    0.69   0.25  -0.03  -1.15
0  8.21e+06 2007.73 |
sla违约率：0.9%, sla失败率：4.5%, 超供均值：1.3, 超供面积比例：18.7%, 每秒提交量方差：118.8, 提交量大于阈值的概率：0.0000
0  8.21e+06 2007.73 | 2007.73    0.0   2887     0 |    0.69   0.28  -0.05  -1.14
0  8.22e+06 2007.73 | 2007.70    0.0   2887     0 |    0.69   0.30   0.06  -1.14
0  8.26e+06 2007.73 | 2006.44    0.0   2887     0 |    0.69   0.30   0.08  -1.14
0  8.30e+06 2007.95 |
sla违约率：0.9%, sla失败率：4.6%, 超供均值：1.3, 超供面积比例：18.6%, 每秒提交量方差：118.5, 提交量大于阈值的概率：0.0000
0  8.30e+06 2007.95 | 2007.95    0.0   2887     0 |    0.69   0.27   0.02  -1.14
0  8.32e+06 2009.23 |
sla违约率：0.9%, sla失败率：4.6%, 超供均值：1.3, 超供面积比例：18.4%, 每秒提交量方差：118.4, 提交量大于阈值的概率：0.0000
0  8.32e+06 2009.23 | 2009.23    0.0   2887     0 |    0.70   0.24   0.07  -1.14
0  8.34e+06 2009.51 |
sla违约率：0.9%, sla失败率：4.6%, 超供均值：1.3, 超供面积比例：18.3%, 每秒提交量方差：118.5, 提交量大于阈值的概率：0.0000
0  8.34e+06 2009.51 | 2009.51    0.0   2887     0 |    0.69   0.28   0.06  -1.14
0  8.35e+06 2009.57 |
sla违约率：0.9%, sla失败率：4.6%, 超供均值：1.3, 超供面积比例：18.3%, 每秒提交量方差：118.7, 提交量大于阈值的概率：0.0000
0  8.35e+06 2009.57 | 2009.57    0.0   2887     0 |    0.69   0.20   0.11  -1.14
0  8.37e+06 2009.73 |
sla违约率：0.9%, sla失败率：4.6%, 超供均值：1.3, 超供面积比例：18.3%, 每秒提交量方差：118.7, 提交量大于阈值的概率：0.0000
0  8.37e+06 2009.73 | 2009.73    0.0   2887     0 |    0.69   0.21   0.06  -1.14
0  8.39e+06 2010.57 |
sla违约率：0.9%, sla失败率：4.6%, 超供均值：1.3, 超供面积比例：18.4%, 每秒提交量方差：119.2, 提交量大于阈值的概率：0.0000
0  8.39e+06 2010.57 | 2010.57    0.0   2887     0 |    0.69   0.23   0.03  -1.15
0  8.41e+06 2010.57 | 2009.49    0.0   2887     0 |    0.69   0.30  -0.03  -1.15
0  8.45e+06 2011.79 |
sla违约率：0.9%, sla失败率：4.6%, 超供均值：1.2, 超供面积比例：17.9%, 每秒提交量方差：117.7, 提交量大于阈值的概率：0.0000
0  8.45e+06 2011.79 | 2011.79    0.0   2887     0 |    0.69   0.32   0.01  -1.13
0  8.47e+06 2011.79 | 2010.78    0.0   2887     0 |    0.70   0.29  -0.13  -1.14
0  8.52e+06 2011.79 | 2011.51    0.0   2887     0 |    0.69   0.27   0.12  -1.14
0  8.56e+06 2011.79 | 2010.39    0.0   2887     0 |    0.69   0.25   0.14  -1.16
0  8.60e+06 2011.79 | 2009.52    0.0   2887     0 |    0.69   0.32   0.14  -1.15
0  8.64e+06 2011.79 | 2009.59    0.0   2887     0 |    0.70   0.23   0.00  -1.15
0  8.69e+06 2011.79 | 2009.31    0.0   2887     0 |    0.69   0.27   0.17  -1.14
0  8.73e+06 2011.79 | 2009.17    0.0   2887     0 |    0.69   0.25   0.11  -1.14
0  8.77e+06 2011.79 | 2010.58    0.0   2887     0 |    0.69   0.24   0.06  -1.13
0  8.82e+06 2011.79 | 2010.66    0.0   2887     0 |    0.69   0.24   0.08  -1.13
0  8.86e+06 2011.82 |
sla违约率：0.9%, sla失败率：4.5%, 超供均值：1.3, 超供面积比例：18.5%, 每秒提交量方差：118.8, 提交量大于阈值的概率：0.0000
0  8.86e+06 2011.82 | 2011.82    0.0   2887     0 |    0.69   0.34   0.01  -1.13
0  8.87e+06 2011.82 | 2011.29    0.0   2887     0 |    0.69   0.26   0.12  -1.13
0  8.91e+06 2011.82 | 2011.15    0.0   2887     0 |    0.69   0.25   0.09  -1.13
0  8.96e+06 2011.82 | 2010.77    0.0   2887     0 |    0.69   0.30   0.21  -1.13
0  9.00e+06 2011.82 | 2010.19    0.0   2887     0 |    0.69   0.32  -0.01  -1.13
0  9.04e+06 2011.82 | 2011.10    0.0   2887     0 |    0.69   0.24   0.10  -1.14
0  9.08e+06 2011.82 | 2011.01    0.0   2887     0 |    0.69   0.28   0.04  -1.15
0  9.12e+06 2011.82 | 2011.68    0.0   2887     0 |    0.69   0.26   0.14  -1.14
0  9.16e+06 2011.82 | 2011.34    0.0   2887     0 |    0.69   0.28   0.14  -1.15
0  9.20e+06 2012.10 |
sla违约率：0.8%, sla失败率：4.5%, 超供均值：1.3, 超供面积比例：18.8%, 每秒提交量方差：119.5, 提交量大于阈值的概率：0.0000
0  9.20e+06 2012.10 | 2012.10    0.0   2887     0 |    0.69   0.24   0.08  -1.14
0  9.21e+06 2013.13 |
sla违约率：0.8%, sla失败率：4.5%, 超供均值：1.3, 超供面积比例：18.7%, 每秒提交量方差：119.4, 提交量大于阈值的概率：0.0000
0  9.21e+06 2013.13 | 2013.13    0.0   2887     0 |    0.69   0.37   0.06  -1.15
0  9.23e+06 2013.13 | 2012.40    0.0   2887     0 |    0.69   0.26   0.05  -1.15
0  9.27e+06 2013.13 | 2011.83    0.0   2887     0 |    0.69   0.31   0.05  -1.15
0  9.31e+06 2013.13 | 2011.83    0.0   2887     0 |    0.69   0.24   0.12  -1.15
0  9.35e+06 2013.13 | 2009.83    0.0   2887     0 |    0.69   0.24   0.02  -1.15
0  9.39e+06 2013.13 | 2010.14    0.0   2887     0 |    0.69   0.33   0.19  -1.15
0  9.43e+06 2013.13 | 2009.57    0.0   2887     0 |    0.69   0.25   0.18  -1.16
0  9.48e+06 2013.13 | 2009.99    0.0   2887     0 |    0.69   0.22   0.06  -1.16
0  9.52e+06 2013.13 | 2011.86    0.0   2887     0 |    0.70   0.22   0.05  -1.15
0  9.56e+06 2013.13 | 2011.83    0.0   2887     0 |    0.69   0.21   0.04  -1.14
0  9.60e+06 2013.13 | 2012.39    0.0   2887     0 |    0.69   0.24   0.09  -1.14
0  9.64e+06 2013.13 | 2012.41    0.0   2887     0 |    0.69   0.25   0.12  -1.13
0  9.68e+06 2013.30 |
sla违约率：0.8%, sla失败率：4.5%, 超供均值：1.3, 超供面积比例：18.6%, 每秒提交量方差：119.2, 提交量大于阈值的概率：0.0000
0  9.68e+06 2013.30 | 2013.30    0.0   2887     0 |    0.69   0.23   0.09  -1.14
0  9.70e+06 2013.30 | 2012.80    0.0   2887     0 |    0.69   0.24   0.03  -1.14
0  9.74e+06 2013.30 | 2012.31    0.0   2887     0 |    0.70   0.23   0.07  -1.15
0  9.78e+06 2013.30 | 2012.58    0.0   2887     0 |    0.69   0.37   0.18  -1.15
0  9.82e+06 2013.30 | 2011.94    0.0   2887     0 |    0.70   0.22   0.04  -1.15
0  9.86e+06 2013.30 | 2012.35    0.0   2887     0 |    0.70   0.24   0.09  -1.14
0  9.90e+06 2013.30 | 2013.03    0.0   2887     0 |    0.69   0.33   0.25  -1.14
0  9.94e+06 2013.84 |
sla违约率：0.8%, sla失败率：4.5%, 超供均值：1.3, 超供面积比例：18.5%, 每秒提交量方差：119.3, 提交量大于阈值的概率：0.0000
0  9.94e+06 2013.84 | 2013.84    0.0   2887     0 |    0.70   0.21   0.07  -1.14
0  9.95e+06 2013.84 | 2013.33    0.0   2887     0 |    0.70   0.26   0.08  -1.14
0  9.99e+06 2013.84 | 2013.83    0.0   2887     0 |    0.70   0.21   0.08  -1.14
0  1.00e+07 2013.84 | 2013.53    0.0   2887     0 |    0.70   0.21   0.06  -1.15
0  1.01e+07 2013.84 | 2013.28    0.0   2887     0 |    0.70   0.29   0.09  -1.13
0  1.01e+07 2013.84 | 2013.78    0.0   2887     0 |    0.69   0.23   0.22  -1.14
0  1.02e+07 2013.84 | 2012.99    0.0   2887     0 |    0.69   0.33   0.06  -1.13
0  1.02e+07 2013.84 | 2013.20    0.0   2887     0 |    0.69   0.30   0.10  -1.13
0  1.02e+07 2013.84 | 2013.71    0.0   2887     0 |    0.69   0.28  -0.06  -1.13
0  1.03e+07 2013.85 |
sla违约率：0.8%, sla失败率：4.5%, 超供均值：1.3, 超供面积比例：19.0%, 每秒提交量方差：119.8, 提交量大于阈值的概率：0.0000
0  1.03e+07 2013.85 | 2013.85    0.0   2887     0 |    0.69   0.25   0.08  -1.14
0  1.03e+07 2014.43 |
sla违约率：0.8%, sla失败率：4.5%, 超供均值：1.3, 超供面积比例：19.0%, 每秒提交量方差：120.3, 提交量大于阈值的概率：0.0000
0  1.03e+07 2014.43 | 2014.43    0.0   2887     0 |    0.70   0.21   0.07  -1.13
0  1.03e+07 2014.85 |
sla违约率：0.8%, sla失败率：4.5%, 超供均值：1.3, 超供面积比例：18.9%, 每秒提交量方差：120.7, 提交量大于阈值的概率：0.0000
0  1.03e+07 2014.85 | 2014.85    0.0   2887     0 |    0.70   0.27   0.09  -1.14
0  1.03e+07 2015.49 |
sla违约率：0.8%, sla失败率：4.5%, 超供均值：1.3, 超供面积比例：18.8%, 每秒提交量方差：120.6, 提交量大于阈值的概率：0.0000
0  1.03e+07 2015.49 | 2015.49    0.0   2887     0 |    0.69   0.31   0.05  -1.14
0  1.03e+07 2015.49 | 2015.21    0.0   2887     0 |    0.70   0.21   0.05  -1.14
0  1.04e+07 2015.74 |
sla违约率：0.8%, sla失败率：4.5%, 超供均值：1.3, 超供面积比例：18.4%, 每秒提交量方差：120.1, 提交量大于阈值的概率：0.0000
0  1.04e+07 2015.74 | 2015.74    0.0   2887     0 |    0.70   0.24   0.05  -1.15
0  1.04e+07 2015.74 | 2015.08    0.0   2887     0 |    0.70   0.31   0.00  -1.14
0  1.04e+07 2015.74 | 2015.16    0.0   2887     0 |    0.70   0.24  -0.00  -1.15
0  1.05e+07 2015.74 | 2015.67    0.0   2887     0 |    0.70   0.23   0.06  -1.15
0  1.05e+07 2015.88 |
sla违约率：0.8%, sla失败率：4.5%, 超供均值：1.3, 超供面积比例：18.6%, 每秒提交量方差：121.0, 提交量大于阈值的概率：0.0000
0  1.05e+07 2015.88 | 2015.88    0.0   2887     0 |    0.70   0.24   0.17  -1.14
0  1.05e+07 2016.14 |
sla违约率：0.8%, sla失败率：4.5%, 超供均值：1.3, 超供面积比例：18.5%, 每秒提交量方差：120.9, 提交量大于阈值的概率：0.0000
0  1.05e+07 2016.14 | 2016.14    0.0   2887     0 |    0.69   0.31  -0.04  -1.14
0  1.05e+07 2016.14 | 2015.67    0.0   2887     0 |    0.70   0.27   0.18  -1.14
0  1.06e+07 2017.26 |
sla违约率：0.9%, sla失败率：4.5%, 超供均值：1.3, 超供面积比例：18.2%, 每秒提交量方差：120.8, 提交量大于阈值的概率：0.0000
0  1.06e+07 2017.26 | 2017.26    0.0   2887     0 |    0.70   0.27   0.03  -1.15
0  1.06e+07 2017.49 |
sla违约率：0.8%, sla失败率：4.5%, 超供均值：1.3, 超供面积比例：18.4%, 每秒提交量方差：120.7, 提交量大于阈值的概率：0.0000
0  1.06e+07 2017.49 | 2017.49    0.0   2887     0 |    0.70   0.26   0.04  -1.15
0  1.06e+07 2017.49 | 2017.32    0.0   2887     0 |    0.70   0.26  -0.04  -1.14
0  1.07e+07 2017.49 | 2016.62    0.0   2887     0 |    0.70   0.29   0.04  -1.14
0  1.07e+07 2017.63 |
sla违约率：0.8%, sla失败率：4.5%, 超供均值：1.3, 超供面积比例：18.4%, 每秒提交量方差：120.2, 提交量大于阈值的概率：0.0000
0  1.07e+07 2017.63 | 2017.63    0.0   2887     0 |    0.70   0.30   0.02  -1.13
0  1.07e+07 2018.45 |
sla违约率：0.8%, sla失败率：4.5%, 超供均值：1.3, 超供面积比例：18.3%, 每秒提交量方差：120.1, 提交量大于阈值的概率：0.0000
0  1.07e+07 2018.45 | 2018.45    0.0   2887     0 |    0.70   0.22   0.07  -1.14
0  1.07e+07 2018.59 |
sla违约率：0.9%, sla失败率：4.5%, 超供均值：1.3, 超供面积比例：18.2%, 每秒提交量方差：120.4, 提交量大于阈值的概率：0.0000
0  1.07e+07 2018.59 | 2018.59    0.0   2887     0 |    0.70   0.24   0.05  -1.14
0  1.08e+07 2019.25 |
sla违约率：0.8%, sla失败率：4.5%, 超供均值：1.3, 超供面积比例：18.2%, 每秒提交量方差：120.1, 提交量大于阈值的概率：0.0000
0  1.08e+07 2019.25 | 2019.25    0.0   2887     0 |    0.70   0.32   0.20  -1.14
0  1.08e+07 2019.51 |
sla违约率：0.8%, sla失败率：4.5%, 超供均值：1.3, 超供面积比例：18.2%, 每秒提交量方差：120.2, 提交量大于阈值的概率：0.0000
0  1.08e+07 2019.51 | 2019.51    0.0   2887     0 |    0.70   0.28   0.07  -1.14
0  1.08e+07 2019.61 |
sla违约率：0.8%, sla失败率：4.5%, 超供均值：1.3, 超供面积比例：18.2%, 每秒提交量方差：120.7, 提交量大于阈值的概率：0.0000
0  1.08e+07 2019.61 | 2019.61    0.0   2887     0 |    0.70   0.25   0.06  -1.14
0  1.08e+07 2019.61 | 2019.31    0.0   2887     0 |    0.70   0.29   0.15  -1.14
0  1.08e+07 2019.81 |
sla违约率：0.8%, sla失败率：4.5%, 超供均值：1.3, 超供面积比例：18.2%, 每秒提交量方差：121.0, 提交量大于阈值的概率：0.0000
0  1.08e+07 2019.81 | 2019.81    0.0   2887     0 |    0.70   0.25   0.10  -1.14
0  1.09e+07 2019.86 |
sla违约率：0.8%, sla失败率：4.5%, 超供均值：1.3, 超供面积比例：18.3%, 每秒提交量方差：121.1, 提交量大于阈值的概率：0.0000
0  1.09e+07 2019.86 | 2019.86    0.0   2887     0 |    0.70   0.26   0.15  -1.14
0  1.09e+07 2020.82 |
sla违约率：0.8%, sla失败率：4.5%, 超供均值：1.3, 超供面积比例：18.3%, 每秒提交量方差：121.0, 提交量大于阈值的概率：0.0000
0  1.09e+07 2020.82 | 2020.82    0.0   2887     0 |    0.70   0.30   0.01  -1.13
0  1.09e+07 2020.82 | 2020.46    0.0   2887     0 |    0.70   0.22   0.05  -1.14
0  1.09e+07 2020.82 | 2020.54    0.0   2887     0 |    0.70   0.22   0.06  -1.14
0  1.10e+07 2021.64 |
sla违约率：0.8%, sla失败率：4.5%, 超供均值：1.3, 超供面积比例：18.2%, 每秒提交量方差：120.7, 提交量大于阈值的概率：0.0000
0  1.10e+07 2021.64 | 2021.64    0.0   2887     0 |    0.70   0.22   0.14  -1.15
0  1.10e+07 2021.65 |
sla违约率：0.8%, sla失败率：4.5%, 超供均值：1.3, 超供面积比例：18.1%, 每秒提交量方差：120.3, 提交量大于阈值的概率：0.0000
0  1.10e+07 2021.65 | 2021.65    0.0   2887     0 |    0.70   0.25   0.03  -1.14
0  1.10e+07 2021.65 | 2020.55    0.0   2887     0 |    0.70   0.17   0.08  -1.14
0  1.10e+07 2021.67 |
sla违约率：0.8%, sla失败率：4.5%, 超供均值：1.3, 超供面积比例：18.2%, 每秒提交量方差：120.6, 提交量大于阈值的概率：0.0000
0  1.10e+07 2021.67 | 2021.67    0.0   2887     0 |    0.70   0.20   0.21  -1.14
0  1.11e+07 2021.83 |
sla违约率：0.8%, sla失败率：4.5%, 超供均值：1.3, 超供面积比例：18.2%, 每秒提交量方差：120.7, 提交量大于阈值的概率：0.0000
0  1.11e+07 2021.83 | 2021.83    0.0   2887     0 |    0.70   0.30   0.11  -1.14
0  1.11e+07 2021.83 | 2021.57    0.0   2887     0 |    0.70   0.23   0.17  -1.14
0  1.11e+07 2021.83 | 2020.09    0.0   2887     0 |    0.70   0.22   0.13  -1.14
0  1.11e+07 2021.83 | 2019.38    0.0   2887     0 |    0.70   0.28   0.10  -1.15
0  1.12e+07 2021.83 | 2019.41    0.0   2887     0 |    0.70   0.23   0.07  -1.15
0  1.12e+07 2021.83 | 2020.21    0.0   2887     0 |    0.70   0.17   0.04  -1.14
0  1.13e+07 2021.83 | 2020.30    0.0   2887     0 |    0.70   0.26  -0.02  -1.14
0  1.13e+07 2021.83 | 2021.65    0.0   2887     0 |    0.70   0.23   0.11  -1.15
0  1.14e+07 2021.83 | 2021.13    0.0   2887     0 |    0.70   0.29   0.19  -1.14
0  1.14e+07 2021.83 | 2020.48    0.0   2887     0 |    0.70   0.30   0.05  -1.15
0  1.14e+07 2022.36 |
sla违约率：0.9%, sla失败率：4.5%, 超供均值：1.2, 超供面积比例：17.7%, 每秒提交量方差：120.2, 提交量大于阈值的概率：0.0000
0  1.14e+07 2022.36 | 2022.36    0.0   2887     0 |    0.70   0.21   0.01  -1.15
0  1.14e+07 2022.50 |
sla违约率：0.9%, sla失败率：4.5%, 超供均值：1.2, 超供面积比例：17.7%, 每秒提交量方差：120.0, 提交量大于阈值的概率：0.0000
0  1.14e+07 2022.50 | 2022.50    0.0   2887     0 |    0.70   0.18   0.09  -1.15
0  1.15e+07 2023.10 |
sla违约率：0.9%, sla失败率：4.5%, 超供均值：1.2, 超供面积比例：17.6%, 每秒提交量方差：119.4, 提交量大于阈值的概率：0.0000
0  1.15e+07 2023.10 | 2023.10    0.0   2887     0 |    0.70   0.26   0.01  -1.14
0  1.15e+07 2023.42 |
sla违约率：0.9%, sla失败率：4.5%, 超供均值：1.2, 超供面积比例：17.5%, 每秒提交量方差：119.5, 提交量大于阈值的概率：0.0000
0  1.15e+07 2023.42 | 2023.42    0.0   2887     0 |    0.70   0.23   0.01  -1.13
0  1.15e+07 2023.61 |
sla违约率：0.8%, sla失败率：4.5%, 超供均值：1.2, 超供面积比例：17.8%, 每秒提交量方差：119.8, 提交量大于阈值的概率：0.0000
0  1.15e+07 2023.61 | 2023.61    0.0   2887     0 |    0.70   0.23   0.07  -1.13
0  1.15e+07 2024.21 |
sla违约率：0.8%, sla失败率：4.5%, 超供均值：1.2, 超供面积比例：17.9%, 每秒提交量方差：120.0, 提交量大于阈值的概率：0.0000
0  1.15e+07 2024.21 | 2024.21    0.0   2887     0 |    0.70   0.23   0.04  -1.14
0  1.15e+07 2024.72 |
sla违约率：0.8%, sla失败率：4.5%, 超供均值：1.2, 超供面积比例：18.0%, 每秒提交量方差：119.9, 提交量大于阈值的概率：0.0000
0  1.15e+07 2024.72 | 2024.72    0.0   2887     0 |    0.70   0.24   0.10  -1.13
0  1.15e+07 2024.72 | 2023.94    0.0   2887     0 |    0.70   0.23   0.07  -1.14
0  1.16e+07 2025.31 |
sla违约率：0.8%, sla失败率：4.5%, 超供均值：1.2, 超供面积比例：17.6%, 每秒提交量方差：119.8, 提交量大于阈值的概率：0.0000
0  1.16e+07 2025.31 | 2025.31    0.0   2887     0 |    0.70   0.23   0.21  -1.13
0  1.16e+07 2025.31 | 2024.74    0.0   2887     0 |    0.70   0.23   0.06  -1.13
0  1.16e+07 2025.31 | 2023.25    0.0   2887     0 |    0.70   0.23   0.22  -1.14
0  1.16e+07 2025.31 | 2025.09    0.0   2887     0 |    0.70   0.29   0.13  -1.14
0  1.17e+07 2026.28 |
sla违约率：0.9%, sla失败率：4.5%, 超供均值：1.2, 超供面积比例：17.2%, 每秒提交量方差：119.3, 提交量大于阈值的概率：0.0000
0  1.17e+07 2026.28 | 2026.28    0.0   2887     0 |    0.70   0.16   0.14  -1.14
0  1.17e+07 2026.54 |
sla违约率：0.9%, sla失败率：4.5%, 超供均值：1.2, 超供面积比例：17.4%, 每秒提交量方差：119.4, 提交量大于阈值的概率：0.0000
0  1.17e+07 2026.54 | 2026.54    0.0   2887     0 |    0.70   0.19   0.08  -1.13
0  1.17e+07 2026.54 | 2026.22    0.0   2887     0 |    0.70   0.24   0.08  -1.14
0  1.17e+07 2026.54 | 2026.23    0.0   2887     0 |    0.70   0.18   0.01  -1.13
0  1.18e+07 2026.54 | 2025.76    0.0   2887     0 |    0.70   0.24   0.12  -1.14
0  1.18e+07 2026.54 | 2025.78    0.0   2887     0 |    0.70   0.29   0.04  -1.14
0  1.19e+07 2027.42 |
sla违约率：0.8%, sla失败率：4.5%, 超供均值：1.2, 超供面积比例：17.4%, 每秒提交量方差：120.5, 提交量大于阈值的概率：0.0000
0  1.19e+07 2027.42 | 2027.42    0.0   2887     0 |    0.70   0.20   0.08  -1.14
0  1.19e+07 2027.74 |
sla违约率：0.8%, sla失败率：4.5%, 超供均值：1.2, 超供面积比例：17.4%, 每秒提交量方差：119.9, 提交量大于阈值的概率：0.0000
0  1.19e+07 2027.74 | 2027.74    0.0   2887     0 |    0.70   0.20   0.11  -1.13
0  1.19e+07 2027.74 | 2027.33    0.0   2887     0 |    0.70   0.29   0.07  -1.14
0  1.19e+07 2029.39 |
sla违约率：0.8%, sla失败率：4.5%, 超供均值：1.2, 超供面积比例：17.2%, 每秒提交量方差：120.3, 提交量大于阈值的概率：0.0000
0  1.19e+07 2029.39 | 2029.39    0.0   2887     0 |    0.70   0.26   0.14  -1.13
0  1.20e+07 2029.39 | 2028.64    0.0   2887     0 |    0.70   0.18   0.03  -1.13
0  1.20e+07 2029.39 | 2027.62    0.0   2887     0 |    0.70   0.24   0.09  -1.14
0  1.20e+07 2029.39 | 2027.03    0.0   2887     0 |    0.70   0.24   0.12  -1.14
0  1.21e+07 2029.39 | 2027.75    0.0   2887     0 |    0.70   0.23   0.02  -1.14
0  1.21e+07 2029.39 | 2025.60    0.0   2887     0 |    0.70   0.19   0.07  -1.14
0  1.22e+07 2029.39 | 2024.44    0.0   2887     0 |    0.70   0.24   0.21  -1.13
0  1.22e+07 2029.39 | 2025.27    0.0   2887     0 |    0.70   0.22   0.08  -1.13
0  1.22e+07 2029.39 | 2025.75    0.0   2887     0 |    0.70   0.20  -0.00  -1.13
0  1.23e+07 2029.39 | 2026.74    0.0   2887     0 |    0.70   0.27   0.10  -1.13
0  1.23e+07 2029.39 | 2025.92    0.0   2887     0 |    0.70   0.22   0.08  -1.14
0  1.24e+07 2029.39 | 2027.24    0.0   2887     0 |    0.70   0.20   0.09  -1.14
0  1.24e+07 2029.39 | 2027.14    0.0   2887     0 |    0.70   0.22   0.10  -1.13
0  1.24e+07 2029.39 | 2026.96    0.0   2887     0 |    0.70   0.22   0.22  -1.13
0  1.25e+07 2029.39 | 2027.90    0.0   2887     0 |    0.70   0.17   0.10  -1.13
0  1.25e+07 2029.39 | 2025.23    0.0   2887     0 |    0.70   0.23   0.04  -1.14
0  1.26e+07 2029.39 | 2025.10    0.0   2887     0 |    0.70   0.22   0.01  -1.14
0  1.26e+07 2029.39 | 2026.20    0.0   2887     0 |    0.70   0.20   0.16  -1.14
0  1.26e+07 2029.39 | 2025.05    0.0   2887     0 |    0.70   0.23   0.05  -1.14
0  1.27e+07 2029.39 | 2025.15    0.0   2887     0 |    0.70   0.25   0.15  -1.14
0  1.27e+07 2029.39 | 2026.15    0.0   2887     0 |    0.70   0.22   0.02  -1.14
0  1.28e+07 2029.39 | 2026.94    0.0   2887     0 |    0.70   0.20   0.09  -1.13
0  1.28e+07 2029.39 | 2027.45    0.0   2887     0 |    0.70   0.19   0.14  -1.13
0  1.28e+07 2029.39 | 2027.94    0.0   2887     0 |    0.70   0.20   0.11  -1.13
0  1.29e+07 2029.39 | 2027.52    0.0   2887     0 |    0.70   0.21   0.01  -1.13
0  1.29e+07 2029.39 | 2027.56    0.0   2887     0 |    0.70   0.27   0.08  -1.13
0  1.30e+07 2029.39 | 2026.37    0.0   2887     0 |    0.70   0.31  -0.11  -1.13
0  1.30e+07 2029.39 | 2026.69    0.0   2887     0 |    0.70   0.27   0.04  -1.13
0  1.30e+07 2029.39 | 2024.72    0.0   2887     0 |    0.70   0.18   0.06  -1.14
0  1.31e+07 2029.39 | 2025.66    0.0   2887     0 |    0.70   0.25   0.07  -1.14
0  1.31e+07 2029.39 | 2025.25    0.0   2887     0 |    0.70   0.17   0.08  -1.14
0  1.32e+07 2029.39 | 2027.39    0.0   2887     0 |    0.70   0.17   0.07  -1.13
0  1.32e+07 2029.39 | 2027.82    0.0   2887     0 |    0.70   0.28   0.09  -1.14
0  1.32e+07 2029.39 | 2027.21    0.0   2887     0 |    0.70   0.24   0.08  -1.15
0  1.33e+07 2029.39 | 2028.23    0.0   2887     0 |    0.70   0.20   0.15  -1.14
0  1.33e+07 2029.39 | 2027.55    0.0   2887     0 |    0.70   0.29   0.20  -1.14
0  1.34e+07 2029.39 | 2028.64    0.0   2887     0 |    0.70   0.24   0.09  -1.14
0  1.34e+07 2029.39 | 2027.91    0.0   2887     0 |    0.70   0.22  -0.03  -1.14
0  1.34e+07 2030.06 |
sla违约率：0.7%, sla失败率：4.4%, 超供均值：1.2, 超供面积比例：17.9%, 每秒提交量方差：119.8, 提交量大于阈值的概率：0.0000
0  1.34e+07 2030.06 | 2030.06    0.0   2887     0 |    0.70   0.27   0.07  -1.14
0  1.34e+07 2030.54 |
sla违约率：0.7%, sla失败率：4.4%, 超供均值：1.2, 超供面积比例：17.9%, 每秒提交量方差：119.6, 提交量大于阈值的概率：0.0000
0  1.34e+07 2030.54 | 2030.54    0.0   2887     0 |    0.70   0.27   0.08  -1.14
0  1.35e+07 2031.04 |
sla违约率：0.7%, sla失败率：4.4%, 超供均值：1.2, 超供面积比例：17.9%, 每秒提交量方差：120.0, 提交量大于阈值的概率：0.0000
0  1.35e+07 2031.04 | 2031.04    0.0   2887     0 |    0.70   0.23   0.15  -1.15
0  1.35e+07 2032.17 |
sla违约率：0.7%, sla失败率：4.4%, 超供均值：1.2, 超供面积比例：17.8%, 每秒提交量方差：119.8, 提交量大于阈值的概率：0.0000
0  1.35e+07 2032.17 | 2032.17    0.0   2887     0 |    0.70   0.20   0.14  -1.14
0  1.35e+07 2032.78 |
sla违约率：0.7%, sla失败率：4.4%, 超供均值：1.2, 超供面积比例：17.5%, 每秒提交量方差：119.6, 提交量大于阈值的概率：0.0000
0  1.35e+07 2032.78 | 2032.78    0.0   2887     0 |    0.70   0.25   0.05  -1.13
0  1.35e+07 2032.78 | 2032.64    0.0   2887     0 |    0.70   0.31   0.03  -1.13
0  1.35e+07 2032.78 | 2031.78    0.0   2887     0 |    0.70   0.26  -0.01  -1.14
0  1.36e+07 2032.79 |
sla违约率：0.7%, sla失败率：4.5%, 超供均值：1.2, 超供面积比例：17.6%, 每秒提交量方差：120.5, 提交量大于阈值的概率：0.0000
0  1.36e+07 2032.79 | 2032.79    0.0   2887     0 |    0.70   0.20   0.03  -1.13
0  1.36e+07 2032.79 | 2032.34    0.0   2887     0 |    0.70   0.30   0.08  -1.13
0  1.36e+07 2033.05 |
sla违约率：0.7%, sla失败率：4.4%, 超供均值：1.2, 超供面积比例：17.8%, 每秒提交量方差：120.2, 提交量大于阈值的概率：0.0000
0  1.36e+07 2033.05 | 2033.05    0.0   2887     0 |    0.70   0.22   0.10  -1.13
0  1.36e+07 2033.91 |
sla违约率：0.7%, sla失败率：4.5%, 超供均值：1.2, 超供面积比例：17.6%, 每秒提交量方差：120.2, 提交量大于阈值的概率：0.0000
0  1.36e+07 2033.91 | 2033.91    0.0   2887     0 |    0.70   0.22   0.15  -1.13
0  1.36e+07 2033.91 | 2032.60    0.0   2887     0 |    0.70   0.18   0.08  -1.13
0  1.37e+07 2033.91 | 2032.24    0.0   2887     0 |    0.70   0.24   0.06  -1.12
0  1.37e+07 2033.91 | 2032.27    0.0   2887     0 |    0.70   0.22   0.12  -1.12
0  1.38e+07 2033.91 | 2031.67    0.0   2887     0 |    0.70   0.22   0.08  -1.13
0  1.38e+07 2033.91 | 2031.18    0.0   2887     0 |    0.70   0.23   0.18  -1.13
0  1.39e+07 2033.91 | 2031.05    0.0   2887     0 |    0.70   0.23   0.12  -1.14
0  1.39e+07 2033.91 | 2029.86    0.0   2887     0 |    0.70   0.30   0.18  -1.14
0  1.39e+07 2033.91 | 2030.40    0.0   2887     0 |    0.70   0.28   0.16  -1.14
0  1.40e+07 2033.91 | 2031.28    0.0   2887     0 |    0.70   0.23   0.05  -1.15
0  1.40e+07 2033.91 | 2027.40    0.0   2887     0 |    0.70   0.23   0.21  -1.13
0  1.41e+07 2033.91 | 2029.59    0.0   2887     0 |    0.70   0.22   0.10  -1.14
0  1.41e+07 2033.91 | 2030.01    0.0   2887     0 |    0.70   0.22   0.09  -1.15
0  1.41e+07 2033.91 | 2030.60    0.0   2887     0 |    0.70   0.20   0.14  -1.15
0  1.42e+07 2033.91 | 2028.16    0.0   2887     0 |    0.70   0.23   0.13  -1.14
0  1.42e+07 2033.91 | 2028.67    0.0   2887     0 |    0.70   0.20   0.06  -1.15
0  1.42e+07 2033.91 | 2029.93    0.0   2887     0 |    0.70   0.21   0.08  -1.15
0  1.43e+07 2033.91 | 2030.63    0.0   2887     0 |    0.70   0.27   0.21  -1.15
0  1.43e+07 2033.91 | 2032.38    0.0   2887     0 |    0.70   0.31   0.09  -1.15
0  1.44e+07 2033.91 | 2031.93    0.0   2887     0 |    0.70   0.19   0.07  -1.15
0  1.44e+07 2033.91 | 2030.63    0.0   2887     0 |    0.70   0.21   0.19  -1.15
0  1.45e+07 2033.91 | 2031.08    0.0   2887     0 |    0.70   0.20   0.05  -1.15
0  1.45e+07 2033.91 | 2031.64    0.0   2887     0 |    0.70   0.20   0.19  -1.14
0  1.45e+07 2033.91 | 2031.52    0.0   2887     0 |    0.70   0.25   0.20  -1.14
0  1.46e+07 2033.91 | 2032.21    0.0   2887     0 |    0.70   0.22   0.08  -1.14
0  1.46e+07 2033.91 | 2030.75    0.0   2887     0 |    0.70   0.27   0.20  -1.14
0  1.46e+07 2033.91 | 2029.67    0.0   2887     0 |    0.70   0.21   0.02  -1.15
0  1.47e+07 2033.91 | 2032.90    0.0   2887     0 |    0.70   0.26   0.04  -1.14
0  1.47e+07 2033.91 | 2030.82    0.0   2887     0 |    0.70   0.24   0.11  -1.14
0  1.48e+07 2033.91 | 2031.85    0.0   2887     0 |    0.70   0.23   0.06  -1.15
0  1.48e+07 2033.91 | 2031.88    0.0   2887     0 |    0.70   0.21   0.13  -1.15
0  1.48e+07 2033.91 | 2031.82    0.0   2887     0 |    0.70   0.25   0.04  -1.15
0  1.49e+07 2033.91 | 2032.82    0.0   2887     0 |    0.70   0.29   0.14  -1.14
0  1.49e+07 2033.91 | 2033.30    0.0   2887     0 |    0.70   0.22   0.07  -1.14
0  1.49e+07 2035.12 |
sla违约率：0.7%, sla失败率：4.4%, 超供均值：1.2, 超供面积比例：17.7%, 每秒提交量方差：120.4, 提交量大于阈值的概率：0.0000
0  1.49e+07 2035.12 | 2035.12    0.0   2887     0 |    0.70   0.24   0.01  -1.14
0  1.50e+07 2035.34 |
sla违约率：0.7%, sla失败率：4.4%, 超供均值：1.2, 超供面积比例：17.6%, 每秒提交量方差：120.3, 提交量大于阈值的概率：0.0000
0  1.50e+07 2035.34 | 2035.34    0.0   2887     0 |    0.70   0.22   0.10  -1.14
0  1.50e+07 2036.18 |
sla违约率：0.7%, sla失败率：4.4%, 超供均值：1.2, 超供面积比例：17.6%, 每秒提交量方差：120.1, 提交量大于阈值的概率：0.0000
0  1.50e+07 2036.18 | 2036.18    0.0   2887     0 |    0.70   0.21  -0.02  -1.14
0  1.50e+07 2036.63 |
sla违约率：0.7%, sla失败率：4.4%, 超供均值：1.2, 超供面积比例：17.6%, 每秒提交量方差：120.6, 提交量大于阈值的概率：0.0000
0  1.50e+07 2036.63 | 2036.63    0.0   2887     0 |    0.70   0.21   0.03  -1.14
0  1.50e+07 2036.63 | 2035.36    0.0   2887     0 |    0.70   0.18   0.08  -1.14
0  1.50e+07 2036.63 | 2036.05    0.0   2887     0 |    0.70   0.18   0.08  -1.14
0  1.51e+07 2036.63 | 2035.92    0.0   2887     0 |    0.70   0.19   0.05  -1.13
0  1.51e+07 2036.95 |
sla违约率：0.7%, sla失败率：4.4%, 超供均值：1.2, 超供面积比例：17.4%, 每秒提交量方差：120.4, 提交量大于阈值的概率：0.0000
0  1.51e+07 2036.95 | 2036.95    0.0   2887     0 |    0.70   0.27   0.11  -1.13
0  1.51e+07 2037.54 |
sla违约率：0.7%, sla失败率：4.5%, 超供均值：1.2, 超供面积比例：17.3%, 每秒提交量方差：120.7, 提交量大于阈值的概率：0.0000
0  1.51e+07 2037.54 | 2037.54    0.0   2887     0 |    0.70   0.19  -0.03  -1.13
0  1.51e+07 2037.58 |
sla违约率：0.7%, sla失败率：4.5%, 超供均值：1.2, 超供面积比例：17.3%, 每秒提交量方差：120.5, 提交量大于阈值的概率：0.0000
0  1.51e+07 2037.58 | 2037.58    0.0   2887     0 |    0.70   0.22   0.16  -1.13
0  1.52e+07 2037.79 |
sla违约率：0.7%, sla失败率：4.5%, 超供均值：1.2, 超供面积比例：17.1%, 每秒提交量方差：119.9, 提交量大于阈值的概率：0.0000
0  1.52e+07 2037.79 | 2037.79    0.0   2887     0 |    0.70   0.21   0.10  -1.12
0  1.52e+07 2037.79 | 2036.50    0.0   2887     0 |    0.70   0.18   0.14  -1.13
0  1.52e+07 2037.79 | 2035.03    0.0   2887     0 |    0.70   0.27  -0.06  -1.13
0  1.52e+07 2037.79 | 2036.10    0.0   2887     0 |    0.70   0.18   0.12  -1.12
0  1.53e+07 2037.79 | 2035.32    0.0   2887     0 |    0.70   0.19   0.11  -1.13
0  1.53e+07 2037.79 | 2034.31    0.0   2887     0 |    0.70   0.24   0.07  -1.12
0  1.54e+07 2037.79 | 2033.33    0.0   2887     0 |    0.70   0.29   0.26  -1.14
0  1.54e+07 2037.79 | 2034.49    0.0   2887     0 |    0.70   0.15   0.20  -1.14
0  1.54e+07 2037.79 | 2034.65    0.0   2887     0 |    0.70   0.22   0.21  -1.14
0  1.55e+07 2037.79 | 2036.69    0.0   2887     0 |    0.70   0.24   0.14  -1.14
0  1.55e+07 2037.79 | 2037.56    0.0   2887     0 |    0.70   0.22   0.06  -1.14
0  1.55e+07 2038.26 |
sla违约率：0.8%, sla失败率：4.5%, 超供均值：1.2, 超供面积比例：16.7%, 每秒提交量方差：119.8, 提交量大于阈值的概率：0.0000
0  1.55e+07 2038.26 | 2038.26    0.0   2887     0 |    0.70   0.27  -0.03  -1.14
0  1.55e+07 2038.26 | 2038.10    0.0   2887     0 |    0.70   0.22   0.12  -1.14
0  1.56e+07 2038.26 | 2038.02    0.0   2887     0 |    0.70   0.23   0.14  -1.14
0  1.56e+07 2038.26 | 2036.71    0.0   2887     0 |    0.70   0.21   0.09  -1.14
0  1.57e+07 2038.26 | 2037.32    0.0   2887     0 |    0.70   0.17   0.17  -1.14
0  1.57e+07 2038.26 | 2037.56    0.0   2887     0 |    0.70   0.28  -0.07  -1.13
0  1.57e+07 2038.26 | 2036.81    0.0   2887     0 |    0.70   0.21   0.12  -1.13
0  1.58e+07 2038.26 | 2036.69    0.0   2887     0 |    0.70   0.16   0.10  -1.13
0  1.58e+07 2038.26 | 2035.11    0.0   2887     0 |    0.70   0.24   0.20  -1.13
0  1.58e+07 2038.26 | 2035.27    0.0   2887     0 |    0.70   0.24   0.17  -1.14
0  1.59e+07 2038.26 | 2035.36    0.0   2887     0 |    0.70   0.18   0.08  -1.14
0  1.59e+07 2038.26 | 2036.34    0.0   2887     0 |    0.70   0.18   0.12  -1.13
0  1.59e+07 2038.26 | 2035.91    0.0   2887     0 |    0.70   0.22   0.13  -1.14
0  1.60e+07 2038.26 | 2036.17    0.0   2887     0 |    0.70   0.22   0.04  -1.14
0  1.60e+07 2038.26 | 2034.62    0.0   2887     0 |    0.70   0.22  -0.02  -1.13
0  1.60e+07 2038.26 | 2034.44    0.0   2887     0 |    0.70   0.20   0.05  -1.13
0  1.61e+07 2038.26 | 2033.92    0.0   2887     0 |    0.70   0.23   0.19  -1.14
0  1.61e+07 2038.26 | 2033.81    0.0   2887     0 |    0.70   0.25   0.04  -1.14
0  1.62e+07 2038.26 | 2032.70    0.0   2887     0 |    0.70   0.31   0.01  -1.14
0  1.62e+07 2038.26 | 2034.80    0.0   2887     0 |    0.70   0.23   0.12  -1.13
0  1.62e+07 2038.26 | 2034.54    0.0   2887     0 |    0.70   0.21   0.08  -1.13
0  1.63e+07 2038.26 | 2034.45    0.0   2887     0 |    0.70   0.18   0.09  -1.14
0  1.63e+07 2038.26 | 2037.11    0.0   2887     0 |    0.70   0.23  -0.00  -1.14
0  1.64e+07 2038.26 | 2035.93    0.0   2887     0 |    0.70   0.21   0.06  -1.14
0  1.64e+07 2038.26 | 2034.96    0.0   2887     0 |    0.70   0.22   0.25  -1.14
0  1.64e+07 2038.26 | 2034.37    0.0   2887     0 |    0.70   0.21   0.07  -1.14
0  1.65e+07 2038.26 | 2035.09    0.0   2887     0 |    0.70   0.31   0.18  -1.13
0  1.65e+07 2038.26 | 2036.24    0.0   2887     0 |    0.70   0.30   0.02  -1.13
0  1.66e+07 2038.26 | 2038.14    0.0   2887     0 |    0.70   0.23   0.04  -1.13
