################################################################################
ID     Step    maxR |    avgR   stdR   avgS  stdS |    expR   objC   etc.
0  5.77e+03  664.00 |
成功率：98.6%, 提交量大于阈值的概率：1.19622%, 超供率：96.4%, 超供程度：83.9%, 超供平均值：5.7, 方差：395.3
0  5.77e+03  664.00 |  664.00    0.0   2887     0 |    0.08  15.69  -0.03  -0.50
0  2.31e+04  676.36 |
成功率：98.6%, 提交量大于阈值的概率：1.19578%, 超供率：96.3%, 超供程度：83.5%, 超供平均值：5.6, 方差：392.9
0  2.31e+04  676.36 |  676.36    0.0   2886     0 |    0.11  11.78   0.01  -0.50
0  4.04e+04  737.31 |
成功率：98.8%, 提交量大于阈值的概率：1.20848%, 超供率：96.5%, 超供程度：83.1%, 超供平均值：5.6, 方差：385.0
0  4.04e+04  737.31 |  737.31    0.0   2886     0 |    0.11  11.06   0.07  -0.51
0  6.35e+04  764.82 |
成功率：98.7%, 提交量大于阈值的概率：1.20064%, 超供率：96.4%, 超供程度：82.7%, 超供平均值：5.6, 方差：380.2
0  6.35e+04  764.82 |  764.82    0.0   2886     0 |    0.13  10.16  -0.02  -0.51
0  8.08e+04  791.03 |
成功率：98.7%, 提交量大于阈值的概率：1.21033%, 超供率：96.4%, 超供程度：82.4%, 超供平均值：5.5, 方差：375.8
0  8.08e+04  791.03 |  791.03    0.0   2886     0 |    0.14   9.43   0.05  -0.51
0  9.81e+04  791.03 |  788.09    0.0   2886     0 |    0.15   9.24   0.13  -0.51
0  1.44e+05  817.71 |
成功率：98.4%, 提交量大于阈值的概率：1.22249%, 超供率：96.6%, 超供程度：82.1%, 超供平均值：5.5, 方差：369.3
0  1.44e+05  817.71 |  817.71    0.0   2886     0 |    0.19  10.29  -0.00  -0.53
0  1.62e+05  849.33 |
成功率：98.4%, 提交量大于阈值的概率：1.22405%, 超供率：96.5%, 超供程度：81.7%, 超供平均值：5.5, 方差：366.6
0  1.62e+05  849.33 |  849.33    0.0   2886     0 |    0.19   9.28   0.04  -0.53
0  1.79e+05  850.70 |
成功率：98.5%, 提交量大于阈值的概率：1.23313%, 超供率：96.6%, 超供程度：81.6%, 超供平均值：5.5, 方差：366.9
0  1.79e+05  850.70 |  850.70    0.0   2885     0 |    0.19   9.79   0.12  -0.53
0  1.96e+05  870.42 |
成功率：98.5%, 提交量大于阈值的概率：1.22860%, 超供率：96.5%, 超供程度：81.5%, 超供平均值：5.5, 方差：363.0
0  1.96e+05  870.42 |  870.42    0.0   2885     0 |    0.20  10.28   0.01  -0.53
0  2.19e+05  874.26 |
成功率：98.5%, 提交量大于阈值的概率：1.22761%, 超供率：96.6%, 超供程度：81.5%, 超供平均值：5.5, 方差：361.5
0  2.19e+05  874.26 |  874.26    0.0   2885     0 |    0.21  10.40   0.02  -0.54
0  2.37e+05  874.26 |  851.12    0.0   2885     0 |    0.20  10.10   0.17  -0.54
0  2.83e+05  882.06 |
成功率：98.6%, 提交量大于阈值的概率：1.23357%, 超供率：96.7%, 超供程度：81.1%, 超供平均值：5.5, 方差：364.1
0  2.83e+05  882.06 |  882.06    0.0   2886     0 |    0.22   9.90   0.13  -0.55
0  3.06e+05  888.10 |
成功率：98.6%, 提交量大于阈值的概率：1.22873%, 超供率：96.5%, 超供程度：80.9%, 超供平均值：5.5, 方差：364.8
0  3.06e+05  888.10 |  888.10    0.0   2886     0 |    0.21  10.51   0.08  -0.56
0  3.29e+05  897.60 |
成功率：98.5%, 提交量大于阈值的概率：1.22596%, 超供率：96.4%, 超供程度：80.9%, 超供平均值：5.5, 方差：364.4
0  3.29e+05  897.60 |  897.60    0.0   2886     0 |    0.22  10.29   0.14  -0.57
0  3.52e+05  901.82 |
成功率：98.4%, 提交量大于阈值的概率：1.22582%, 超供率：96.3%, 超供程度：80.6%, 超供平均值：5.4, 方差：364.2
0  3.52e+05  901.82 |  901.82    0.0   2886     0 |    0.24   9.27   0.05  -0.57
0  3.75e+05  911.97 |
成功率：98.4%, 提交量大于阈值的概率：1.22496%, 超供率：96.3%, 超供程度：80.5%, 超供平均值：5.4, 方差：363.3
0  3.75e+05  911.97 |  911.97    0.0   2886     0 |    0.24   9.38   0.02  -0.57
0  3.98e+05  929.48 |
成功率：98.5%, 提交量大于阈值的概率：1.23802%, 超供率：96.3%, 超供程度：80.2%, 超供平均值：5.4, 方差：360.2
0  3.98e+05  929.48 |  929.48    0.0   2886     0 |    0.25   9.98  -0.01  -0.58
0  4.21e+05  943.61 |
成功率：98.5%, 提交量大于阈值的概率：1.24248%, 超供率：96.4%, 超供程度：79.9%, 超供平均值：5.4, 方差：358.4
0  4.21e+05  943.61 |  943.61    0.0   2886     0 |    0.25   9.25   0.05  -0.58
0  4.44e+05  975.71 |
成功率：98.4%, 提交量大于阈值的概率：1.24127%, 超供率：96.2%, 超供程度：79.3%, 超供平均值：5.4, 方差：357.9
0  4.44e+05  975.71 |  975.71    0.0   2886     0 |    0.27   9.02   0.01  -0.59
0  4.68e+05 1001.30 |
成功率：98.4%, 提交量大于阈值的概率：1.24700%, 超供率：96.1%, 超供程度：78.9%, 超供平均值：5.3, 方差：355.4
0  4.68e+05 1001.30 | 1001.30    0.0   2886     0 |    0.28   9.23   0.07  -0.59
0  4.91e+05 1016.60 |
成功率：98.3%, 提交量大于阈值的概率：1.24760%, 超供率：96.0%, 超供程度：78.6%, 超供平均值：5.3, 方差：355.3
0  4.91e+05 1016.60 | 1016.60    0.0   2886     0 |    0.29  10.18  -0.03  -0.59
0  5.14e+05 1022.42 |
成功率：98.2%, 提交量大于阈值的概率：1.25261%, 超供率：96.0%, 超供程度：78.7%, 超供平均值：5.3, 方差：354.6
0  5.14e+05 1022.42 | 1022.42    0.0   2886     0 |    0.29   9.76   0.00  -0.59
0  5.37e+05 1022.42 | 1019.97    0.0   2886     0 |    0.29   8.92   0.08  -0.60
0  5.89e+05 1022.42 | 1014.44    0.0   2886     0 |    0.30   9.50   0.07  -0.62
0  6.41e+05 1036.29 |
成功率：98.2%, 提交量大于阈值的概率：1.26542%, 超供率：95.9%, 超供程度：78.7%, 超供平均值：5.3, 方差：345.6
0  6.41e+05 1036.29 | 1036.29    0.0   2886     0 |    0.31   9.35   0.02  -0.64
0  6.64e+05 1070.10 |
成功率：98.1%, 提交量大于阈值的概率：1.26331%, 超供率：95.8%, 超供程度：78.0%, 超供平均值：5.3, 方差：345.8
0  6.64e+05 1070.10 | 1070.10    0.0   2886     0 |    0.32   8.84   0.09  -0.64
0  6.87e+05 1076.97 |
成功率：98.1%, 提交量大于阈值的概率：1.26263%, 超供率：95.8%, 超供程度：77.9%, 超供平均值：5.3, 方差：344.4
0  6.87e+05 1076.97 | 1076.97    0.0   2886     0 |    0.32   9.48   0.02  -0.65
0  7.10e+05 1089.93 |
成功率：98.0%, 提交量大于阈值的概率：1.26244%, 超供率：95.8%, 超供程度：77.7%, 超供平均值：5.3, 方差：344.0
0  7.10e+05 1089.93 | 1089.93    0.0   2886     0 |    0.33   9.02   0.07  -0.65
0  7.33e+05 1092.06 |
成功率：98.0%, 提交量大于阈值的概率：1.26440%, 超供率：95.8%, 超供程度：77.7%, 超供平均值：5.3, 方差：343.2
0  7.33e+05 1092.06 | 1092.06    0.0   2886     0 |    0.33   9.26  -0.02  -0.65
0  7.56e+05 1109.21 |
成功率：98.0%, 提交量大于阈值的概率：1.26865%, 超供率：95.8%, 超供程度：77.3%, 超供平均值：5.2, 方差：344.6
0  7.56e+05 1109.21 | 1109.21    0.0   2886     0 |    0.32   9.18   0.08  -0.66
0  7.79e+05 1121.82 |
成功率：97.9%, 提交量大于阈值的概率：1.27087%, 超供率：95.7%, 超供程度：77.2%, 超供平均值：5.2, 方差：343.4
0  7.79e+05 1121.82 | 1121.82    0.0   2886     0 |    0.34   8.29   0.10  -0.67
0  8.02e+05 1149.82 |
成功率：97.8%, 提交量大于阈值的概率：1.27490%, 超供率：95.6%, 超供程度：76.8%, 超供平均值：5.2, 方差：339.4
0  8.02e+05 1149.82 | 1149.82    0.0   2886     0 |    0.35   9.67   0.00  -0.66
0  8.25e+05 1170.71 |
成功率：97.7%, 提交量大于阈值的概率：1.28147%, 超供率：95.4%, 超供程度：76.6%, 超供平均值：5.2, 方差：338.7
0  8.25e+05 1170.71 | 1170.71    0.0   2886     0 |    0.36   8.56   0.05  -0.67
0  8.49e+05 1170.71 | 1168.49    0.0   2886     0 |    0.35   9.52   0.08  -0.68
0  9.00e+05 1213.36 |
成功率：97.6%, 提交量大于阈值的概率：1.25704%, 超供率：95.4%, 超供程度：75.6%, 超供平均值：5.1, 方差：339.4
0  9.00e+05 1213.36 | 1213.36    0.0   2886     0 |    0.37   9.53   0.10  -0.69
0  9.24e+05 1223.20 |
成功率：97.7%, 提交量大于阈值的概率：1.24887%, 超供率：95.4%, 超供程度：75.1%, 超供平均值：5.1, 方差：341.1
0  9.24e+05 1223.20 | 1223.20    0.0   2886     0 |    0.37   7.74   0.08  -0.70
0  9.47e+05 1231.47 |
成功率：97.7%, 提交量大于阈值的概率：1.26075%, 超供率：95.4%, 超供程度：74.9%, 超供平均值：5.1, 方差：337.9
0  9.47e+05 1231.47 | 1231.47    0.0   2886     0 |    0.38   9.83   0.04  -0.70
0  9.70e+05 1246.76 |
成功率：97.6%, 提交量大于阈值的概率：1.24883%, 超供率：95.3%, 超供程度：74.6%, 超供平均值：5.1, 方差：338.6
0  9.70e+05 1246.76 | 1246.76    0.0   2886     0 |    0.38   8.47   0.09  -0.70
0  9.93e+05 1246.76 | 1239.76    0.0   2886     0 |    0.38   8.54   0.08  -0.70
0  1.04e+06 1253.40 |
成功率：97.6%, 提交量大于阈值的概率：1.25459%, 超供率：95.1%, 超供程度：74.4%, 超供平均值：5.1, 方差：340.7
0  1.04e+06 1253.40 | 1253.40    0.0   2886     0 |    0.38   9.15   0.10  -0.72
0  1.07e+06 1262.14 |
成功率：97.6%, 提交量大于阈值的概率：1.23933%, 超供率：94.9%, 超供程度：73.9%, 超供平均值：5.0, 方差：341.3
0  1.07e+06 1262.14 | 1262.14    0.0   2886     0 |    0.39   8.42   0.07  -0.72
0  1.09e+06 1268.24 |
成功率：97.5%, 提交量大于阈值的概率：1.24142%, 超供率：94.8%, 超供程度：73.8%, 超供平均值：5.0, 方差：341.3
0  1.09e+06 1268.24 | 1268.24    0.0   2886     0 |    0.40   9.07   0.07  -0.73
0  1.11e+06 1268.24 | 1263.33    0.0   2886     0 |    0.39   9.51   0.01  -0.73
0  1.17e+06 1277.17 |
成功率：97.6%, 提交量大于阈值的概率：1.25666%, 超供率：94.7%, 超供程度：73.7%, 超供平均值：5.0, 方差：341.0
0  1.17e+06 1277.17 | 1277.17    0.0   2886     0 |    0.40   8.30   0.06  -0.74
0  1.19e+06 1280.08 |
成功率：97.6%, 提交量大于阈值的概率：1.26521%, 超供率：94.8%, 超供程度：73.7%, 超供平均值：5.0, 方差：337.8
0  1.19e+06 1280.08 | 1280.08    0.0   2886     0 |    0.40   9.08   0.09  -0.75
0  1.21e+06 1299.42 |
成功率：97.5%, 提交量大于阈值的概率：1.25109%, 超供率：94.7%, 超供程度：73.2%, 超供平均值：5.0, 方差：337.8
0  1.21e+06 1299.42 | 1299.42    0.0   2886     0 |    0.40   7.95   0.04  -0.75
0  1.24e+06 1317.32 |
成功率：97.5%, 提交量大于阈值的概率：1.24955%, 超供率：94.5%, 超供程度：72.6%, 超供平均值：4.9, 方差：333.9
0  1.24e+06 1317.32 | 1317.32    0.0   2886     0 |    0.41   8.44   0.15  -0.76
0  1.25e+06 1322.28 |
成功率：97.4%, 提交量大于阈值的概率：1.25223%, 超供率：94.4%, 超供程度：72.2%, 超供平均值：4.9, 方差：333.2
0  1.25e+06 1322.28 | 1322.28    0.0   2886     0 |    0.42   8.59  -0.02  -0.76
0  1.28e+06 1354.72 |
成功率：97.3%, 提交量大于阈值的概率：1.24687%, 超供率：94.1%, 超供程度：71.4%, 超供平均值：4.9, 方差：332.4
0  1.28e+06 1354.72 | 1354.72    0.0   2886     0 |    0.43   8.57   0.03  -0.77
0  1.29e+06 1373.99 |
成功率：97.3%, 提交量大于阈值的概率：1.24259%, 超供率：94.0%, 超供程度：71.1%, 超供平均值：4.9, 方差：330.3
0  1.29e+06 1373.99 | 1373.99    0.0   2886     0 |    0.43   8.83  -0.03  -0.77
0  1.32e+06 1383.16 |
成功率：97.2%, 提交量大于阈值的概率：1.24821%, 超供率：93.9%, 超供程度：71.1%, 超供平均值：4.8, 方差：328.5
0  1.32e+06 1383.16 | 1383.16    0.0   2886     0 |    0.43   7.49   0.09  -0.78
0  1.34e+06 1384.51 |
成功率：97.2%, 提交量大于阈值的概率：1.24742%, 超供率：93.8%, 超供程度：71.0%, 超供平均值：4.8, 方差：330.7
0  1.34e+06 1384.51 | 1384.51    0.0   2886     0 |    0.44   7.63   0.12  -0.79
0  1.36e+06 1384.51 | 1378.20    0.0   2886     0 |    0.44   8.73   0.06  -0.79
0  1.40e+06 1407.98 |
成功率：97.0%, 提交量大于阈值的概率：1.24918%, 超供率：93.5%, 超供程度：70.3%, 超供平均值：4.8, 方差：327.9
0  1.40e+06 1407.98 | 1407.98    0.0   2886     0 |    0.45   8.19  -0.04  -0.80
0  1.42e+06 1425.16 |
成功率：96.9%, 提交量大于阈值的概率：1.25426%, 超供率：93.3%, 超供程度：70.2%, 超供平均值：4.8, 方差：326.2
0  1.42e+06 1425.16 | 1425.16    0.0   2886     0 |    0.45   8.06   0.08  -0.80
0  1.44e+06 1446.63 |
成功率：96.8%, 提交量大于阈值的概率：1.24707%, 超供率：93.2%, 超供程度：69.7%, 超供平均值：4.8, 方差：325.4
0  1.44e+06 1446.63 | 1446.63    0.0   2886     0 |    0.46   8.16   0.11  -0.80
0  1.45e+06 1475.80 |
成功率：96.6%, 提交量大于阈值的概率：1.23856%, 超供率：92.9%, 超供程度：68.9%, 超供平均值：4.7, 方差：322.3
0  1.45e+06 1475.80 | 1475.80    0.0   2886     0 |    0.47   7.15   0.05  -0.81
0  1.47e+06 1475.80 | 1465.05    0.0   2887     0 |    0.47   8.93   0.07  -0.81
0  1.52e+06 1486.10 |
成功率：96.7%, 提交量大于阈值的概率：1.24539%, 超供率：92.9%, 超供程度：68.8%, 超供平均值：4.7, 方差：320.0
0  1.52e+06 1486.10 | 1486.10    0.0   2887     0 |    0.48   7.94   0.20  -0.81
0  1.54e+06 1516.68 |
成功率：96.6%, 提交量大于阈值的概率：1.24386%, 超供率：92.6%, 超供程度：68.3%, 超供平均值：4.7, 方差：319.7
0  1.54e+06 1516.68 | 1516.68    0.0   2886     0 |    0.49   7.99   0.21  -0.81
0  1.55e+06 1525.51 |
成功率：96.5%, 提交量大于阈值的概率：1.24748%, 超供率：92.5%, 超供程度：68.1%, 超供平均值：4.7, 方差：320.6
0  1.55e+06 1525.51 | 1525.51    0.0   2887     0 |    0.49   7.64   0.12  -0.81
0  1.58e+06 1542.94 |
成功率：96.4%, 提交量大于阈值的概率：1.24320%, 超供率：92.4%, 超供程度：68.0%, 超供平均值：4.6, 方差：319.0
0  1.58e+06 1542.94 | 1542.94    0.0   2886     0 |    0.49   7.31   0.07  -0.83
0  1.60e+06 1565.27 |
成功率：96.3%, 提交量大于阈值的概率：1.25229%, 超供率：92.2%, 超供程度：67.8%, 超供平均值：4.6, 方差：318.2
0  1.60e+06 1565.27 | 1565.27    0.0   2886     0 |    0.50   8.12  -0.08  -0.83
0  1.62e+06 1565.27 | 1564.30    0.0   2886     0 |    0.51   7.46   0.01  -0.84
0  1.67e+06 1582.14 |
成功率：96.1%, 提交量大于阈值的概率：1.25738%, 超供率：91.9%, 超供程度：68.0%, 超供平均值：4.6, 方差：309.2
0  1.67e+06 1582.14 | 1582.14    0.0   2886     0 |    0.52   7.63   0.02  -0.85
0  1.70e+06 1624.54 |
成功率：95.9%, 提交量大于阈值的概率：1.25587%, 超供率：91.4%, 超供程度：67.2%, 超供平均值：4.6, 方差：304.3
0  1.70e+06 1624.54 | 1624.54    0.0   2886     0 |    0.52   8.28  -0.00  -0.85
0  1.72e+06 1635.96 |
成功率：95.8%, 提交量大于阈值的概率：1.25276%, 超供率：91.4%, 超供程度：66.9%, 超供平均值：4.6, 方差：302.8
0  1.72e+06 1635.96 | 1635.96    0.0   2886     0 |    0.53   6.73   0.14  -0.86
0  1.74e+06 1669.82 |
成功率：95.7%, 提交量大于阈值的概率：1.25483%, 超供率：91.2%, 超供程度：66.5%, 超供平均值：4.5, 方差：303.3
0  1.74e+06 1669.82 | 1669.82    0.0   2886     0 |    0.54   6.91   0.17  -0.86
0  1.77e+06 1679.25 |
成功率：95.7%, 提交量大于阈值的概率：1.25480%, 超供率：91.2%, 超供程度：66.1%, 超供平均值：4.5, 方差：305.2
0  1.77e+06 1679.25 | 1679.25    0.0   2886     0 |    0.54   8.07   0.13  -0.87
0  1.79e+06 1686.53 |
成功率：95.7%, 提交量大于阈值的概率：1.25299%, 超供率：91.1%, 超供程度：65.8%, 超供平均值：4.5, 方差：302.5
0  1.79e+06 1686.53 | 1686.53    0.0   2886     0 |    0.55   7.39   0.06  -0.87
0  1.81e+06 1735.30 |
成功率：95.5%, 提交量大于阈值的概率：1.25652%, 超供率：90.8%, 超供程度：65.4%, 超供平均值：4.5, 方差：297.0
0  1.81e+06 1735.30 | 1735.30    0.0   2886     0 |    0.56   7.96   0.02  -0.87
0  1.84e+06 1772.53 |
成功率：95.3%, 提交量大于阈值的概率：1.26231%, 超供率：90.6%, 超供程度：64.6%, 超供平均值：4.4, 方差：293.1
0  1.84e+06 1772.53 | 1772.53    0.0   2886     0 |    0.56   7.35   0.06  -0.88
0  1.86e+06 1813.53 |
成功率：95.0%, 提交量大于阈值的概率：1.25830%, 超供率：90.0%, 超供程度：64.3%, 超供平均值：4.4, 方差：288.5
0  1.86e+06 1813.53 | 1813.53    0.0   2886     0 |    0.58   7.42   0.26  -0.89
0  1.88e+06 1841.90 |
成功率：94.8%, 提交量大于阈值的概率：1.25815%, 超供率：89.7%, 超供程度：63.6%, 超供平均值：4.4, 方差：287.0
0  1.88e+06 1841.90 | 1841.90    0.0   2886     0 |    0.59   7.17   0.05  -0.89
0  1.90e+06 1851.76 |
成功率：94.6%, 提交量大于阈值的概率：1.25844%, 超供率：89.5%, 超供程度：63.9%, 超供平均值：4.4, 方差：284.2
0  1.90e+06 1851.76 | 1851.76    0.0   2886     0 |    0.60   7.14   0.10  -0.90
0  1.93e+06 1851.76 | 1843.64    0.0   2886     0 |    0.60   6.53   0.06  -0.91
0  1.98e+06 1919.08 |
成功率：94.3%, 提交量大于阈值的概率：1.26768%, 超供率：89.0%, 超供程度：63.2%, 超供平均值：4.3, 方差：273.9
0  1.98e+06 1919.08 | 1919.08    0.0   2886     0 |    0.62   6.74   0.02  -0.92
0  2.00e+06 1960.94 |
成功率：94.1%, 提交量大于阈值的概率：1.27416%, 超供率：88.7%, 超供程度：62.7%, 超供平均值：4.3, 方差：270.5
0  2.00e+06 1960.94 | 1960.94    0.0   2886     0 |    0.64   6.90   0.00  -0.92
0  2.03e+06 1996.67 |
成功率：93.9%, 提交量大于阈值的概率：1.27003%, 超供率：88.4%, 超供程度：62.2%, 超供平均值：4.3, 方差：267.4
0  2.03e+06 1996.67 | 1996.67    0.0   2887     0 |    0.65   6.84   0.13  -0.93
0  2.05e+06 2012.77 |
成功率：93.9%, 提交量大于阈值的概率：1.26675%, 超供率：88.2%, 超供程度：61.9%, 超供平均值：4.2, 方差：267.7
0  2.05e+06 2012.77 | 2012.77    0.0   2887     0 |    0.66   6.68   0.21  -0.94
0  2.07e+06 2081.46 |
成功率：93.5%, 提交量大于阈值的概率：1.27670%, 超供率：87.6%, 超供程度：61.1%, 超供平均值：4.2, 方差：260.5
0  2.07e+06 2081.46 | 2081.46    0.0   2887     0 |    0.67   6.79   0.05  -0.93
0  2.10e+06 2129.68 |
成功率：93.2%, 提交量大于阈值的概率：1.25683%, 超供率：86.9%, 超供程度：60.3%, 超供平均值：4.1, 方差：255.9
0  2.10e+06 2129.68 | 2129.68    0.0   2887     0 |    0.69   5.94   0.05  -0.94
0  2.12e+06 2179.07 |
成功率：92.8%, 提交量大于阈值的概率：1.26935%, 超供率：86.5%, 超供程度：60.0%, 超供平均值：4.1, 方差：248.6
0  2.12e+06 2179.07 | 2179.07    0.0   2886     0 |    0.71   5.80   0.15  -0.95
0  2.14e+06 2240.57 |
成功率：92.3%, 提交量大于阈值的概率：1.26777%, 超供率：86.0%, 超供程度：59.7%, 超供平均值：4.1, 方差：243.6
0  2.14e+06 2240.57 | 2240.57    0.0   2887     0 |    0.73   5.69   0.14  -0.95
0  2.16e+06 2277.82 |
成功率：92.1%, 提交量大于阈值的概率：1.27441%, 超供率：85.7%, 超供程度：59.5%, 超供平均值：4.1, 方差：239.6
0  2.16e+06 2277.82 | 2277.82    0.0   2886     0 |    0.74   6.11   0.09  -0.96
0  2.19e+06 2368.94 |
成功率：91.4%, 提交量大于阈值的概率：1.26693%, 超供率：84.9%, 超供程度：58.4%, 超供平均值：4.0, 方差：233.2
0  2.19e+06 2368.94 | 2368.94    0.0   2887     0 |    0.76   6.00   0.18  -0.96
0  2.21e+06 2368.94 | 2339.24    0.0   2887     0 |    0.75   6.48   0.06  -0.97
0  2.26e+06 2373.75 |
成功率：91.2%, 提交量大于阈值的概率：1.25855%, 超供率：84.7%, 超供程度：58.8%, 超供平均值：4.0, 方差：231.3
0  2.26e+06 2373.75 | 2373.75    0.0   2887     0 |    0.77   5.96   0.05  -0.98
0  2.28e+06 2394.62 |
成功率：90.9%, 提交量大于阈值的概率：1.25352%, 超供率：84.5%, 超供程度：58.8%, 超供平均值：4.0, 方差：228.3
0  2.28e+06 2394.62 | 2394.62    0.0   2887     0 |    0.79   5.43   0.03  -0.98
0  2.30e+06 2395.63 |
成功率：91.0%, 提交量大于阈值的概率：1.25456%, 超供率：84.6%, 超供程度：58.8%, 超供平均值：4.0, 方差：228.2
0  2.30e+06 2395.63 | 2395.63    0.0   2887     0 |    0.78   5.11   0.10  -0.98
0  2.32e+06 2443.60 |
成功率：90.5%, 提交量大于阈值的概率：1.25513%, 超供率：83.9%, 超供程度：58.3%, 超供平均值：4.0, 方差：224.0
0  2.32e+06 2443.60 | 2443.60    0.0   2887     0 |    0.80   5.32   0.05  -0.99
0  2.34e+06 2444.04 |
成功率：90.5%, 提交量大于阈值的概率：1.26363%, 超供率：83.8%, 超供程度：58.6%, 超供平均值：4.0, 方差：222.3
0  2.34e+06 2444.04 | 2444.04    0.0   2887     0 |    0.80   5.57   0.08  -0.99
0  2.36e+06 2471.68 |
成功率：90.3%, 提交量大于阈值的概率：1.26852%, 超供率：83.6%, 超供程度：58.2%, 超供平均值：4.0, 方差：220.2
0  2.36e+06 2471.68 | 2471.68    0.0   2887     0 |    0.80   5.86   0.16  -1.00
0  2.38e+06 2518.12 |
成功率：89.8%, 提交量大于阈值的概率：1.28800%, 超供率：83.0%, 超供程度：58.3%, 超供平均值：4.0, 方差：213.5
0  2.38e+06 2518.12 | 2518.12    0.0   2887     0 |    0.82   4.54   0.14  -1.00
0  2.40e+06 2560.71 |
成功率：89.5%, 提交量大于阈值的概率：1.27702%, 超供率：82.6%, 超供程度：57.9%, 超供平均值：4.0, 方差：209.8
0  2.40e+06 2560.71 | 2560.71    0.0   2887     0 |    0.83   5.16   0.07  -1.01
0  2.41e+06 2583.71 |
成功率：89.2%, 提交量大于阈值的概率：1.27466%, 超供率：82.3%, 超供程度：57.9%, 超供平均值：4.0, 方差：206.7
0  2.41e+06 2583.71 | 2583.71    0.0   2887     0 |    0.83   5.17   0.09  -1.01
0  2.44e+06 2613.31 |
成功率：88.9%, 提交量大于阈值的概率：1.28224%, 超供率：82.0%, 超供程度：58.2%, 超供平均值：4.0, 方差：202.7
0  2.44e+06 2613.31 | 2613.31    0.0   2887     0 |    0.85   5.47   0.10  -1.02
0  2.45e+06 2682.47 |
成功率：88.2%, 提交量大于阈值的概率：1.26739%, 超供率：81.3%, 超供程度：57.7%, 超供平均值：4.0, 方差：196.8
0  2.45e+06 2682.47 | 2682.47    0.0   2887     0 |    0.87   5.21   0.06  -1.02
0  2.47e+06 2687.55 |
成功率：88.3%, 提交量大于阈值的概率：1.27481%, 超供率：81.3%, 超供程度：57.9%, 超供平均值：4.0, 方差：195.5
0  2.47e+06 2687.55 | 2687.55    0.0   2887     0 |    0.87   5.06   0.06  -1.03
0  2.49e+06 2736.21 |
成功率：87.9%, 提交量大于阈值的概率：1.27299%, 超供率：80.8%, 超供程度：57.5%, 超供平均值：3.9, 方差：192.1
0  2.49e+06 2736.21 | 2736.21    0.0   2887     0 |    0.89   4.76   0.14  -1.03
0  2.51e+06 2737.80 |
成功率：87.9%, 提交量大于阈值的概率：1.25814%, 超供率：80.8%, 超供程度：57.6%, 超供平均值：4.0, 方差：190.7
0  2.51e+06 2737.80 | 2737.80    0.0   2887     0 |    0.89   5.05   0.00  -1.04
0  2.53e+06 2753.63 |
成功率：87.8%, 提交量大于阈值的概率：1.26207%, 超供率：80.5%, 超供程度：57.2%, 超供平均值：3.9, 方差：190.0
0  2.53e+06 2753.63 | 2753.63    0.0   2887     0 |    0.90   4.74   0.03  -1.04
0  2.55e+06 2784.45 |
成功率：87.6%, 提交量大于阈值的概率：1.27126%, 超供率：80.2%, 超供程度：57.6%, 超供平均值：4.0, 方差：186.4
0  2.55e+06 2784.45 | 2784.45    0.0   2887     0 |    0.91   5.02   0.07  -1.05
0  2.56e+06 2791.58 |
成功率：87.5%, 提交量大于阈值的概率：1.28302%, 超供率：80.1%, 超供程度：57.9%, 超供平均值：4.0, 方差：184.6
0  2.56e+06 2791.58 | 2791.58    0.0   2887     0 |    0.91   5.03  -0.01  -1.05
0  2.58e+06 2848.63 |
成功率：86.9%, 提交量大于阈值的概率：1.27308%, 超供率：79.5%, 超供程度：57.7%, 超供平均值：4.0, 方差：177.0
0  2.58e+06 2848.63 | 2848.63    0.0   2887     0 |    0.93   4.39   0.11  -1.06
0  2.60e+06 2870.98 |
成功率：86.8%, 提交量大于阈值的概率：1.25746%, 超供率：79.2%, 超供程度：57.6%, 超供平均值：4.0, 方差：174.8
0  2.60e+06 2870.98 | 2870.98    0.0   2887     0 |    0.94   4.46  -0.01  -1.06
0  2.62e+06 2906.43 |
成功率：86.3%, 提交量大于阈值的概率：1.24491%, 超供率：78.7%, 超供程度：57.6%, 超供平均值：4.0, 方差：171.6
0  2.62e+06 2906.43 | 2906.43    0.0   2887     0 |    0.95   4.92   0.11  -1.06
0  2.63e+06 2958.44 |
成功率：85.8%, 提交量大于阈值的概率：1.25592%, 超供率：78.2%, 超供程度：57.6%, 超供平均值：4.0, 方差：165.4
0  2.63e+06 2958.44 | 2958.44    0.0   2887     0 |    0.96   4.70   0.15  -1.07
0  2.65e+06 2974.99 |
成功率：85.5%, 提交量大于阈值的概率：1.25126%, 超供率：78.0%, 超供程度：57.8%, 超供平均值：4.0, 方差：163.7
0  2.65e+06 2974.99 | 2974.99    0.0   2887     0 |    0.97   4.54   0.12  -1.07
0  2.67e+06 3024.25 |
成功率：84.8%, 提交量大于阈值的概率：1.24231%, 超供率：77.1%, 超供程度：57.6%, 超供平均值：4.0, 方差：158.0
0  2.67e+06 3024.25 | 3024.25    0.0   2887     0 |    0.99   4.17   0.13  -1.07
0  2.68e+06 3088.38 |
成功率：84.1%, 提交量大于阈值的概率：1.22746%, 超供率：76.3%, 超供程度：57.3%, 超供平均值：3.9, 方差：151.4
0  2.68e+06 3088.38 | 3088.38    0.0   2887     0 |    1.00   4.23   0.06  -1.07
0  2.70e+06 3096.02 |
成功率：84.2%, 提交量大于阈值的概率：1.23172%, 超供率：76.2%, 超供程度：57.3%, 超供平均值：3.9, 方差：151.5
0  2.70e+06 3096.02 | 3096.02    0.0   2887     0 |    1.01   3.75   0.15  -1.07
0  2.72e+06 3096.02 | 3086.05    0.0   2887     0 |    1.01   4.15   0.05  -1.08
0  2.77e+06 3180.26 |
成功率：83.4%, 提交量大于阈值的概率：1.21793%, 超供率：75.3%, 超供程度：56.9%, 超供平均值：3.9, 方差：141.9
0  2.77e+06 3180.26 | 3180.26    0.0   2887     0 |    1.04   4.05   0.15  -1.09
0  2.79e+06 3192.30 |
成功率：83.1%, 提交量大于阈值的概率：1.21150%, 超供率：75.0%, 超供程度：56.7%, 超供平均值：3.9, 方差：140.3
0  2.79e+06 3192.30 | 3192.30    0.0   2887     0 |    1.04   4.24   0.02  -1.09
0  2.81e+06 3206.16 |
成功率：83.2%, 提交量大于阈值的概率：1.20025%, 超供率：75.0%, 超供程度：56.5%, 超供平均值：3.9, 方差：140.6
0  2.81e+06 3206.16 | 3206.16    0.0   2887     0 |    1.04   4.31   0.03  -1.09
0  2.83e+06 3226.50 |
成功率：82.9%, 提交量大于阈值的概率：1.19870%, 超供率：74.7%, 超供程度：56.3%, 超供平均值：3.9, 方差：138.2
0  2.83e+06 3226.50 | 3226.50    0.0   2887     0 |    1.05   4.51   0.15  -1.10
0  2.86e+06 3251.25 |
成功率：82.5%, 提交量大于阈值的概率：1.16774%, 超供率：74.5%, 超供程度：56.5%, 超供平均值：3.9, 方差：135.9
0  2.86e+06 3251.25 | 3251.25    0.0   2887     0 |    1.06   4.45   0.10  -1.10
0  2.88e+06 3301.46 |
成功率：81.6%, 提交量大于阈值的概率：1.13436%, 超供率：73.8%, 超供程度：56.6%, 超供平均值：3.9, 方差：128.1
0  2.88e+06 3301.46 | 3301.46    0.0   2887     0 |    1.08   4.23   0.09  -1.10
0  2.90e+06 3324.34 |
成功率：81.4%, 提交量大于阈值的概率：1.11616%, 超供率：73.6%, 超供程度：56.6%, 超供平均值：3.9, 方差：125.4
0  2.90e+06 3324.34 | 3324.34    0.0   2887     0 |    1.09   4.00   0.03  -1.11
0  2.92e+06 3348.87 |
成功率：81.4%, 提交量大于阈值的概率：1.14676%, 超供率：73.5%, 超供程度：56.7%, 超供平均值：3.9, 方差：123.9
0  2.92e+06 3348.87 | 3348.87    0.0   2887     0 |    1.10   4.37   0.29  -1.11
0  2.93e+06 3364.96 |
成功率：81.4%, 提交量大于阈值的概率：1.14865%, 超供率：73.5%, 超供程度：56.9%, 超供平均值：3.9, 方差：122.6
0  2.93e+06 3364.96 | 3364.96    0.0   2887     0 |    1.10   3.97   0.15  -1.11
0  2.95e+06 3372.31 |
成功率：81.2%, 提交量大于阈值的概率：1.11914%, 超供率：73.0%, 超供程度：56.7%, 超供平均值：3.9, 方差：121.6
0  2.95e+06 3372.31 | 3372.31    0.0   2887     0 |    1.10   4.35   0.04  -1.11
0  2.97e+06 3391.32 |
成功率：81.3%, 提交量大于阈值的概率：1.13413%, 超供率：72.9%, 超供程度：56.6%, 超供平均值：3.9, 方差：121.6
0  2.97e+06 3391.32 | 3391.32    0.0   2887     0 |    1.11   4.04   0.12  -1.12
0  2.98e+06 3412.35 |
成功率：81.2%, 提交量大于阈值的概率：1.12663%, 超供率：72.8%, 超供程度：56.9%, 超供平均值：3.9, 方差：119.7
0  2.98e+06 3412.35 | 3412.35    0.0   2887     0 |    1.12   4.05   0.10  -1.13
0  3.00e+06 3431.68 |
成功率：81.0%, 提交量大于阈值的概率：1.12306%, 超供率：72.5%, 超供程度：56.5%, 超供平均值：3.9, 方差：117.0
0  3.00e+06 3431.68 | 3431.68    0.0   2887     0 |    1.11   4.15   0.01  -1.13
0  3.03e+06 3460.22 |
成功率：80.3%, 提交量大于阈值的概率：1.07272%, 超供率：71.9%, 超供程度：56.1%, 超供平均值：3.9, 方差：112.5
0  3.03e+06 3460.22 | 3460.22    0.0   2887     0 |    1.13   4.13   0.10  -1.14
0  3.04e+06 3483.06 |
成功率：79.8%, 提交量大于阈值的概率：1.04303%, 超供率：71.6%, 超供程度：56.2%, 超供平均值：3.9, 方差：108.8
0  3.04e+06 3483.06 | 3483.06    0.0   2887     0 |    1.14   3.49   0.17  -1.14
0  3.06e+06 3506.69 |
成功率：79.3%, 提交量大于阈值的概率：1.01488%, 超供率：71.0%, 超供程度：55.8%, 超供平均值：3.8, 方差：105.1
0  3.06e+06 3506.69 | 3506.69    0.0   2887     0 |    1.15   3.61   0.11  -1.15
0  3.08e+06 3506.69 | 3501.26    0.0   2887     0 |    1.15   3.74   0.09  -1.15
0  3.12e+06 3555.12 |
成功率：79.4%, 提交量大于阈值的概率：1.05554%, 超供率：71.2%, 超供程度：56.2%, 超供平均值：3.9, 方差：102.1
0  3.12e+06 3555.12 | 3555.12    0.0   2887     0 |    1.16   3.76   0.16  -1.16
0  3.15e+06 3564.63 |
成功率：79.4%, 提交量大于阈值的概率：1.05143%, 超供率：71.3%, 超供程度：56.0%, 超供平均值：3.9, 方差：101.9
0  3.15e+06 3564.63 | 3564.63    0.0   2887     0 |    1.18   4.02   0.14  -1.16
0  3.17e+06 3598.17 |
成功率：78.8%, 提交量大于阈值的概率：1.02418%, 超供率：71.0%, 超供程度：56.1%, 超供平均值：3.9, 方差：97.6
0  3.17e+06 3598.17 | 3598.17    0.0   2887     0 |    1.17   3.82   0.05  -1.17
0  3.19e+06 3634.12 |
成功率：78.4%, 提交量大于阈值的概率：1.00014%, 超供率：70.5%, 超供程度：55.6%, 超供平均值：3.8, 方差：94.1
0  3.19e+06 3634.12 | 3634.12    0.0   2887     0 |    1.18   3.70   0.06  -1.17
0  3.21e+06 3636.67 |
成功率：77.8%, 提交量大于阈值的概率：0.93042%, 超供率：69.9%, 超供程度：55.5%, 超供平均值：3.8, 方差：91.2
0  3.21e+06 3636.67 | 3636.67    0.0   2887     0 |    1.19   3.29   0.11  -1.17
0  3.23e+06 3665.78 |
成功率：77.5%, 提交量大于阈值的概率：0.91151%, 超供率：69.6%, 超供程度：55.6%, 超供平均值：3.8, 方差：88.3
0  3.23e+06 3665.78 | 3665.78    0.0   2887     0 |    1.20   3.11   0.08  -1.16
0  3.25e+06 3677.52 |
成功率：77.9%, 提交量大于阈值的概率：0.97279%, 超供率：69.8%, 超供程度：55.6%, 超供平均值：3.8, 方差：89.6
0  3.25e+06 3677.52 | 3677.52    0.0   2887     0 |    1.20   3.60  -0.00  -1.17
0  3.27e+06 3677.52 | 3666.02    0.0   2887     0 |    1.20   3.52   0.07  -1.17
0  3.31e+06 3739.29 |
成功率：77.3%, 提交量大于阈值的概率：0.92197%, 超供率：69.4%, 超供程度：54.8%, 超供平均值：3.8, 方差：83.4
0  3.31e+06 3739.29 | 3739.29    0.0   2887     0 |    1.22   3.32   0.20  -1.17
0  3.33e+06 3750.12 |
成功率：77.3%, 提交量大于阈值的概率：0.92324%, 超供率：69.4%, 超供程度：54.8%, 超供平均值：3.8, 方差：83.1
0  3.33e+06 3750.12 | 3750.12    0.0   2887     0 |    1.23   3.56   0.14  -1.17
0  3.35e+06 3753.08 |
成功率：77.2%, 提交量大于阈值的概率：0.91563%, 超供率：69.2%, 超供程度：54.6%, 超供平均值：3.8, 方差：82.7
0  3.35e+06 3753.08 | 3753.08    0.0   2887     0 |    1.23   3.18   0.07  -1.17
0  3.37e+06 3773.52 |
成功率：77.4%, 提交量大于阈值的概率：0.93981%, 超供率：69.2%, 超供程度：55.0%, 超供平均值：3.8, 方差：83.1
0  3.37e+06 3773.52 | 3773.52    0.0   2887     0 |    1.23   3.29   0.11  -1.17
0  3.38e+06 3774.49 |
成功率：77.0%, 提交量大于阈值的概率：0.89760%, 超供率：68.8%, 超供程度：54.8%, 超供平均值：3.8, 方差：80.8
0  3.38e+06 3774.49 | 3774.49    0.0   2887     0 |    1.24   3.22   0.09  -1.17
0  3.40e+06 3801.04 |
成功率：77.3%, 提交量大于阈值的概率：0.93302%, 超供率：68.9%, 超供程度：55.0%, 超供平均值：3.8, 方差：81.4
0  3.40e+06 3801.04 | 3801.04    0.0   2887     0 |    1.24   3.47   0.06  -1.17
0  3.42e+06 3808.84 |
成功率：77.7%, 提交量大于阈值的概率：0.99655%, 超供率：69.7%, 超供程度：55.3%, 超供平均值：3.8, 方差：83.6
0  3.42e+06 3808.84 | 3808.84    0.0   2887     0 |    1.24   3.25   0.09  -1.17
0  3.44e+06 3813.80 |
成功率：77.5%, 提交量大于阈值的概率：0.97247%, 超供率：69.5%, 超供程度：55.2%, 超供平均值：3.8, 方差：82.1
0  3.44e+06 3813.80 | 3813.80    0.0   2887     0 |    1.24   3.64   0.21  -1.17
0  3.45e+06 3823.51 |
成功率：77.0%, 提交量大于阈值的概率：0.90286%, 超供率：69.0%, 超供程度：55.0%, 超供平均值：3.8, 方差：79.6
0  3.45e+06 3823.51 | 3823.51    0.0   2887     0 |    1.24   3.46   0.08  -1.17
0  3.47e+06 3823.51 | 3812.23    0.0   2887     0 |    1.24   3.35   0.18  -1.17
0  3.52e+06 3833.01 |
成功率：76.4%, 提交量大于阈值的概率：0.81205%, 超供率：68.4%, 超供程度：54.5%, 超供平均值：3.8, 方差：75.4
0  3.52e+06 3833.01 | 3833.01    0.0   2887     0 |    1.24   3.05   0.11  -1.17
0  3.53e+06 3833.96 |
成功率：76.4%, 提交量大于阈值的概率：0.79678%, 超供率：68.2%, 超供程度：54.6%, 超供平均值：3.8, 方差：74.6
0  3.53e+06 3833.96 | 3833.96    0.0   2887     0 |    1.25   3.19   0.13  -1.17
0  3.55e+06 3845.38 |
成功率：76.7%, 提交量大于阈值的概率：0.85416%, 超供率：68.4%, 超供程度：54.8%, 超供平均值：3.8, 方差：76.4
0  3.55e+06 3845.38 | 3845.38    0.0   2887     0 |    1.25   3.49   0.16  -1.17
0  3.57e+06 3859.21 |
成功率：76.5%, 提交量大于阈值的概率：0.83071%, 超供率：68.2%, 超供程度：54.6%, 超供平均值：3.8, 方差：74.6
0  3.57e+06 3859.21 | 3859.21    0.0   2887     0 |    1.26   3.45   0.21  -1.17
0  3.59e+06 3859.21 | 3854.95    0.0   2887     0 |    1.25   3.37   0.06  -1.17
0  3.63e+06 3886.00 |
成功率：76.8%, 提交量大于阈值的概率：0.87654%, 超供率：68.4%, 超供程度：54.2%, 超供平均值：3.7, 方差：75.0
0  3.63e+06 3886.00 | 3886.00    0.0   2887     0 |    1.26   3.57   0.18  -1.17
0  3.65e+06 3886.00 | 3885.25    0.0   2887     0 |    1.26   3.47   0.10  -1.17
0  3.69e+06 3886.00 | 3879.01    0.0   2887     0 |    1.26   3.33   0.03  -1.18
0  3.74e+06 3886.00 | 3880.13    0.0   2887     0 |    1.27   3.19   0.13  -1.19
0  3.79e+06 3898.49 |
成功率：75.7%, 提交量大于阈值的概率：0.68301%, 超供率：67.6%, 超供程度：53.5%, 超供平均值：3.7, 方差：69.1
0  3.79e+06 3898.49 | 3898.49    0.0   2887     0 |    1.27   3.29   0.18  -1.19
0  3.80e+06 3917.83 |
成功率：75.7%, 提交量大于阈值的概率：0.68039%, 超供率：67.5%, 超供程度：53.4%, 超供平均值：3.7, 方差：68.9
0  3.80e+06 3917.83 | 3917.83    0.0   2887     0 |    1.27   3.21   0.05  -1.18
0  3.82e+06 3917.83 | 3904.79    0.0   2887     0 |    1.27   3.36   0.05  -1.18
0  3.87e+06 3946.59 |
成功率：76.5%, 提交量大于阈值的概率：0.83128%, 超供率：68.3%, 超供程度：53.5%, 超供平均值：3.7, 方差：73.4
0  3.87e+06 3946.59 | 3946.59    0.0   2887     0 |    1.28   3.30   0.21  -1.18
0  3.89e+06 3946.59 | 3938.65    0.0   2887     0 |    1.29   3.32   0.20  -1.18
0  3.93e+06 3946.59 | 3941.04    0.0   2887     0 |    1.28   3.17  -0.03  -1.18
0  3.98e+06 3948.82 |
成功率：77.2%, 提交量大于阈值的概率：0.96000%, 超供率：68.9%, 超供程度：53.6%, 超供平均值：3.7, 方差：76.4
0  3.98e+06 3948.82 | 3948.82    0.0   2887     0 |    1.28   3.22   0.09  -1.19
0  4.00e+06 3948.82 | 3943.97    0.0   2887     0 |    1.29   2.87   0.03  -1.18
0  4.04e+06 3948.82 | 3920.08    0.0   2887     0 |    1.29   3.34   0.00  -1.19
0  4.09e+06 3948.82 | 3924.51    0.0   2887     0 |    1.28   3.27   0.12  -1.18
0  4.13e+06 3955.11 |
成功率：77.5%, 提交量大于阈值的概率：0.99730%, 超供率：68.8%, 超供程度：52.8%, 超供平均值：3.6, 方差：77.1
0  4.13e+06 3955.11 | 3955.11    0.0   2887     0 |    1.29   2.99   0.06  -1.19
0  4.15e+06 3969.56 |
成功率：77.6%, 提交量大于阈值的概率：1.01506%, 超供率：68.8%, 超供程度：52.6%, 超供平均值：3.6, 方差：77.8
0  4.15e+06 3969.56 | 3969.56    0.0   2887     0 |    1.30   3.34   0.04  -1.19
0  4.17e+06 3972.23 |
成功率：77.6%, 提交量大于阈值的概率：1.01343%, 超供率：69.0%, 超供程度：52.9%, 超供平均值：3.6, 方差：78.1
0  4.17e+06 3972.23 | 3972.23    0.0   2887     0 |    1.30   3.46   0.01  -1.18
0  4.19e+06 3972.23 | 3963.00    0.0   2887     0 |    1.29   3.35   0.05  -1.18
0  4.23e+06 3972.23 | 3957.56    0.0   2887     0 |    1.29   3.34   0.09  -1.18
0  4.28e+06 3972.23 | 3968.89    0.0   2887     0 |    1.30   3.03   0.11  -1.18
0  4.32e+06 3980.05 |
成功率：76.2%, 提交量大于阈值的概率：0.76044%, 超供率：67.4%, 超供程度：52.2%, 超供平均值：3.6, 方差：70.8
0  4.32e+06 3980.05 | 3980.05    0.0   2887     0 |    1.30   3.55   0.15  -1.18
0  4.34e+06 3980.05 | 3978.52    0.0   2887     0 |    1.30   3.42   0.11  -1.18
0  4.39e+06 3989.06 |
成功率：76.9%, 提交量大于阈值的概率：0.90008%, 超供率：68.1%, 超供程度：52.0%, 超供平均值：3.6, 方差：74.2
0  4.39e+06 3989.06 | 3989.06    0.0   2887     0 |    1.31   3.03   0.07  -1.18
0  4.41e+06 3989.06 | 3974.83    0.0   2887     0 |    1.31   3.31   0.14  -1.18
0  4.45e+06 3989.06 | 3983.76    0.0   2887     0 |    1.31   2.99   0.05  -1.18
0  4.50e+06 3993.94 |
成功率：77.2%, 提交量大于阈值的概率：0.95279%, 超供率：68.3%, 超供程度：52.4%, 超供平均值：3.6, 方差：76.0
0  4.50e+06 3993.94 | 3993.94    0.0   2887     0 |    1.31   3.29   0.19  -1.18
0  4.51e+06 4008.77 |
成功率：77.0%, 提交量大于阈值的概率：0.91976%, 超供率：68.1%, 超供程度：52.2%, 超供平均值：3.6, 方差：74.8
0  4.51e+06 4008.77 | 4008.77    0.0   2887     0 |    1.31   3.23  -0.01  -1.18
0  4.53e+06 4008.77 | 3994.21    0.0   2887     0 |    1.31   3.18   0.16  -1.18
0  4.58e+06 4008.77 | 3985.12    0.0   2887     0 |    1.31   2.94   0.11  -1.17
0  4.62e+06 4010.61 |
成功率：76.7%, 提交量大于阈值的概率：0.85564%, 超供率：67.5%, 超供程度：51.4%, 超供平均值：3.5, 方差：73.0
0  4.62e+06 4010.61 | 4010.61    0.0   2887     0 |    1.31   3.25   0.20  -1.17
0  4.64e+06 4010.61 | 4004.87    0.0   2887     0 |    1.31   3.12   0.04  -1.17
0  4.69e+06 4010.61 | 4005.16    0.0   2887     0 |    1.31   3.03   0.06  -1.17
0  4.73e+06 4014.02 |
成功率：77.5%, 提交量大于阈值的概率：1.00569%, 超供率：68.3%, 超供程度：52.0%, 超供平均值：3.6, 方差：78.0
0  4.73e+06 4014.02 | 4014.02    0.0   2887     0 |    1.31   3.02   0.09  -1.17
0  4.75e+06 4014.02 | 3981.90    0.0   2887     0 |    1.32   3.09   0.08  -1.17
0  4.80e+06 4014.02 | 4012.66    0.0   2887     0 |    1.32   3.32   0.12  -1.18
0  4.84e+06 4014.02 | 4013.20    0.0   2887     0 |    1.32   3.45   0.07  -1.18
0  4.89e+06 4014.02 | 4000.63    0.0   2887     0 |    1.32   3.03  -0.03  -1.18
0  4.94e+06 4014.02 | 4013.26    0.0   2887     0 |    1.32   2.84   0.13  -1.17
0  4.98e+06 4014.02 | 3986.87    0.0   2887     0 |    1.32   3.29   0.07  -1.17
0  5.03e+06 4014.02 | 3990.07    0.0   2887     0 |    1.32   3.02  -0.03  -1.17
0  5.07e+06 4014.02 | 3993.72    0.0   2887     0 |    1.32   2.89   0.14  -1.18
0  5.12e+06 4014.02 | 3995.56    0.0   2887     0 |    1.31   3.14   0.02  -1.18
0  5.17e+06 4014.02 | 3991.11    0.0   2887     0 |    1.32   3.07   0.13  -1.17
0  5.21e+06 4017.86 |
成功率：77.3%, 提交量大于阈值的概率：0.94035%, 超供率：67.7%, 超供程度：51.9%, 超供平均值：3.6, 方差：76.6
0  5.21e+06 4017.86 | 4017.86    0.0   2887     0 |    1.32   3.28   0.09  -1.17
0  5.23e+06 4019.04 |
成功率：77.1%, 提交量大于阈值的概率：0.92652%, 超供率：67.4%, 超供程度：51.9%, 超供平均值：3.6, 方差：75.8
0  5.23e+06 4019.04 | 4019.04    0.0   2887     0 |    1.33   2.45   0.11  -1.17
0  5.25e+06 4025.87 |
成功率：77.2%, 提交量大于阈值的概率：0.92140%, 超供率：67.5%, 超供程度：52.0%, 超供平均值：3.6, 方差：76.1
0  5.25e+06 4025.87 | 4025.87    0.0   2887     0 |    1.32   2.92   0.14  -1.16
0  5.27e+06 4025.87 | 4022.31    0.0   2887     0 |    1.32   3.14  -0.03  -1.16
0  5.31e+06 4027.16 |
成功率：76.4%, 提交量大于阈值的概率：0.76952%, 超供率：66.6%, 超供程度：51.6%, 超供平均值：3.5, 方差：71.7
0  5.31e+06 4027.16 | 4027.16    0.0   2887     0 |    1.33   3.14  -0.00  -1.16
0  5.33e+06 4035.07 |
成功率：76.2%, 提交量大于阈值的概率：0.74631%, 超供率：66.4%, 超供程度：51.5%, 超供平均值：3.5, 方差：71.1
0  5.33e+06 4035.07 | 4035.07    0.0   2887     0 |    1.33   3.19   0.02  -1.16
0  5.35e+06 4035.07 | 4031.98    0.0   2887     0 |    1.33   2.86   0.07  -1.16
0  5.39e+06 4035.07 | 4018.84    0.0   2887     0 |    1.33   3.43   0.03  -1.17
0  5.44e+06 4035.07 | 4019.00    0.0   2887     0 |    1.33   3.11   0.08  -1.18
0  5.48e+06 4035.07 | 4023.88    0.0   2887     0 |    1.33   3.41   0.11  -1.18
0  5.53e+06 4035.07 | 4016.11    0.0   2887     0 |    1.33   3.07   0.10  -1.18
0  5.58e+06 4035.07 | 4015.21    0.0   2887     0 |    1.33   3.02   0.24  -1.17
0  5.62e+06 4035.07 | 4026.24    0.0   2887     0 |    1.34   3.13   0.25  -1.18
0  5.67e+06 4035.07 | 4024.40    0.0   2887     0 |    1.34   2.80   0.07  -1.18
