################################################################################
ID     Step    maxR |    avgR   stdR   avgS  stdS |    expR   objC   etc.
0  5.77e+03  660.66 |
成功率：98.7%, 提交量大于阈值的概率：1.19485%, 超供率：96.4%, 超供程度：84.0%, 超供平均值：5.7, 方差：395.7
0  5.77e+03  660.66 |  660.66    0.0   2887     0 |    0.08  40.21  -0.00  -0.50
0  2.31e+04  662.00 |
成功率：98.6%, 提交量大于阈值的概率：1.19167%, 超供率：96.4%, 超供程度：83.7%, 超供平均值：5.6, 方差：395.4
0  2.31e+04  662.00 |  662.00    0.0   2887     0 |    0.10  29.52  -0.02  -0.50
0  4.62e+04  693.05 |
成功率：98.7%, 提交量大于阈值的概率：1.20776%, 超供率：96.5%, 超供程度：83.5%, 超供平均值：5.6, 方差：391.4
0  4.62e+04  693.05 |  693.05    0.0   2886     0 |    0.10  28.96  -0.04  -0.51
0  6.93e+04  693.05 |  688.48    0.0   2886     0 |    0.11  26.07  -0.05  -0.51
0  1.21e+05  693.05 |  659.67    0.0   2887     0 |    0.14  24.00   0.05  -0.52
0  1.73e+05  735.72 |
成功率：98.5%, 提交量大于阈值的概率：1.21045%, 超供率：96.8%, 超供程度：83.4%, 超供平均值：5.6, 方差：379.2
0  1.73e+05  735.72 |  735.72    0.0   2886     0 |    0.15  23.45   0.12  -0.53
0  1.96e+05  735.72 |  723.43    0.0   2887     0 |    0.16  24.46   0.06  -0.53
0  2.48e+05  735.72 |  726.85    0.0   2887     0 |    0.16  24.54   0.03  -0.55
0  3.00e+05  735.72 |  675.81    0.0   2887     0 |    0.17  23.49   0.10  -0.57
0  3.52e+05  735.72 |  727.15    0.0   2885     0 |    0.17  23.31  -0.02  -0.58
0  4.04e+05  735.72 |  704.78    0.0   2887     0 |    0.17  23.34   0.05  -0.58
0  4.56e+05  735.72 |  718.79    0.0   2887     0 |    0.19  23.22  -0.10  -0.60
0  5.08e+05  735.72 |  687.10    0.0   2887     0 |    0.19  22.50   0.03  -0.60
0  5.60e+05  735.72 |  703.53    0.0   2887     0 |    0.20  23.41  -0.05  -0.62
0  6.12e+05  735.72 |  704.39    0.0   2887     0 |    0.20  22.51   0.05  -0.63
0  6.64e+05  735.72 |  735.21    0.0   2887     0 |    0.21  23.57   0.18  -0.65
0  7.16e+05  735.72 |  726.80    0.0   2887     0 |    0.22  22.83  -0.03  -0.66
0  7.68e+05  742.82 |
成功率：98.6%, 提交量大于阈值的概率：1.20947%, 超供率：96.8%, 超供程度：82.4%, 超供平均值：5.5, 方差：392.2
0  7.68e+05  742.82 |  742.82    0.0   2887     0 |    0.22  25.48  -0.01  -0.67
0  7.91e+05  752.71 |
成功率：98.6%, 提交量大于阈值的概率：1.20545%, 超供率：96.8%, 超供程度：82.4%, 超供平均值：5.5, 方差：391.3
0  7.91e+05  752.71 |  752.71    0.0   2887     0 |    0.21  24.31   0.08  -0.68
0  8.14e+05  775.94 |
成功率：98.7%, 提交量大于阈值的概率：1.20600%, 超供率：96.8%, 超供程度：82.6%, 超供平均值：5.5, 方差：386.5
0  8.14e+05  775.94 |  775.94    0.0   2886     0 |    0.22  23.34   0.14  -0.69
0  8.37e+05  785.14 |
成功率：98.7%, 提交量大于阈值的概率：1.21149%, 超供率：96.9%, 超供程度：82.5%, 超供平均值：5.5, 方差：383.9
0  8.37e+05  785.14 |  785.14    0.0   2886     0 |    0.23  24.41   0.07  -0.69
0  8.60e+05  787.94 |
成功率：98.7%, 提交量大于阈值的概率：1.21343%, 超供率：96.9%, 超供程度：82.3%, 超供平均值：5.5, 方差：382.7
0  8.60e+05  787.94 |  787.94    0.0   2886     0 |    0.22  24.81   0.05  -0.70
0  8.83e+05  789.01 |
成功率：98.7%, 提交量大于阈值的概率：1.21812%, 超供率：96.8%, 超供程度：82.1%, 超供平均值：5.5, 方差：381.2
0  8.83e+05  789.01 |  789.01    0.0   2886     0 |    0.22  23.33   0.08  -0.71
0  9.06e+05  793.45 |
成功率：98.7%, 提交量大于阈值的概率：1.21750%, 超供率：96.8%, 超供程度：82.1%, 超供平均值：5.5, 方差：382.8
0  9.06e+05  793.45 |  793.45    0.0   2886     0 |    0.22  22.51   0.06  -0.70
0  9.29e+05  793.45 |  791.86    0.0   2887     0 |    0.22  23.03   0.06  -0.71
0  9.81e+05  798.18 |
成功率：98.7%, 提交量大于阈值的概率：1.22136%, 超供率：96.8%, 超供程度：82.1%, 超供平均值：5.5, 方差：380.0
0  9.81e+05  798.18 |  798.18    0.0   2887     0 |    0.22  22.04   0.01  -0.72
0  1.00e+06  799.40 |
成功率：98.8%, 提交量大于阈值的概率：1.23072%, 超供率：96.8%, 超供程度：82.1%, 超供平均值：5.5, 方差：382.1
0  1.00e+06  799.40 |  799.40    0.0   2887     0 |    0.22  23.08  -0.01  -0.73
0  1.03e+06  799.40 |  793.18    0.0   2887     0 |    0.22  24.29   0.09  -0.74
0  1.08e+06  800.10 |
成功率：98.8%, 提交量大于阈值的概率：1.22832%, 超供率：96.8%, 超供程度：82.0%, 超供平均值：5.5, 方差：386.4
0  1.08e+06  800.10 |  800.10    0.0   2887     0 |    0.24  23.70  -0.01  -0.75
0  1.10e+06  809.37 |
成功率：98.8%, 提交量大于阈值的概率：1.22187%, 超供率：96.8%, 超供程度：81.8%, 超供平均值：5.5, 方差：384.7
0  1.10e+06  809.37 |  809.37    0.0   2887     0 |    0.23  22.28   0.06  -0.75
0  1.13e+06  809.37 |  802.29    0.0   2887     0 |    0.23  22.24   0.07  -0.77
0  1.18e+06  811.42 |
成功率：98.8%, 提交量大于阈值的概率：1.22134%, 超供率：96.8%, 超供程度：82.4%, 超供平均值：5.5, 方差：386.2
0  1.18e+06  811.42 |  811.42    0.0   2887     0 |    0.23  24.59  -0.01  -0.77
0  1.20e+06  811.42 |  796.32    0.0   2887     0 |    0.23  22.51   0.07  -0.77
0  1.25e+06  823.56 |
成功率：98.8%, 提交量大于阈值的概率：1.22132%, 超供率：96.9%, 超供程度：82.2%, 超供平均值：5.5, 方差：388.4
0  1.25e+06  823.56 |  823.56    0.0   2887     0 |    0.24  20.58   0.05  -0.78
0  1.28e+06  823.56 |  820.51    0.0   2887     0 |    0.24  23.26  -0.05  -0.79
0  1.33e+06  823.56 |  815.39    0.0   2886     0 |    0.24  21.49   0.03  -0.79
0  1.38e+06  825.84 |
成功率：98.8%, 提交量大于阈值的概率：1.20785%, 超供率：96.9%, 超供程度：81.9%, 超供平均值：5.5, 方差：389.2
0  1.38e+06  825.84 |  825.84    0.0   2887     0 |    0.24  23.80   0.07  -0.81
0  1.40e+06  843.68 |
成功率：98.7%, 提交量大于阈值的概率：1.20816%, 超供率：96.9%, 超供程度：81.6%, 超供平均值：5.5, 方差：389.7
0  1.40e+06  843.68 |  843.68    0.0   2887     0 |    0.24  22.15   0.02  -0.81
0  1.43e+06  843.68 |  841.72    0.0   2887     0 |    0.24  21.91  -0.00  -0.81
0  1.48e+06  843.68 |  842.15    0.0   2886     0 |    0.24  25.29   0.06  -0.81
0  1.53e+06  846.68 |
成功率：98.9%, 提交量大于阈值的概率：1.20805%, 超供率：96.9%, 超供程度：81.4%, 超供平均值：5.5, 方差：395.7
0  1.53e+06  846.68 |  846.68    0.0   2886     0 |    0.25  21.66   0.02  -0.83
0  1.55e+06  847.84 |
成功率：98.9%, 提交量大于阈值的概率：1.21084%, 超供率：96.9%, 超供程度：81.5%, 超供平均值：5.5, 方差：395.1
0  1.55e+06  847.84 |  847.84    0.0   2886     0 |    0.25  22.79   0.06  -0.83
0  1.58e+06  847.84 |  841.53    0.0   2886     0 |    0.25  22.85   0.08  -0.84
0  1.63e+06  847.84 |  814.68    0.0   2886     0 |    0.24  23.76   0.05  -0.85
0  1.68e+06  847.84 |  794.34    0.0   2887     0 |    0.23  20.85   0.10  -0.86
0  1.73e+06  847.84 |  799.95    0.0   2886     0 |    0.24  24.59   0.06  -0.86
0  1.78e+06  847.84 |  795.30    0.0   2886     0 |    0.24  26.90   0.26  -0.87
0  1.84e+06  847.84 |  791.86    0.0   2887     0 |    0.23  22.64   0.05  -0.89
0  1.89e+06  847.84 |  825.96    0.0   2887     0 |    0.25  24.52   0.06  -0.90
0  1.94e+06  847.84 |  826.26    0.0   2887     0 |    0.25  24.86   0.05  -0.91
0  1.99e+06  847.84 |  826.73    0.0   2887     0 |    0.25  23.22   0.12  -0.92
0  2.04e+06  847.84 |  831.18    0.0   2886     0 |    0.25  21.79   0.14  -0.93
0  2.10e+06  847.84 |  839.66    0.0   2887     0 |    0.25  23.56   0.06  -0.93
0  2.14e+06  849.50 |
成功率：98.8%, 提交量大于阈值的概率：1.21083%, 超供率：96.8%, 超供程度：81.2%, 超供平均值：5.4, 方差：398.4
0  2.14e+06  849.50 |  849.50    0.0   2887     0 |    0.26  22.35   0.07  -0.93
0  2.16e+06  857.60 |
成功率：98.9%, 提交量大于阈值的概率：1.21719%, 超供率：96.8%, 超供程度：81.0%, 超供平均值：5.4, 方差：394.6
0  2.16e+06  857.60 |  857.60    0.0   2887     0 |    0.26  23.14   0.07  -0.94
0  2.19e+06  869.12 |
成功率：98.9%, 提交量大于阈值的概率：1.21896%, 超供率：96.8%, 超供程度：80.9%, 超供平均值：5.4, 方差：395.4
0  2.19e+06  869.12 |  869.12    0.0   2887     0 |    0.26  22.75   0.07  -0.95
0  2.21e+06  869.12 |  860.02    0.0   2887     0 |    0.26  20.08   0.09  -0.95
0  2.26e+06  869.12 |  847.19    0.0   2887     0 |    0.26  20.63   0.07  -0.96
0  2.31e+06  869.12 |  847.36    0.0   2887     0 |    0.27  22.70  -0.04  -0.98
0  2.37e+06  869.12 |  844.08    0.0   2886     0 |    0.26  21.86   0.09  -0.99
0  2.42e+06  869.12 |  839.18    0.0   2887     0 |    0.26  23.62   0.13  -1.00
0  2.47e+06  869.12 |  840.83    0.0   2887     0 |    0.26  21.89   0.15  -1.01
0  2.52e+06  869.12 |  843.04    0.0   2887     0 |    0.26  21.35   0.05  -1.01
0  2.57e+06  869.12 |  856.23    0.0   2887     0 |    0.27  23.94  -0.01  -1.03
0  2.63e+06  869.12 |  858.86    0.0   2887     0 |    0.27  22.48  -0.01  -1.04
0  2.68e+06  873.22 |
成功率：98.6%, 提交量大于阈值的概率：1.20809%, 超供率：96.7%, 超供程度：81.6%, 超供平均值：5.5, 方差：401.5
0  2.68e+06  873.22 |  873.22    0.0   2887     0 |    0.28  23.45  -0.00  -1.05
0  2.70e+06  873.22 |  871.41    0.0   2887     0 |    0.27  23.20   0.02  -1.05
0  2.75e+06  873.22 |  867.80    0.0   2887     0 |    0.27  25.89  -0.03  -1.06
0  2.81e+06  873.22 |  854.98    0.0   2887     0 |    0.27  22.62   0.09  -1.08
0  2.86e+06  873.22 |  854.93    0.0   2887     0 |    0.26  23.16   0.11  -1.08
0  2.91e+06  873.22 |  833.47    0.0   2887     0 |    0.26  25.29   0.16  -1.10
0  2.96e+06  873.22 |  845.29    0.0   2886     0 |    0.27  21.51  -0.03  -1.11
0  3.01e+06  873.22 |  858.89    0.0   2886     0 |    0.27  22.33   0.05  -1.13
0  3.07e+06  873.22 |  851.58    0.0   2886     0 |    0.26  25.24   0.07  -1.14
0  3.12e+06  876.50 |
成功率：98.6%, 提交量大于阈值的概率：1.19115%, 超供率：96.7%, 超供程度：80.8%, 超供平均值：5.4, 方差：402.2
0  3.12e+06  876.50 |  876.50    0.0   2886     0 |    0.27  19.94   0.04  -1.15
0  3.14e+06  876.50 |  873.66    0.0   2886     0 |    0.27  23.01   0.17  -1.15
0  3.19e+06  876.50 |  872.16    0.0   2886     0 |    0.27  23.37   0.08  -1.16
0  3.24e+06  876.50 |  876.10    0.0   2886     0 |    0.27  22.34   0.06  -1.16
0  3.30e+06  883.46 |
成功率：98.6%, 提交量大于阈值的概率：1.16969%, 超供率：96.7%, 超供程度：80.7%, 超供平均值：5.4, 方差：405.1
0  3.30e+06  883.46 |  883.46    0.0   2886     0 |    0.27  21.29   0.18  -1.16
0  3.32e+06  892.88 |
成功率：98.6%, 提交量大于阈值的概率：1.17629%, 超供率：96.7%, 超供程度：80.6%, 超供平均值：5.4, 方差：400.3
0  3.32e+06  892.88 |  892.88    0.0   2886     0 |    0.28  25.32   0.16  -1.16
0  3.34e+06  892.88 |  884.44    0.0   2886     0 |    0.28  22.75   0.09  -1.16
0  3.39e+06  892.88 |  882.06    0.0   2886     0 |    0.28  20.80  -0.04  -1.17
0  3.45e+06  892.88 |  878.74    0.0   2886     0 |    0.28  25.05   0.13  -1.16
0  3.50e+06  892.88 |  868.51    0.0   2885     0 |    0.27  23.93   0.01  -1.17
0  3.55e+06  892.88 |  860.50    0.0   2886     0 |    0.27  21.97   0.19  -1.17
0  3.60e+06  892.88 |  859.90    0.0   2886     0 |    0.27  21.53   0.15  -1.17
0  3.65e+06  892.88 |  865.73    0.0   2886     0 |    0.28  23.82   0.09  -1.17
0  3.71e+06  892.88 |  849.86    0.0   2886     0 |    0.27  23.81   0.08  -1.18
0  3.76e+06  892.88 |  857.97    0.0   2886     0 |    0.27  21.78   0.10  -1.17
0  3.81e+06  892.88 |  865.77    0.0   2886     0 |    0.27  22.26   0.05  -1.17
0  3.86e+06  892.88 |  875.08    0.0   2885     0 |    0.27  23.54   0.05  -1.18
0  3.91e+06  892.88 |  868.63    0.0   2886     0 |    0.28  22.95   0.03  -1.18
0  3.97e+06  892.88 |  869.19    0.0   2886     0 |    0.28  19.95   0.04  -1.18
0  4.02e+06  892.88 |  867.18    0.0   2886     0 |    0.27  21.80   0.02  -1.18
0  4.07e+06  892.88 |  848.42    0.0   2885     0 |    0.27  24.81   0.08  -1.18
0  4.12e+06  892.88 |  862.99    0.0   2885     0 |    0.27  23.49  -0.05  -1.17
0  4.17e+06  892.88 |  867.77    0.0   2886     0 |    0.27  24.19  -0.02  -1.17
0  4.23e+06  892.88 |  854.56    0.0   2886     0 |    0.27  24.62   0.01  -1.17
0  4.28e+06  892.88 |  848.47    0.0   2885     0 |    0.26  22.77   0.13  -1.17
0  4.33e+06  892.88 |  839.57    0.0   2885     0 |    0.27  24.62   0.05  -1.18
0  4.38e+06  892.88 |  854.70    0.0   2885     0 |    0.27  23.00  -0.02  -1.17
0  4.43e+06  892.88 |  845.26    0.0   2885     0 |    0.27  21.28   0.13  -1.16
0  4.49e+06  892.88 |  853.14    0.0   2886     0 |    0.27  24.23   0.02  -1.16
0  4.54e+06  892.88 |  852.66    0.0   2885     0 |    0.27  23.53  -0.08  -1.16
0  4.59e+06  892.88 |  857.27    0.0   2886     0 |    0.28  22.61   0.07  -1.16
0  4.64e+06  892.88 |  858.25    0.0   2885     0 |    0.28  22.39   0.14  -1.17
0  4.69e+06  892.88 |  858.19    0.0   2885     0 |    0.28  23.78   0.09  -1.16
0  4.74e+06  892.88 |  853.34    0.0   2885     0 |    0.27  23.98   0.05  -1.17
0  4.80e+06  892.88 |  869.37    0.0   2885     0 |    0.29  20.30   0.07  -1.17
0  4.85e+06  892.88 |  881.29    0.0   2885     0 |    0.29  20.14   0.07  -1.16
0  4.90e+06  892.88 |  890.30    0.0   2885     0 |    0.29  25.07   0.12  -1.17
0  4.95e+06  892.88 |  881.04    0.0   2885     0 |    0.29  23.37   0.12  -1.18
0  5.00e+06  892.88 |  874.36    0.0   2885     0 |    0.29  22.99   0.22  -1.17
0  5.06e+06  892.88 |  885.71    0.0   2885     0 |    0.28  24.76   0.19  -1.17
0  5.11e+06  892.88 |  881.29    0.0   2885     0 |    0.28  22.64  -0.01  -1.16
0  5.16e+06  892.88 |  884.46    0.0   2885     0 |    0.28  23.98   0.12  -1.16
0  5.21e+06  892.88 |  882.59    0.0   2885     0 |    0.28  24.73   0.08  -1.16
0  5.26e+06  892.88 |  886.38    0.0   2885     0 |    0.29  21.01  -0.04  -1.17
0  5.32e+06  892.88 |  889.06    0.0   2885     0 |    0.29  22.71   0.06  -1.18
0  5.37e+06  892.88 |  887.32    0.0   2885     0 |    0.28  21.25   0.12  -1.17
0  5.42e+06  902.74 |
成功率：98.9%, 提交量大于阈值的概率：1.18577%, 超供率：97.3%, 超供程度：78.9%, 超供平均值：5.3, 方差：410.4
0  5.42e+06  902.74 |  902.74    0.0   2885     0 |    0.29  21.12   0.14  -1.18
0  5.44e+06  903.46 |
成功率：98.8%, 提交量大于阈值的概率：1.18536%, 超供率：97.3%, 超供程度：78.8%, 超供平均值：5.3, 方差：412.2
0  5.44e+06  903.46 |  903.46    0.0   2885     0 |    0.29  22.15  -0.01  -1.18
0  5.47e+06  903.46 |  901.13    0.0   2885     0 |    0.29  24.19   0.09  -1.18
0  5.52e+06  903.46 |  887.49    0.0   2885     0 |    0.29  20.64   0.06  -1.18
0  5.57e+06  903.46 |  896.55    0.0   2885     0 |    0.29  23.04   0.12  -1.18
0  5.62e+06  903.46 |  901.17    0.0   2885     0 |    0.29  24.22   0.17  -1.17
0  5.67e+06  910.97 |
成功率：98.8%, 提交量大于阈值的概率：1.18701%, 超供率：97.3%, 超供程度：79.0%, 超供平均值：5.3, 方差：407.4
0  5.67e+06  910.97 |  910.97    0.0   2885     0 |    0.29  24.28   0.00  -1.17
0  5.70e+06  919.78 |
成功率：98.9%, 提交量大于阈值的概率：1.18646%, 超供率：97.3%, 超供程度：78.9%, 超供平均值：5.3, 方差：406.9
0  5.70e+06  919.78 |  919.78    0.0   2885     0 |    0.29  23.53   0.21  -1.17
0  5.72e+06  928.22 |
成功率：98.8%, 提交量大于阈值的概率：1.18165%, 超供率：97.3%, 超供程度：79.0%, 超供平均值：5.3, 方差：404.2
0  5.72e+06  928.22 |  928.22    0.0   2885     0 |    0.30  25.66   0.14  -1.17
0  5.74e+06  928.22 |  916.54    0.0   2885     0 |    0.30  24.45   0.14  -1.17
0  5.79e+06  928.22 |  920.79    0.0   2885     0 |    0.30  21.88  -0.07  -1.17
0  5.85e+06  928.22 |  915.74    0.0   2886     0 |    0.30  23.43   0.04  -1.17
0  5.90e+06  932.27 |
成功率：98.9%, 提交量大于阈值的概率：1.19455%, 超供率：97.3%, 超供程度：79.2%, 超供平均值：5.3, 方差：393.9
0  5.90e+06  932.27 |  932.27    0.0   2885     0 |    0.30  23.38   0.04  -1.17
0  5.92e+06  940.10 |
成功率：98.9%, 提交量大于阈值的概率：1.19490%, 超供率：97.3%, 超供程度：79.3%, 超供平均值：5.3, 方差：391.0
0  5.92e+06  940.10 |  940.10    0.0   2885     0 |    0.30  22.58   0.01  -1.17
0  5.94e+06  940.10 |  938.26    0.0   2886     0 |    0.30  24.32   0.04  -1.17
0  6.00e+06  940.10 |  931.07    0.0   2886     0 |    0.30  20.60   0.10  -1.17
0  6.05e+06  940.10 |  931.74    0.0   2886     0 |    0.31  19.95   0.01  -1.17
0  6.10e+06  940.10 |  934.43    0.0   2885     0 |    0.30  21.64   0.10  -1.18
0  6.15e+06  940.10 |  936.95    0.0   2886     0 |    0.31  21.83   0.13  -1.18
0  6.20e+06  940.34 |
成功率：98.9%, 提交量大于阈值的概率：1.19988%, 超供率：97.3%, 超供程度：79.3%, 超供平均值：5.3, 方差：404.3
0  6.20e+06  940.34 |  940.34    0.0   2886     0 |    0.31  19.35   0.01  -1.17
0  6.23e+06  944.52 |
成功率：98.9%, 提交量大于阈值的概率：1.20154%, 超供率：97.2%, 超供程度：79.2%, 超供平均值：5.3, 方差：408.4
0  6.23e+06  944.52 |  944.52    0.0   2886     0 |    0.31  21.30   0.08  -1.17
0  6.25e+06  948.18 |
成功率：98.9%, 提交量大于阈值的概率：1.20873%, 超供率：97.2%, 超供程度：79.1%, 超供平均值：5.3, 方差：411.6
0  6.25e+06  948.18 |  948.18    0.0   2886     0 |    0.31  21.34   0.10  -1.17
0  6.27e+06  948.18 |  939.78    0.0   2886     0 |    0.31  22.51   0.12  -1.18
0  6.33e+06  948.18 |  935.72    0.0   2886     0 |    0.31  21.49   0.06  -1.18
0  6.38e+06  948.18 |  944.79    0.0   2886     0 |    0.30  20.95  -0.01  -1.17
0  6.43e+06  948.18 |  932.24    0.0   2886     0 |    0.30  20.72   0.07  -1.17
0  6.48e+06  948.18 |  944.88    0.0   2886     0 |    0.30  22.51   0.06  -1.18
0  6.53e+06  949.02 |
成功率：98.9%, 提交量大于阈值的概率：1.20802%, 超供率：97.3%, 超供程度：79.2%, 超供平均值：5.3, 方差：409.3
0  6.53e+06  949.02 |  949.02    0.0   2886     0 |    0.30  21.85   0.16  -1.18
0  6.56e+06  949.02 |  944.23    0.0   2886     0 |    0.31  19.20  -0.01  -1.17
0  6.61e+06  949.02 |  922.32    0.0   2886     0 |    0.30  20.21  -0.00  -1.18
0  6.66e+06  949.02 |  932.93    0.0   2886     0 |    0.30  22.00   0.08  -1.17
0  6.71e+06  949.02 |  942.27    0.0   2886     0 |    0.31  22.74   0.02  -1.17
0  6.76e+06  949.02 |  940.22    0.0   2886     0 |    0.30  25.93   0.07  -1.17
0  6.82e+06  949.02 |  940.49    0.0   2886     0 |    0.30  22.52   0.08  -1.17
0  6.87e+06  949.02 |  944.03    0.0   2886     0 |    0.31  20.58   0.03  -1.17
0  6.92e+06  949.02 |  933.15    0.0   2886     0 |    0.30  24.62   0.09  -1.17
0  6.97e+06  949.02 |  935.70    0.0   2885     0 |    0.30  21.58   0.04  -1.16
0  7.02e+06  949.02 |  928.77    0.0   2885     0 |    0.30  22.11   0.03  -1.17
0  7.08e+06  949.02 |  922.64    0.0   2885     0 |    0.30  21.18   0.12  -1.16
0  7.13e+06  949.02 |  931.86    0.0   2885     0 |    0.30  21.95   0.03  -1.17
0  7.18e+06  949.02 |  932.84    0.0   2884     0 |    0.29  22.93   0.00  -1.17
0  7.23e+06  949.02 |  921.52    0.0   2885     0 |    0.30  22.10   0.13  -1.17
0  7.28e+06  949.02 |  919.04    0.0   2885     0 |    0.30  18.79   0.07  -1.17
0  7.34e+06  949.02 |  926.88    0.0   2884     0 |    0.30  21.52   0.09  -1.17
0  7.39e+06  949.02 |  922.73    0.0   2885     0 |    0.30  24.63   0.09  -1.18
0  7.44e+06  949.02 |  919.83    0.0   2885     0 |    0.30  20.08   0.13  -1.17
0  7.49e+06  949.02 |  926.16    0.0   2884     0 |    0.30  21.06   0.05  -1.18
0  7.54e+06  949.02 |  927.29    0.0   2884     0 |    0.31  22.29   0.02  -1.18
0  7.60e+06  949.02 |  929.70    0.0   2884     0 |    0.31  22.35  -0.02  -1.17
0  7.65e+06  949.02 |  931.34    0.0   2884     0 |    0.30  20.61   0.06  -1.17
0  7.70e+06  949.02 |  921.88    0.0   2884     0 |    0.30  23.70  -0.06  -1.16
0  7.75e+06  949.02 |  934.84    0.0   2886     0 |    0.31  22.92  -0.01  -1.15
0  7.80e+06  949.02 |  933.19    0.0   2886     0 |    0.31  20.72   0.05  -1.15
0  7.86e+06  949.02 |  931.92    0.0   2886     0 |    0.30  22.12   0.20  -1.16
0  7.91e+06  949.02 |  917.64    0.0   2886     0 |    0.30  23.25   0.12  -1.16
0  7.96e+06  949.02 |  920.00    0.0   2884     0 |    0.31  22.79   0.11  -1.16
0  8.01e+06  949.02 |  909.86    0.0   2885     0 |    0.30  21.36   0.05  -1.17
0  8.06e+06  949.02 |  913.76    0.0   2884     0 |    0.30  18.95   0.05  -1.17
0  8.11e+06  949.02 |  912.18    0.0   2885     0 |    0.30  20.80   0.15  -1.17
0  8.17e+06  949.02 |  910.76    0.0   2884     0 |    0.30  23.67   0.11  -1.17
0  8.22e+06  949.02 |  909.59    0.0   2884     0 |    0.30  20.82   0.10  -1.17
0  8.27e+06  949.02 |  924.91    0.0   2884     0 |    0.30  22.07   0.08  -1.16
0  8.32e+06  949.02 |  937.02    0.0   2884     0 |    0.31  21.65   0.03  -1.17
0  8.37e+06  949.02 |  938.74    0.0   2885     0 |    0.31  20.10   0.06  -1.16
0  8.43e+06  949.02 |  933.69    0.0   2885     0 |    0.30  22.84   0.11  -1.16
0  8.48e+06  949.02 |  924.17    0.0   2884     0 |    0.31  22.98   0.04  -1.17
0  8.53e+06  949.02 |  937.94    0.0   2885     0 |    0.31  19.30   0.03  -1.17
0  8.58e+06  953.96 |
成功率：98.8%, 提交量大于阈值的概率：1.21607%, 超供率：97.1%, 超供程度：79.0%, 超供平均值：5.3, 方差：412.5
0  8.58e+06  953.96 |  953.96    0.0   2884     0 |    0.32  19.49   0.13  -1.17
0  8.61e+06  953.96 |  950.81    0.0   2884     0 |    0.31  20.03   0.01  -1.17
0  8.66e+06  953.96 |  945.25    0.0   2884     0 |    0.31  24.76   0.14  -1.17
0  8.71e+06  955.76 |
成功率：98.9%, 提交量大于阈值的概率：1.20010%, 超供率：97.2%, 超供程度：78.6%, 超供平均值：5.3, 方差：435.5
0  8.71e+06  955.76 |  955.76    0.0   2885     0 |    0.31  23.26   0.03  -1.17
0  8.73e+06  959.14 |
成功率：98.9%, 提交量大于阈值的概率：1.20543%, 超供率：97.2%, 超供程度：78.7%, 超供平均值：5.3, 方差：428.1
0  8.73e+06  959.14 |  959.14    0.0   2885     0 |    0.32  19.02   0.08  -1.17
0  8.76e+06  959.14 |  946.97    0.0   2885     0 |    0.32  20.50   0.01  -1.17
0  8.81e+06  959.14 |  954.07    0.0   2885     0 |    0.31  20.25   0.09  -1.16
0  8.86e+06  959.14 |  950.30    0.0   2885     0 |    0.31  19.51   0.11  -1.16
0  8.91e+06  959.14 |  952.99    0.0   2884     0 |    0.31  22.12   0.06  -1.16
0  8.96e+06  959.14 |  954.72    0.0   2884     0 |    0.32  21.31   0.07  -1.16
0  9.01e+06  959.14 |  950.66    0.0   2884     0 |    0.32  19.01   0.08  -1.16
0  9.07e+06  959.14 |  950.22    0.0   2884     0 |    0.31  20.83   0.11  -1.16
0  9.12e+06  961.63 |
成功率：98.8%, 提交量大于阈值的概率：1.19778%, 超供率：97.2%, 超供程度：78.4%, 超供平均值：5.2, 方差：428.3
0  9.12e+06  961.63 |  961.63    0.0   2884     0 |    0.31  21.70  -0.00  -1.17
0  9.14e+06  963.25 |
成功率：98.7%, 提交量大于阈值的概率：1.19305%, 超供率：97.1%, 超供程度：78.5%, 超供平均值：5.2, 方差：427.7
0  9.14e+06  963.25 |  963.25    0.0   2884     0 |    0.32  18.61   0.13  -1.18
0  9.16e+06  963.56 |
成功率：98.8%, 提交量大于阈值的概率：1.19886%, 超供率：97.2%, 超供程度：78.5%, 超供平均值：5.2, 方差：423.0
0  9.16e+06  963.56 |  963.56    0.0   2884     0 |    0.32  20.68   0.12  -1.18
0  9.19e+06  966.49 |
成功率：98.7%, 提交量大于阈值的概率：1.19525%, 超供率：97.1%, 超供程度：78.3%, 超供平均值：5.2, 方差：430.9
0  9.19e+06  966.49 |  966.49    0.0   2884     0 |    0.32  23.44   0.12  -1.18
0  9.21e+06  966.49 |  959.06    0.0   2884     0 |    0.32  21.33   0.04  -1.18
0  9.26e+06  966.49 |  963.48    0.0   2884     0 |    0.32  22.11   0.17  -1.17
0  9.31e+06  966.49 |  947.45    0.0   2884     0 |    0.31  22.64   0.08  -1.17
0  9.37e+06  966.49 |  942.33    0.0   2884     0 |    0.31  22.15   0.02  -1.16
0  9.42e+06  966.49 |  939.46    0.0   2884     0 |    0.31  22.39   0.13  -1.16
