################################################################################
ID     Step    maxR |    avgR   stdR   avgS  stdS |    expR   objC   etc.
0  5.77e+03  672.92 |
成功率：98.6%, 提交量大于阈值的概率：1.20085%, 超供率：96.4%, 超供程度：83.8%, 超供平均值：5.7, 方差：394.2
0  5.77e+03  672.92 |  672.92    0.0   2887     0 |    0.08   2.65  -0.09  -0.50
0  2.31e+04  795.86 |
成功率：98.6%, 提交量大于阈值的概率：1.20802%, 超供率：96.2%, 超供程度：81.9%, 超供平均值：5.5, 方差：378.4
0  2.31e+04  795.86 |  795.86    0.0   2887     0 |    0.14   2.04   0.06  -0.50
0  4.04e+04  916.67 |
成功率：98.6%, 提交量大于阈值的概率：1.22032%, 超供率：96.1%, 超供程度：80.0%, 超供平均值：5.4, 方差：362.6
0  4.04e+04  916.67 |  916.67    0.0   2886     0 |    0.21   1.88   0.06  -0.51
0  5.77e+04 1016.61 |
成功率：98.3%, 提交量大于阈值的概率：1.23088%, 超供率：95.8%, 超供程度：78.4%, 超供平均值：5.3, 方差：347.9
0  5.77e+04 1016.61 | 1016.61    0.0   2886     0 |    0.24   2.19  -0.14  -0.51
0  7.50e+04 1120.00 |
成功率：98.0%, 提交量大于阈值的概率：1.24134%, 超供率：95.6%, 超供程度：76.8%, 超供平均值：5.2, 方差：337.3
0  7.50e+04 1120.00 | 1120.00    0.0   2886     0 |    0.29   1.96   0.03  -0.52
0  9.23e+04 1220.04 |
成功率：97.9%, 提交量大于阈值的概率：1.24169%, 超供率：95.3%, 超供程度：74.7%, 超供平均值：5.1, 方差：330.8
0  9.23e+04 1220.04 | 1220.04    0.0   2886     0 |    0.33   1.68   0.04  -0.54
0  1.10e+05 1355.64 |
成功率：97.3%, 提交量大于阈值的概率：1.23970%, 超供率：94.6%, 超供程度：72.3%, 超供平均值：4.9, 方差：319.0
0  1.10e+05 1355.64 | 1355.64    0.0   2886     0 |    0.37   1.51   0.11  -0.54
0  1.27e+05 1452.12 |
成功率：97.0%, 提交量大于阈值的概率：1.23409%, 超供率：94.0%, 超供程度：70.7%, 超供平均值：4.8, 方差：315.4
0  1.27e+05 1452.12 | 1452.12    0.0   2886     0 |    0.41   1.34   0.12  -0.55
0  1.44e+05 1533.74 |
成功率：96.7%, 提交量大于阈值的概率：1.23609%, 超供率：93.3%, 超供程度：69.2%, 超供平均值：4.7, 方差：310.3
0  1.44e+05 1533.74 | 1533.74    0.0   2886     0 |    0.44   1.39  -0.01  -0.56
0  1.62e+05 1641.00 |
成功率：96.2%, 提交量大于阈值的概率：1.23849%, 超供率：92.2%, 超供程度：67.5%, 超供平均值：4.6, 方差：302.2
0  1.62e+05 1641.00 | 1641.00    0.0   2886     0 |    0.47   1.29   0.08  -0.56
0  1.79e+05 1776.53 |
成功率：95.4%, 提交量大于阈值的概率：1.23128%, 超供率：90.8%, 超供程度：65.4%, 超供平均值：4.5, 方差：290.6
0  1.79e+05 1776.53 | 1776.53    0.0   2886     0 |    0.51   1.27  -0.00  -0.57
0  1.96e+05 1916.11 |
成功率：94.5%, 提交量大于阈值的概率：1.22862%, 超供率：89.4%, 超供程度：63.8%, 超供平均值：4.4, 方差：278.8
0  1.96e+05 1916.11 | 1916.11    0.0   2886     0 |    0.57   1.02   0.04  -0.58
0  2.14e+05 2060.53 |
成功率：93.4%, 提交量大于阈值的概率：1.23188%, 超供率：87.7%, 超供程度：62.7%, 超供平均值：4.3, 方差：261.9
0  2.14e+05 2060.53 | 2060.53    0.0   2886     0 |    0.61   1.15   0.08  -0.59
0  2.31e+05 2201.21 |
成功率：92.4%, 提交量大于阈值的概率：1.23340%, 超供率：86.1%, 超供程度：61.8%, 超供平均值：4.3, 方差：250.0
0  2.31e+05 2201.21 | 2201.21    0.0   2886     0 |    0.66   0.96   0.04  -0.60
0  2.48e+05 2479.93 |
成功率：90.2%, 提交量大于阈值的概率：1.23725%, 超供率：82.9%, 超供程度：60.4%, 超供平均值：4.2, 方差：216.9
0  2.48e+05 2479.93 | 2479.93    0.0   2886     0 |    0.72   0.96  -0.10  -0.61
0  2.66e+05 2733.84 |
成功率：88.1%, 提交量大于阈值的概率：1.22512%, 超供率：80.3%, 超供程度：60.0%, 超供平均值：4.1, 方差：189.5
0  2.66e+05 2733.84 | 2733.84    0.0   2887     0 |    0.81   0.94  -0.02  -0.63
0  2.83e+05 3075.86 |
成功率：85.3%, 提交量大于阈值的概率：1.24818%, 超供率：76.9%, 超供程度：59.7%, 超供平均值：4.1, 方差：154.3
0  2.83e+05 3075.86 | 3075.86    0.0   2887     0 |    0.90   0.75  -0.02  -0.63
0  3.00e+05 3376.14 |
成功率：82.2%, 提交量大于阈值的概率：1.16333%, 超供率：73.5%, 超供程度：59.2%, 超供平均值：4.1, 方差：123.6
0  3.00e+05 3376.14 | 3376.14    0.0   2886     0 |    0.99   0.67   0.03  -0.64
0  3.17e+05 3680.81 |
成功率：79.2%, 提交量大于阈值的概率：1.06171%, 超供率：70.5%, 超供程度：59.4%, 超供平均值：4.1, 方差：96.8
0  3.17e+05 3680.81 | 3680.81    0.0   2887     0 |    1.08   0.52   0.07  -0.66
0  3.35e+05 3885.33 |
成功率：77.3%, 提交量大于阈值的概率：0.91708%, 超供率：68.4%, 超供程度：59.5%, 超供平均值：4.1, 方差：81.8
0  3.35e+05 3885.33 | 3885.33    0.0   2887     0 |    1.13   0.42  -0.00  -0.68
0  3.52e+05 3994.29 |
成功率：76.1%, 提交量大于阈值的概率：0.69949%, 超供率：67.0%, 超供程度：59.6%, 超供平均值：4.1, 方差：73.4
0  3.52e+05 3994.29 | 3994.29    0.0   2887     0 |    1.18   0.42  -0.09  -0.70
0  3.69e+05 3994.29 | 3969.11    0.0   2887     0 |    1.20   0.41   0.03  -0.72
0  4.16e+05 3994.29 | 3965.65    0.0   2887     0 |    1.24   0.35  -0.03  -0.77
0  4.62e+05 4011.00 |
成功率：74.3%, 提交量大于阈值的概率：0.10430%, 超供率：61.5%, 超供程度：55.9%, 超供平均值：3.8, 方差：65.0
0  4.62e+05 4011.00 | 4011.00    0.0   2887     0 |    1.28   0.30   0.01  -0.81
0  4.79e+05 4093.27 |
成功率：74.8%, 提交量大于阈值的概率：0.18727%, 超供率：61.4%, 超供程度：55.7%, 超供平均值：3.8, 方差：68.0
0  4.79e+05 4093.27 | 4093.27    0.0   2887     0 |    1.29   0.33   0.01  -0.83
0  5.02e+05 4100.70 |
成功率：74.8%, 提交量大于阈值的概率：0.16325%, 超供率：60.8%, 超供程度：54.9%, 超供平均值：3.8, 方差：67.5
0  5.02e+05 4100.70 | 4100.70    0.0   2887     0 |    1.30   0.34   0.06  -0.85
0  5.20e+05 4100.70 | 4087.92    0.0   2887     0 |    1.31   0.33   0.02  -0.87
0  5.66e+05 4180.98 |
成功率：75.3%, 提交量大于阈值的概率：0.30036%, 超供率：59.7%, 超供程度：53.1%, 超供平均值：3.6, 方差：69.6
0  5.66e+05 4180.98 | 4180.98    0.0   2887     0 |    1.34   0.33  -0.03  -0.90
0  5.83e+05 4211.84 |
成功率：75.6%, 提交量大于阈值的概率：0.37444%, 超供率：59.7%, 超供程度：53.1%, 超供平均值：3.6, 方差：71.5
0  5.83e+05 4211.84 | 4211.84    0.0   2887     0 |    1.35   0.28   0.12  -0.92
0  6.00e+05 4211.84 | 4127.34    0.0   2887     0 |    1.35   0.30   0.13  -0.93
0  6.47e+05 4261.47 |
成功率：75.6%, 提交量大于阈值的概率：0.34953%, 超供率：58.4%, 超供程度：51.8%, 超供平均值：3.5, 方差：71.0
0  6.47e+05 4261.47 | 4261.47    0.0   2887     0 |    1.38   0.32   0.07  -0.96
0  6.64e+05 4284.77 |
成功率：76.1%, 提交量大于阈值的概率：0.56918%, 超供率：58.4%, 超供程度：51.3%, 超供平均值：3.5, 方差：73.2
0  6.64e+05 4284.77 | 4284.77    0.0   2887     0 |    1.39   0.32   0.08  -0.98
0  6.81e+05 4294.62 |
成功率：75.9%, 提交量大于阈值的概率：0.43931%, 超供率：57.8%, 超供程度：50.9%, 超供平均值：3.5, 方差：71.5
0  6.81e+05 4294.62 | 4294.62    0.0   2887     0 |    1.40   0.32   0.10  -0.99
0  6.99e+05 4294.62 | 4293.93    0.0   2887     0 |    1.40   0.30   0.12  -1.00
0  7.45e+05 4294.62 | 4249.16    0.0   2887     0 |    1.40   0.32   0.07  -1.02
0  7.91e+05 4294.62 | 4284.14    0.0   2887     0 |    1.42   0.30  -0.05  -1.04
0  8.37e+05 4303.86 |
成功率：76.0%, 提交量大于阈值的概率：0.48640%, 超供率：57.5%, 超供程度：50.9%, 超供平均值：3.5, 方差：73.1
0  8.37e+05 4303.86 | 4303.86    0.0   2887     0 |    1.42   0.29   0.01  -1.06
0  8.54e+05 4306.22 |
成功率：75.7%, 提交量大于阈值的概率：0.34393%, 超供率：56.9%, 超供程度：50.4%, 超供平均值：3.4, 方差：71.0
0  8.54e+05 4306.22 | 4306.22    0.0   2887     0 |    1.43   0.27   0.08  -1.07
0  8.72e+05 4326.94 |
成功率：76.5%, 提交量大于阈值的概率：0.71498%, 超供率：57.7%, 超供程度：50.7%, 超供平均值：3.5, 方差：75.2
0  8.72e+05 4326.94 | 4326.94    0.0   2887     0 |    1.43   0.29   0.04  -1.08
0  8.89e+05 4326.94 | 4287.06    0.0   2887     0 |    1.43   0.27  -0.00  -1.09
0  9.35e+05 4326.94 | 4276.64    0.0   2887     0 |    1.44   0.30  -0.01  -1.11
0  9.81e+05 4326.94 | 4291.59    0.0   2887     0 |    1.44   0.30   0.20  -1.13
0  1.03e+06 4353.27 |
成功率：76.3%, 提交量大于阈值的概率：0.64851%, 超供率：55.9%, 超供程度：49.0%, 超供平均值：3.3, 方差：74.2
0  1.03e+06 4353.27 | 4353.27    0.0   2887     0 |    1.46   0.29   0.12  -1.14
0  1.04e+06 4353.27 | 4344.05    0.0   2887     0 |    1.46   0.29  -0.06  -1.15
0  1.09e+06 4357.34 |
成功率：75.9%, 提交量大于阈值的概率：0.41384%, 超供率：55.2%, 超供程度：48.6%, 超供平均值：3.3, 方差：72.3
0  1.09e+06 4357.34 | 4357.34    0.0   2887     0 |    1.47   0.25  -0.02  -1.16
0  1.11e+06 4374.02 |
成功率：76.3%, 提交量大于阈值的概率：0.62494%, 超供率：55.5%, 超供程度：48.1%, 超供平均值：3.3, 方差：73.3
0  1.11e+06 4374.02 | 4374.02    0.0   2887     0 |    1.47   0.28  -0.01  -1.17
0  1.13e+06 4382.56 |
成功率：76.2%, 提交量大于阈值的概率：0.58460%, 超供率：55.5%, 超供程度：48.1%, 超供平均值：3.3, 方差：73.2
0  1.13e+06 4382.56 | 4382.56    0.0   2887     0 |    1.47   0.25  -0.00  -1.17
0  1.14e+06 4382.56 | 4378.59    0.0   2887     0 |    1.47   0.25   0.00  -1.17
0  1.19e+06 4382.56 | 4372.35    0.0   2887     0 |    1.47   0.23  -0.05  -1.18
0  1.24e+06 4382.56 | 4370.33    0.0   2887     0 |    1.48   0.26   0.04  -1.18
0  1.28e+06 4399.79 |
成功率：76.3%, 提交量大于阈值的概率：0.60589%, 超供率：55.0%, 超供程度：47.7%, 超供平均值：3.3, 方差：73.8
0  1.28e+06 4399.79 | 4399.79    0.0   2887     0 |    1.48   0.27   0.14  -1.18
0  1.30e+06 4399.79 | 4397.71    0.0   2887     0 |    1.48   0.26   0.13  -1.18
0  1.35e+06 4399.79 | 4396.16    0.0   2887     0 |    1.48   0.24  -0.01  -1.19
0  1.39e+06 4399.79 | 4395.95    0.0   2887     0 |    1.49   0.24   0.08  -1.19
0  1.44e+06 4399.79 | 4343.59    0.0   2887     0 |    1.47   0.23  -0.02  -1.19
0  1.48e+06 4399.79 | 4371.36    0.0   2887     0 |    1.48   0.23  -0.08  -1.19
0  1.53e+06 4403.79 |
成功率：76.0%, 提交量大于阈值的概率：0.47052%, 超供率：54.3%, 超供程度：47.2%, 超供平均值：3.2, 方差：73.1
0  1.53e+06 4403.79 | 4403.79    0.0   2887     0 |    1.49   0.24   0.04  -1.18
0  1.55e+06 4403.79 | 4402.98    0.0   2887     0 |    1.49   0.24  -0.05  -1.18
0  1.59e+06 4417.12 |
成功率：76.2%, 提交量大于阈值的概率：0.53075%, 超供率：53.9%, 超供程度：46.3%, 超供平均值：3.2, 方差：72.6
0  1.59e+06 4417.12 | 4417.12    0.0   2887     0 |    1.50   0.26   0.09  -1.17
0  1.61e+06 4417.12 | 4008.81    0.0   2887     0 |    1.38   0.24  -0.13  -1.17
0  1.66e+06 4417.12 | 4226.26    0.0   2887     0 |    1.45   0.26  -0.11  -1.16
0  1.70e+06 4436.06 |
成功率：75.7%, 提交量大于阈值的概率：0.37288%, 超供率：48.0%, 超供程度：42.3%, 超供平均值：2.9, 方差：70.3
0  1.70e+06 4436.06 | 4436.06    0.0   2887     0 |    1.51   0.22   0.01  -1.16
0  1.72e+06 4469.77 |
成功率：76.0%, 提交量大于阈值的概率：0.45484%, 超供率：48.1%, 超供程度：42.2%, 超供平均值：2.9, 方差：71.4
0  1.72e+06 4469.77 | 4469.77    0.0   2887     0 |    1.51   0.25   0.08  -1.16
0  1.74e+06 4485.96 |
成功率：76.2%, 提交量大于阈值的概率：0.54229%, 超供率：48.7%, 超供程度：42.4%, 超供平均值：2.9, 方差：72.6
0  1.74e+06 4485.96 | 4485.96    0.0   2887     0 |    1.51   0.23   0.09  -1.16
0  1.76e+06 4492.72 |
成功率：76.5%, 提交量大于阈值的概率：0.68523%, 超供率：48.7%, 超供程度：42.3%, 超供平均值：2.9, 方差：74.2
0  1.76e+06 4492.72 | 4492.72    0.0   2887     0 |    1.52   0.22  -0.01  -1.16
0  1.77e+06 4492.72 | 4487.55    0.0   2887     0 |    1.53   0.27   0.08  -1.17
0  1.82e+06 4492.72 | 4491.35    0.0   2887     0 |    1.52   0.25   0.10  -1.17
0  1.86e+06 4492.72 | 4480.01    0.0   2887     0 |    1.53   0.24   0.13  -1.16
0  1.91e+06 4492.72 | 4442.70    0.0   2887     0 |    1.52   0.26  -0.02  -1.16
0  1.96e+06 4492.72 | 4469.76    0.0   2887     0 |    1.52   0.22  -0.03  -1.16
0  2.00e+06 4492.72 | 4488.68    0.0   2887     0 |    1.53   0.23   0.07  -1.17
0  2.05e+06 4503.90 |
成功率：75.9%, 提交量大于阈值的概率：0.36952%, 超供率：46.9%, 超供程度：41.1%, 超供平均值：2.8, 方差：69.9
0  2.05e+06 4503.90 | 4503.90    0.0   2887     0 |    1.53   0.22   0.02  -1.17
0  2.07e+06 4503.90 | 4493.54    0.0   2887     0 |    1.54   0.28   0.04  -1.17
0  2.11e+06 4517.84 |
成功率：75.9%, 提交量大于阈值的概率：0.41603%, 超供率：46.9%, 超供程度：40.2%, 超供平均值：2.7, 方差：68.1
0  2.11e+06 4517.84 | 4517.84    0.0   2887     0 |    1.54   0.19   0.07  -1.17
0  2.13e+06 4519.97 |
成功率：76.1%, 提交量大于阈值的概率：0.49387%, 超供率：47.2%, 超供程度：40.8%, 超供平均值：2.8, 方差：70.0
0  2.13e+06 4519.97 | 4519.97    0.0   2887     0 |    1.54   0.26   0.06  -1.17
0  2.15e+06 4519.97 | 4508.95    0.0   2887     0 |    1.54   0.22  -0.02  -1.17
0  2.19e+06 4519.97 | 4506.27    0.0   2887     0 |    1.54   0.23   0.15  -1.17
0  2.24e+06 4521.35 |
成功率：76.3%, 提交量大于阈值的概率：0.58830%, 超供率：47.5%, 超供程度：41.0%, 超供平均值：2.8, 方差：71.6
0  2.24e+06 4521.35 | 4521.35    0.0   2887     0 |    1.54   0.21   0.03  -1.15
0  2.26e+06 4521.35 | 4517.76    0.0   2887     0 |    1.54   0.24  -0.05  -1.15
0  2.30e+06 4521.35 | 4501.25    0.0   2887     0 |    1.54   0.25   0.10  -1.16
0  2.35e+06 4521.73 |
成功率：76.0%, 提交量大于阈值的概率：0.41901%, 超供率：47.1%, 超供程度：40.6%, 超供平均值：2.8, 方差：69.4
0  2.35e+06 4521.73 | 4521.73    0.0   2887     0 |    1.54   0.22   0.07  -1.15
0  2.37e+06 4521.73 | 4516.15    0.0   2887     0 |    1.54   0.22   0.06  -1.15
0  2.41e+06 4521.73 | 4495.30    0.0   2887     0 |    1.54   0.22  -0.07  -1.15
0  2.46e+06 4534.80 |
成功率：76.2%, 提交量大于阈值的概率：0.55742%, 超供率：46.5%, 超供程度：39.9%, 超供平均值：2.7, 方差：70.8
0  2.46e+06 4534.80 | 4534.80    0.0   2887     0 |    1.54   0.22   0.02  -1.14
0  2.48e+06 4534.80 | 4532.35    0.0   2887     0 |    1.55   0.21   0.05  -1.15
0  2.52e+06 4538.05 |
成功率：76.1%, 提交量大于阈值的概率：0.47428%, 超供率：46.8%, 超供程度：40.4%, 超供平均值：2.7, 方差：70.8
0  2.52e+06 4538.05 | 4538.05    0.0   2887     0 |    1.55   0.25   0.05  -1.15
0  2.54e+06 4545.42 |
成功率：76.2%, 提交量大于阈值的概率：0.52535%, 超供率：46.9%, 超供程度：40.3%, 超供平均值：2.7, 方差：71.0
0  2.54e+06 4545.42 | 4545.42    0.0   2887     0 |    1.55   0.23   0.12  -1.16
0  2.56e+06 4545.42 | 4535.75    0.0   2887     0 |    1.55   0.21   0.07  -1.16
0  2.60e+06 4545.42 | 3221.13    0.0   2887     0 |    1.09   0.48   0.14  -1.16
0  2.65e+06 4545.42 | 3513.69    0.0   2887     0 |    1.20   0.39   0.10  -1.16
0  2.70e+06 4545.42 | 3792.42    0.0   2887     0 |    1.30   0.40   0.10  -1.16
0  2.74e+06 4545.42 | 3993.38    0.0   2887     0 |    1.36   0.32   0.12  -1.15
0  2.79e+06 4545.42 | 4091.20    0.0   2887     0 |    1.40   0.28   0.08  -1.16
0  2.83e+06 4545.42 | 4207.93    0.0   2887     0 |    1.43   0.34   0.12  -1.16
0  2.88e+06 4545.42 | 4295.52    0.0   2887     0 |    1.47   0.34   0.09  -1.16
0  2.93e+06 4545.42 | 4308.73    0.0   2887     0 |    1.47   0.28   0.07  -1.16
0  2.97e+06 4545.42 | 4340.33    0.0   2887     0 |    1.48   0.26   0.06  -1.17
0  3.02e+06 4545.42 | 4409.01    0.0   2887     0 |    1.50   0.26   0.04  -1.17
0  3.07e+06 4545.42 | 4438.54    0.0   2887     0 |    1.51   0.23   0.11  -1.16
0  3.11e+06 4545.42 | 4443.75    0.0   2887     0 |    1.52   0.20   0.06  -1.16
0  3.16e+06 4545.42 | 4459.32    0.0   2887     0 |    1.52   0.19   0.08  -1.17
0  3.20e+06 4545.42 | 4444.90    0.0   2887     0 |    1.52   0.23   0.15  -1.17
0  3.25e+06 4545.42 | 4461.36    0.0   2887     0 |    1.52   0.23  -0.05  -1.17
0  3.30e+06 4545.42 | 4442.35    0.0   2887     0 |    1.52   0.21   0.08  -1.16
0  3.34e+06 4545.42 | 4470.82    0.0   2887     0 |    1.53   0.27   0.01  -1.16
0  3.39e+06 4545.42 | 4477.32    0.0   2887     0 |    1.53   0.22   0.03  -1.16
0  3.44e+06 4545.42 | 4478.79    0.0   2887     0 |    1.53   0.21   0.16  -1.16
0  3.48e+06 4545.42 | 4485.85    0.0   2887     0 |    1.53   0.20   0.07  -1.16
0  3.53e+06 4545.42 | 4482.96    0.0   2887     0 |    1.53   0.21   0.09  -1.17
0  3.57e+06 4545.42 | 4490.78    0.0   2887     0 |    1.53   0.20   0.00  -1.17
0  3.62e+06 4545.42 | 4484.95    0.0   2887     0 |    1.53   0.15  -0.05  -1.16
0  3.67e+06 4545.42 | 4482.04    0.0   2887     0 |    1.54   0.21   0.12  -1.17
0  3.71e+06 4545.42 | 4488.09    0.0   2887     0 |    1.54   0.20   0.05  -1.16
0  3.76e+06 4545.42 | 4493.63    0.0   2887     0 |    1.53   0.26   0.03  -1.16
0  3.80e+06 4545.42 | 4495.88    0.0   2887     0 |    1.54   0.19   0.03  -1.16
0  3.85e+06 4545.42 | 4464.94    0.0   2887     0 |    1.53   0.20   0.05  -1.17
0  3.90e+06 4545.42 | 4482.00    0.0   2887     0 |    1.53   0.21   0.09  -1.18
0  3.94e+06 4545.42 | 4503.00    0.0   2887     0 |    1.54   0.18  -0.05  -1.18
0  3.99e+06 4545.42 | 4510.90    0.0   2887     0 |    1.54   0.18   0.07  -1.17
0  4.04e+06 4545.42 | 4513.06    0.0   2887     0 |    1.55   0.16   0.02  -1.17
0  4.08e+06 4545.42 | 4527.09    0.0   2887     0 |    1.55   0.18   0.02  -1.17
0  4.13e+06 4545.42 | 4507.55    0.0   2887     0 |    1.55   0.19   0.07  -1.16
0  4.17e+06 4545.42 | 4538.25    0.0   2887     0 |    1.55   0.21   0.18  -1.16
0  4.22e+06 4545.42 | 4543.97    0.0   2887     0 |    1.55   0.21  -0.12  -1.15
0  4.27e+06 4545.42 | 4541.27    0.0   2887     0 |    1.55   0.19   0.08  -1.16
0  4.31e+06 4545.42 | 4536.64    0.0   2887     0 |    1.55   0.17   0.09  -1.15
0  4.36e+06 4545.42 | 4540.64    0.0   2887     0 |    1.55   0.21   0.04  -1.15
0  4.41e+06 4545.42 | 4538.20    0.0   2887     0 |    1.55   0.20   0.07  -1.15
0  4.45e+06 4549.39 |
成功率：76.4%, 提交量大于阈值的概率：0.57345%, 超供率：49.2%, 超供程度：40.4%, 超供平均值：2.7, 方差：72.6
0  4.45e+06 4549.39 | 4549.39    0.0   2887     0 |    1.56   0.16  -0.07  -1.14
0  4.47e+06 4555.75 |
成功率：76.2%, 提交量大于阈值的概率：0.49214%, 超供率：48.9%, 超供程度：40.5%, 超供平均值：2.8, 方差：72.5
0  4.47e+06 4555.75 | 4555.75    0.0   2887     0 |    1.56   0.18   0.05  -1.14
0  4.49e+06 4555.75 | 4554.28    0.0   2887     0 |    1.56   0.19   0.03  -1.14
0  4.53e+06 4555.75 | 4366.13    0.0   2887     0 |    1.50   0.19  -0.12  -1.15
0  4.58e+06 4555.75 | 4431.65    0.0   2887     0 |    1.52   0.16   0.01  -1.15
0  4.62e+06 4555.75 | 4527.49    0.0   2887     0 |    1.56   0.20   0.08  -1.14
0  4.67e+06 4559.90 |
成功率：77.5%, 提交量大于阈值的概率：0.97498%, 超供率：42.2%, 超供程度：34.7%, 超供平均值：2.3, 方差：79.5
0  4.67e+06 4559.90 | 4559.90    0.0   2887     0 |    1.57   0.13   0.04  -1.14
0  4.69e+06 4570.06 |
成功率：77.5%, 提交量大于阈值的概率：0.97793%, 超供率：42.2%, 超供程度：34.5%, 超供平均值：2.3, 方差：79.0
0  4.69e+06 4570.06 | 4570.06    0.0   2887     0 |    1.57   0.17   0.03  -1.13
0  4.71e+06 4572.62 |
成功率：77.6%, 提交量大于阈值的概率：1.01666%, 超供率：42.2%, 超供程度：34.7%, 超供平均值：2.3, 方差：80.0
0  4.71e+06 4572.62 | 4572.62    0.0   2887     0 |    1.57   0.17   0.06  -1.13
0  4.72e+06 4599.06 |
成功率：77.3%, 提交量大于阈值的概率：0.93464%, 超供率：41.9%, 超供程度：34.6%, 超供平均值：2.3, 方差：77.6
0  4.72e+06 4599.06 | 4599.06    0.0   2887     0 |    1.58   0.21   0.05  -1.13
0  4.74e+06 4599.06 | 4597.16    0.0   2887     0 |    1.58   0.17  -0.01  -1.12
0  4.79e+06 4620.35 |
成功率：76.9%, 提交量大于阈值的概率：0.79039%, 超供率：40.9%, 超供程度：34.2%, 超供平均值：2.3, 方差：75.4
0  4.79e+06 4620.35 | 4620.35    0.0   2887     0 |    1.59   0.19   0.05  -1.12
0  4.80e+06 4620.35 | 4618.92    0.0   2887     0 |    1.59   0.20   0.11  -1.12
0  4.85e+06 4620.35 | 3715.10    0.0   2887     0 |    1.28   0.20   0.01  -1.12
0  4.90e+06 4620.35 | 3817.65    0.0   2887     0 |    1.32   0.19   0.05  -1.13
0  4.94e+06 4620.35 | 3933.27    0.0   2887     0 |    1.34   0.19   0.01  -1.13
0  4.99e+06 4620.35 | 4026.37    0.0   2887     0 |    1.39   0.21  -0.09  -1.13
0  5.03e+06 4620.35 | 4140.75    0.0   2887     0 |    1.42   0.20  -0.05  -1.13
0  5.08e+06 4620.35 | 4244.94    0.0   2887     0 |    1.46   0.20  -0.01  -1.13
0  5.13e+06 4620.35 | 4328.29    0.0   2887     0 |    1.48   0.17  -0.10  -1.14
0  5.17e+06 4620.35 | 4422.78    0.0   2887     0 |    1.52   0.18   0.07  -1.14
0  5.22e+06 4620.35 | 4463.40    0.0   2887     0 |    1.53   0.18   0.11  -1.14
0  5.27e+06 4620.35 | 3247.15    0.0   2887     0 |    1.11   0.31   0.11  -1.14
0  5.31e+06 4620.35 | 3409.72    0.0   2887     0 |    1.16   0.25   0.03  -1.14
0  5.36e+06 4620.35 | 3484.83    0.0   2887     0 |    1.19   0.26   0.08  -1.14
0  5.40e+06 4620.35 | 3606.84    0.0   2887     0 |    1.24   0.23   0.08  -1.14
0  5.45e+06 4620.35 | 3708.50    0.0   2887     0 |    1.27   0.26   0.06  -1.15
0  5.50e+06 4620.35 | 3796.02    0.0   2887     0 |    1.31   0.22  -0.06  -1.15
0  5.54e+06 4620.35 | 3937.08    0.0   2887     0 |    1.36   0.22   0.08  -1.15
0  5.59e+06 4620.35 | 4022.74    0.0   2887     0 |    1.38   0.23  -0.02  -1.14
0  5.64e+06 4620.35 | 4109.50    0.0   2887     0 |    1.41   0.25   0.13  -1.14
0  5.68e+06 4620.35 | 4159.51    0.0   2887     0 |    1.43   0.23   0.01  -1.14
0  5.73e+06 4620.35 | 4259.93    0.0   2887     0 |    1.46   0.21   0.17  -1.14
0  5.77e+06 4620.35 | 4416.16    0.0   2887     0 |    1.48   0.23  -0.11  -1.14
0  5.82e+06 4620.35 | 4360.71    0.0   2887     0 |    1.50   0.17   0.04  -1.14
0  5.87e+06 4620.35 | 4089.50    0.0   2887     0 |    1.40   0.20   0.15  -1.15
0  5.91e+06 4620.35 | 4164.69    0.0   2887     0 |    1.43   0.21   0.05  -1.15
0  5.96e+06 4620.35 | 4096.75    0.0   2887     0 |    1.40   0.24  -0.16  -1.15
0  6.00e+06 4620.35 | 4184.50    0.0   2887     0 |    1.44   0.18   0.10  -1.14
0  6.05e+06 4620.35 | 4300.62    0.0   2887     0 |    1.48   0.19   0.13  -1.13
0  6.10e+06 4620.35 | 4416.68    0.0   2887     0 |    1.52   0.20   0.07  -1.13
0  6.14e+06 4620.35 | 4469.44    0.0   2887     0 |    1.53   0.18  -0.04  -1.14
0  6.19e+06 4620.35 | 4515.63    0.0   2887     0 |    1.55   0.15   0.04  -1.14
0  6.24e+06 4620.35 | 4561.92    0.0   2887     0 |    1.57   0.19  -0.03  -1.14
0  6.28e+06 4620.35 | 4588.28    0.0   2887     0 |    1.57   0.12   0.07  -1.15
0  6.33e+06 4620.35 | 4615.18    0.0   2887     0 |    1.58   0.13  -0.10  -1.15
0  6.37e+06 4638.88 |
成功率：76.8%, 提交量大于阈值的概率：0.74961%, 超供率：42.6%, 超供程度：34.7%, 超供平均值：2.3, 方差：74.7
0  6.37e+06 4638.88 | 4638.88    0.0   2887     0 |    1.59   0.18  -0.02  -1.15
0  6.39e+06 4639.10 |
成功率：76.6%, 提交量大于阈值的概率：0.69072%, 超供率：42.5%, 超供程度：34.6%, 超供平均值：2.3, 方差：73.7
0  6.39e+06 4639.10 | 4639.10    0.0   2887     0 |    1.59   0.17  -0.05  -1.15
0  6.41e+06 4648.64 |
成功率：76.6%, 提交量大于阈值的概率：0.68641%, 超供率：42.0%, 超供程度：34.3%, 超供平均值：2.3, 方差：73.6
0  6.41e+06 4648.64 | 4648.64    0.0   2887     0 |    1.59   0.17   0.10  -1.14
0  6.43e+06 4657.47 |
成功率：76.6%, 提交量大于阈值的概率：0.69691%, 超供率：41.8%, 超供程度：34.1%, 超供平均值：2.3, 方差：73.3
0  6.43e+06 4657.47 | 4657.47    0.0   2887     0 |    1.59   0.20   0.10  -1.14
0  6.44e+06 4657.47 | 4655.31    0.0   2887     0 |    1.59   0.15   0.05  -1.14
0  6.49e+06 4664.45 |
成功率：76.4%, 提交量大于阈值的概率：0.57749%, 超供率：41.7%, 超供程度：34.3%, 超供平均值：2.3, 方差：72.2
0  6.49e+06 4664.45 | 4664.45    0.0   2887     0 |    1.60   0.20   0.01  -1.14
0  6.51e+06 4664.45 | 4660.35    0.0   2887     0 |    1.60   0.16   0.01  -1.14
0  6.55e+06 4664.45 | 4661.06    0.0   2887     0 |    1.60   0.16   0.03  -1.14
0  6.60e+06 4667.78 |
成功率：76.1%, 提交量大于阈值的概率：0.42952%, 超供率：40.9%, 超供程度：33.6%, 超供平均值：2.3, 方差：70.5
0  6.60e+06 4667.78 | 4667.78    0.0   2887     0 |    1.60   0.12   0.03  -1.14
0  6.62e+06 4673.84 |
成功率：76.1%, 提交量大于阈值的概率：0.43109%, 超供率：40.9%, 超供程度：33.6%, 超供平均值：2.3, 方差：70.4
0  6.62e+06 4673.84 | 4673.84    0.0   2887     0 |    1.60   0.17   0.08  -1.14
0  6.63e+06 4673.84 | 4670.29    0.0   2887     0 |    1.60   0.15  -0.06  -1.15
0  6.68e+06 4687.08 |
成功率：76.5%, 提交量大于阈值的概率：0.61580%, 超供率：41.3%, 超供程度：34.0%, 超供平均值：2.3, 方差：72.7
0  6.68e+06 4687.08 | 4687.08    0.0   2887     0 |    1.61   0.19   0.00  -1.15
0  6.70e+06 4687.08 | 4683.17    0.0   2887     0 |    1.61   0.15   0.06  -1.14
0  6.74e+06 4689.25 |
成功率：76.4%, 提交量大于阈值的概率：0.52186%, 超供率：41.2%, 超供程度：34.2%, 超供平均值：2.3, 方差：72.3
0  6.74e+06 4689.25 | 4689.25    0.0   2887     0 |    1.61   0.15   0.08  -1.14
0  6.76e+06 4699.67 |
成功率：76.4%, 提交量大于阈值的概率：0.52344%, 超供率：41.0%, 超供程度：33.9%, 超供平均值：2.3, 方差：72.0
0  6.76e+06 4699.67 | 4699.67    0.0   2887     0 |    1.61   0.15   0.00  -1.14
0  6.78e+06 4702.53 |
成功率：76.5%, 提交量大于阈值的概率：0.56507%, 超供率：41.1%, 超供程度：33.9%, 超供平均值：2.3, 方差：72.3
0  6.78e+06 4702.53 | 4702.53    0.0   2887     0 |    1.61   0.13   0.03  -1.14
0  6.80e+06 4704.91 |
成功率：76.6%, 提交量大于阈值的概率：0.63341%, 超供率：41.1%, 超供程度：33.9%, 超供平均值：2.3, 方差：72.9
0  6.80e+06 4704.91 | 4704.91    0.0   2887     0 |    1.61   0.15   0.10  -1.14
0  6.81e+06 4704.91 | 4701.64    0.0   2887     0 |    1.61   0.19   0.04  -1.14
0  6.86e+06 4704.91 | 4676.07    0.0   2887     0 |    1.61   0.17  -0.10  -1.14
0  6.91e+06 4706.09 |
成功率：76.7%, 提交量大于阈值的概率：0.77150%, 超供率：36.4%, 超供程度：31.2%, 超供平均值：2.1, 方差：73.6
0  6.91e+06 4706.09 | 4706.09    0.0   2887     0 |    1.62   0.11   0.10  -1.15
0  6.92e+06 4709.57 |
成功率：76.4%, 提交量大于阈值的概率：0.63736%, 超供率：36.0%, 超供程度：30.9%, 超供平均值：2.1, 方差：71.9
0  6.92e+06 4709.57 | 4709.57    0.0   2887     0 |    1.62   0.18   0.05  -1.14
0  6.94e+06 4720.53 |
成功率：76.6%, 提交量大于阈值的概率：0.73314%, 超供率：36.1%, 超供程度：30.9%, 超供平均值：2.1, 方差：73.2
0  6.94e+06 4720.53 | 4720.53    0.0   2887     0 |    1.62   0.12   0.09  -1.14
0  6.96e+06 4729.94 |
成功率：76.7%, 提交量大于阈值的概率：0.77294%, 超供率：36.0%, 超供程度：30.6%, 超供平均值：2.1, 方差：73.3
0  6.96e+06 4729.94 | 4729.94    0.0   2887     0 |    1.62   0.14  -0.06  -1.14
0  6.97e+06 4737.84 |
成功率：76.6%, 提交量大于阈值的概率：0.69545%, 超供率：36.0%, 超供程度：30.9%, 超供平均值：2.1, 方差：73.2
0  6.97e+06 4737.84 | 4737.84    0.0   2887     0 |    1.63   0.17   0.06  -1.14
0  6.99e+06 4737.84 | 4736.84    0.0   2887     0 |    1.63   0.13   0.06  -1.14
0  7.04e+06 4737.84 | 4572.11    0.0   2887     0 |    1.58   0.18  -0.02  -1.14
0  7.08e+06 4737.84 | 4652.02    0.0   2887     0 |    1.60   0.17   0.08  -1.14
0  7.13e+06 4737.84 | 4718.35    0.0   2887     0 |    1.62   0.14   0.02  -1.14
0  7.18e+06 4755.41 |
成功率：76.8%, 提交量大于阈值的概率：0.77632%, 超供率：33.7%, 超供程度：29.0%, 超供平均值：1.9, 方差：74.0
0  7.18e+06 4755.41 | 4755.41    0.0   2887     0 |    1.63   0.16  -0.10  -1.13
0  7.19e+06 4766.88 |
成功率：76.7%, 提交量大于阈值的概率：0.74527%, 超供率：33.3%, 超供程度：28.5%, 超供平均值：1.9, 方差：73.1
0  7.19e+06 4766.88 | 4766.88    0.0   2887     0 |    1.64   0.13   0.00  -1.14
0  7.21e+06 4766.88 | 4766.11    0.0   2887     0 |    1.64   0.14   0.09  -1.13
0  7.26e+06 4766.88 | 4521.86    0.0   2887     0 |    1.64   0.14  -0.18  -1.14
0  7.30e+06 4766.88 | 4678.44    0.0   2887     0 |    1.61   0.17   0.19  -1.14
0  7.35e+06 4766.88 | 4709.06    0.0   2887     0 |    1.62   0.17   0.06  -1.15
0  7.40e+06 4766.88 | 4729.63    0.0   2887     0 |    1.62   0.13   0.05  -1.14
0  7.44e+06 4766.88 | 4738.56    0.0   2887     0 |    1.63   0.12   0.04  -1.15
0  7.49e+06 4766.88 | 4751.55    0.0   2887     0 |    1.63   0.16   0.05  -1.15
0  7.53e+06 4766.88 | 4750.70    0.0   2887     0 |    1.63   0.16   0.09  -1.14
0  7.58e+06 4766.88 | 4645.68    0.0   2887     0 |    1.60   0.11   0.12  -1.15
