################################################################################
ID     Step    maxR |    avgR   stdR   avgS  stdS |    expR   objC   etc.
0  5.77e+03 4082.44 |
成功率：99.3%, 提交量大于阈值的概率：0.07286%, 超供率：95.8%, 超供程度：82.8%, 超供平均值：5.6, 方差：99.2
0  5.77e+03 4082.44 | 4082.44    0.0   2886     0 |    1.34   1.28   0.05  -0.50
0  5.77e+04 4146.76 |
成功率：99.9%, 提交量大于阈值的概率：0.05692%, 超供率：96.4%, 超供程度：83.6%, 超供平均值：5.7, 方差：100.9
0  5.77e+04 4146.76 | 4146.76    0.0   2886     0 |    1.36   1.05  -0.00  -0.52
0  1.10e+05 4153.43 |
成功率：99.9%, 提交量大于阈值的概率：0.03363%, 超供率：97.1%, 超供程度：84.9%, 超供平均值：5.7, 方差：102.0
0  1.10e+05 4153.43 | 4153.43    0.0   2886     0 |    1.38   1.04   0.09  -0.52
0  1.62e+05 4156.56 |
成功率：99.9%, 提交量大于阈值的概率：0.02199%, 超供率：98.0%, 超供程度：85.2%, 超供平均值：5.7, 方差：101.5
0  1.62e+05 4156.56 | 4156.56    0.0   2884     0 |    1.39   1.16   0.10  -0.53
0  2.14e+05 4158.84 |
成功率：100.0%, 提交量大于阈值的概率：0.02198%, 超供率：98.9%, 超供程度：85.9%, 超供平均值：5.7, 方差：100.1
0  2.14e+05 4158.84 | 4158.84    0.0   2884     0 |    1.41   1.30  -0.07  -0.54
0  2.65e+05 4158.84 | 4149.68    0.0   2884     0 |    1.41   1.24  -0.04  -0.56
0  3.40e+05 4158.84 | 4151.20    0.0   2884     0 |    1.42   1.35   0.11  -0.58
0  4.21e+05 4158.84 | 4147.64    0.0   2884     0 |    1.42   1.24   0.03  -0.61
0  5.02e+05 4158.84 | 4142.87    0.0   2884     0 |    1.42   1.24  -0.02  -0.63
0  5.83e+05 4158.84 | 4138.83    0.0   2884     0 |    1.42   1.31  -0.07  -0.66
0  6.64e+05 4158.84 | 4130.24    0.0   2884     0 |    1.42   1.23   0.08  -0.69
0  7.44e+05 4158.84 | 4131.57    0.0   2884     0 |    1.42   1.23   0.07  -0.71
0  8.25e+05 4158.84 | 4132.74    0.0   2884     0 |    1.42   1.50   0.04  -0.72
0  9.06e+05 4158.84 | 4131.84    0.0   2884     0 |    1.42   1.47   0.01  -0.75
0  9.87e+05 4158.84 | 4132.79    0.0   2884     0 |    1.42   1.40   0.06  -0.78
0  1.07e+06 4158.84 | 4133.72    0.0   2884     0 |    1.42   1.49  -0.04  -0.78
0  1.15e+06 4158.84 | 4132.84    0.0   2884     0 |    1.43   1.38   0.01  -0.81
0  1.23e+06 4158.84 | 4124.52    0.0   2884     0 |    1.42   1.38   0.05  -0.82
0  1.31e+06 4158.84 | 4138.54    0.0   2884     0 |    1.43   1.31   0.07  -0.83
0  1.39e+06 4158.84 | 4141.27    0.0   2884     0 |    1.43   1.27   0.07  -0.85
0  1.47e+06 4158.84 | 4134.81    0.0   2884     0 |    1.43   1.39   0.04  -0.87
0  1.55e+06 4158.84 | 4128.60    0.0   2884     0 |    1.43   1.50  -0.06  -0.89
0  1.63e+06 4158.84 | 4116.70    0.0   2884     0 |    1.42   1.45  -0.03  -0.92
0  1.71e+06 4158.84 | 4118.51    0.0   2884     0 |    1.42   1.36   0.10  -0.94
0  1.79e+06 4158.84 | 4125.05    0.0   2884     0 |    1.43   1.28  -0.07  -0.95
0  1.87e+06 4158.84 | 4130.26    0.0   2884     0 |    1.43   1.34  -0.01  -0.98
0  1.95e+06 4158.84 | 4132.90    0.0   2884     0 |    1.43   1.42   0.00  -0.99
0  2.03e+06 4158.84 | 4125.36    0.0   2884     0 |    1.43   1.43   0.03  -0.99
0  2.11e+06 4158.84 | 4129.18    0.0   2884     0 |    1.43   1.32   0.04  -1.01
0  2.19e+06 4158.84 | 4127.23    0.0   2884     0 |    1.43   1.32   0.11  -1.03
0  2.27e+06 4158.84 | 4117.03    0.0   2884     0 |    1.42   1.34   0.03  -1.05
0  2.35e+06 4158.84 | 4123.60    0.0   2884     0 |    1.43   1.29   0.06  -1.08
0  2.43e+06 4158.84 | 4128.65    0.0   2884     0 |    1.43   1.47  -0.04  -1.09
0  2.52e+06 4158.84 | 4127.92    0.0   2885     0 |    1.43   1.53  -0.10  -1.11
0  2.60e+06 4158.84 | 4128.11    0.0   2885     0 |    1.43   1.18   0.06  -1.13
0  2.68e+06 4158.84 | 4131.66    0.0   2884     0 |    1.43   1.30   0.02  -1.15
0  2.76e+06 4158.84 | 4121.65    0.0   2884     0 |    1.43   1.31  -0.02  -1.15
0  2.84e+06 4158.84 | 4123.73    0.0   2884     0 |    1.43   1.17   0.04  -1.16
0  2.92e+06 4158.84 | 4121.77    0.0   2884     0 |    1.43   1.42  -0.01  -1.17
0  3.00e+06 4158.84 | 4127.59    0.0   2884     0 |    1.43   1.47  -0.08  -1.18
0  3.08e+06 4158.84 | 4129.42    0.0   2884     0 |    1.43   1.51  -0.03  -1.18
0  3.16e+06 4158.84 | 4125.42    0.0   2884     0 |    1.43   1.37  -0.01  -1.18
0  3.24e+06 4158.84 | 4120.59    0.0   2884     0 |    1.43   1.24   0.04  -1.18
0  3.32e+06 4158.84 | 4117.13    0.0   2884     0 |    1.43   1.35   0.10  -1.16
0  3.40e+06 4158.84 | 4116.22    0.0   2884     0 |    1.42   1.31   0.02  -1.17
0  3.48e+06 4158.84 | 4119.99    0.0   2884     0 |    1.42   1.45   0.09  -1.16
0  3.56e+06 4158.84 | 4127.39    0.0   2884     0 |    1.43   1.24   0.10  -1.18
0  3.65e+06 4158.84 | 4129.66    0.0   2884     0 |    1.43   1.50   0.08  -1.18
0  3.73e+06 4158.84 | 4127.32    0.0   2884     0 |    1.43   1.21   0.10  -1.17
0  3.81e+06 4158.84 | 4129.58    0.0   2884     0 |    1.43   1.42   0.05  -1.18
0  3.89e+06 4158.84 | 4131.54    0.0   2884     0 |    1.43   1.33   0.07  -1.17
0  3.97e+06 4158.84 | 4129.31    0.0   2884     0 |    1.43   1.33   0.07  -1.18
0  4.05e+06 4158.84 | 4124.72    0.0   2884     0 |    1.43   1.39  -0.00  -1.17
0  4.13e+06 4158.84 | 4123.52    0.0   2884     0 |    1.43   1.46   0.10  -1.18
0  4.21e+06 4158.84 | 4123.83    0.0   2884     0 |    1.43   1.37  -0.02  -1.17
0  4.29e+06 4158.84 | 4126.03    0.0   2884     0 |    1.43   1.61   0.02  -1.18
0  4.37e+06 4158.84 | 4126.37    0.0   2884     0 |    1.43   1.59  -0.01  -1.18
0  4.45e+06 4158.84 | 4124.66    0.0   2884     0 |    1.43   1.44   0.03  -1.18
0  4.53e+06 4158.84 | 4123.14    0.0   2884     0 |    1.43   1.42   0.04  -1.18
0  4.61e+06 4158.84 | 4123.47    0.0   2884     0 |    1.43   1.53  -0.02  -1.17
0  4.69e+06 4158.84 | 4120.70    0.0   2884     0 |    1.43   1.38  -0.03  -1.17
0  4.77e+06 4158.84 | 4128.64    0.0   2884     0 |    1.43   1.51  -0.04  -1.17
0  4.85e+06 4158.84 | 4130.89    0.0   2884     0 |    1.43   1.43  -0.03  -1.18
0  4.93e+06 4158.84 | 4126.82    0.0   2884     0 |    1.43   1.56   0.06  -1.17
0  5.01e+06 4158.84 | 4125.24    0.0   2884     0 |    1.43   1.31   0.02  -1.17
0  5.09e+06 4158.84 | 4124.36    0.0   2884     0 |    1.43   1.33   0.07  -1.17
0  5.17e+06 4158.84 | 4124.43    0.0   2884     0 |    1.43   1.18  -0.01  -1.18
0  5.25e+06 4158.84 | 4123.81    0.0   2884     0 |    1.43   1.29   0.06  -1.17
0  5.33e+06 4158.84 | 4120.02    0.0   2884     0 |    1.43   1.47   0.01  -1.18
0  5.41e+06 4158.84 | 4120.41    0.0   2884     0 |    1.43   1.39   0.12  -1.18
0  5.49e+06 4158.84 | 4121.13    0.0   2884     0 |    1.43   1.40   0.00  -1.18
0  5.57e+06 4158.84 | 4120.54    0.0   2884     0 |    1.43   1.56  -0.06  -1.17
0  5.65e+06 4158.84 | 4110.98    0.0   2884     0 |    1.42   1.27  -0.02  -1.17
0  5.73e+06 4158.84 | 4117.72    0.0   2884     0 |    1.43   1.35   0.04  -1.18
0  5.81e+06 4158.84 | 4117.66    0.0   2884     0 |    1.43   1.38   0.01  -1.17
0  5.90e+06 4158.84 | 4117.37    0.0   2884     0 |    1.43   1.20   0.01  -1.17
0  5.98e+06 4158.84 | 4110.79    0.0   2884     0 |    1.42   1.36   0.11  -1.16
0  6.06e+06 4158.84 | 4114.10    0.0   2884     0 |    1.42   1.15   0.07  -1.16
0  6.14e+06 4158.84 | 4114.83    0.0   2884     0 |    1.43   1.35  -0.02  -1.16
0  6.22e+06 4158.84 | 4112.14    0.0   2884     0 |    1.42   1.52  -0.01  -1.16
0  6.30e+06 4158.84 | 4119.48    0.0   2884     0 |    1.42   1.25   0.09  -1.15
0  6.38e+06 4158.84 | 4117.10    0.0   2884     0 |    1.43   1.26   0.10  -1.16
0  6.46e+06 4158.84 | 4118.37    0.0   2884     0 |    1.43   1.41  -0.07  -1.16
0  6.54e+06 4158.84 | 4124.45    0.0   2884     0 |    1.43   1.38  -0.09  -1.17
0  6.62e+06 4158.84 | 4117.65    0.0   2884     0 |    1.43   1.35   0.08  -1.18
0  6.70e+06 4158.84 | 4116.80    0.0   2884     0 |    1.43   1.35  -0.05  -1.17
0  6.78e+06 4158.84 | 4116.36    0.0   2884     0 |    1.43   1.33   0.13  -1.17
0  6.86e+06 4158.84 | 4120.69    0.0   2884     0 |    1.43   1.32   0.13  -1.17
0  6.95e+06 4158.84 | 4124.96    0.0   2884     0 |    1.43   1.31  -0.07  -1.16
0  7.03e+06 4158.84 | 4134.69    0.0   2885     0 |    1.43   1.24   0.04  -1.15
0  7.10e+06 4158.84 | 4129.88    0.0   2884     0 |    1.43   1.36   0.01  -1.15
0  7.18e+06 4158.84 | 4141.91    0.0   2885     0 |    1.43   1.15   0.08  -1.16
0  7.26e+06 4158.84 | 4124.89    0.0   2884     0 |    1.43   1.39   0.05  -1.16
0  7.34e+06 4158.84 | 4124.90    0.0   2885     0 |    1.43   1.38  -0.05  -1.17
0  7.42e+06 4158.84 | 4118.71    0.0   2886     0 |    1.43   1.26  -0.04  -1.17
0  7.50e+06 4158.84 | 4117.82    0.0   2885     0 |    1.43   1.30   0.01  -1.17
0  7.58e+06 4158.84 | 4129.66    0.0   2886     0 |    1.43   1.55   0.05  -1.17
0  7.66e+06 4158.84 | 4099.52    0.0   2884     0 |    1.42   1.41   0.05  -1.17
0  7.74e+06 4158.84 | 4113.21    0.0   2886     0 |    1.42   1.16   0.04  -1.18
0  7.82e+06 4158.84 | 4114.06    0.0   2885     0 |    1.43   1.31  -0.00  -1.17
0  7.90e+06 4158.84 | 4100.90    0.0   2884     0 |    1.42   1.57  -0.04  -1.17
0  7.98e+06 4158.84 | 4111.75    0.0   2884     0 |    1.42   1.30  -0.00  -1.17
0  8.06e+06 4158.84 | 4100.23    0.0   2884     0 |    1.42   1.50   0.02  -1.17
0  8.15e+06 4158.84 | 4109.40    0.0   2885     0 |    1.42   1.51  -0.08  -1.18
0  8.23e+06 4158.84 | 4107.54    0.0   2884     0 |    1.42   1.48   0.02  -1.17
0  8.31e+06 4158.84 | 4099.49    0.0   2884     0 |    1.42   1.57   0.09  -1.16
0  8.39e+06 4158.84 | 4100.76    0.0   2884     0 |    1.42   1.46   0.01  -1.18
0  8.47e+06 4158.84 | 4100.62    0.0   2884     0 |    1.42   1.41  -0.02  -1.16
0  8.55e+06 4158.84 | 4108.74    0.0   2884     0 |    1.42   1.30  -0.09  -1.15
0  8.63e+06 4158.84 | 4097.40    0.0   2884     0 |    1.42   1.45  -0.01  -1.16
0  8.71e+06 4158.84 | 4102.90    0.0   2884     0 |    1.42   1.35   0.06  -1.15
0  8.79e+06 4158.84 | 4101.92    0.0   2884     0 |    1.42   1.36   0.04  -1.16
0  8.87e+06 4158.84 | 4104.35    0.0   2884     0 |    1.42   1.32   0.08  -1.16
0  8.95e+06 4158.84 | 4101.87    0.0   2884     0 |    1.42   1.38   0.13  -1.15
0  9.03e+06 4158.84 | 4103.70    0.0   2884     0 |    1.42   1.41  -0.02  -1.15
0  9.11e+06 4158.84 | 4109.13    0.0   2884     0 |    1.42   1.27   0.00  -1.15
0  9.20e+06 4158.84 | 4107.22    0.0   2884     0 |    1.42   1.18  -0.02  -1.16
0  9.28e+06 4158.84 | 4106.45    0.0   2884     0 |    1.42   1.44   0.02  -1.16
0  9.36e+06 4158.84 | 4104.70    0.0   2884     0 |    1.42   1.51   0.08  -1.15
0  9.44e+06 4158.84 | 4105.49    0.0   2884     0 |    1.42   1.35   0.07  -1.15
0  9.52e+06 4158.84 | 4111.28    0.0   2884     0 |    1.42   1.25   0.02  -1.15
0  9.60e+06 4158.84 | 4110.33    0.0   2884     0 |    1.42   1.47   0.04  -1.15
0  9.68e+06 4158.84 | 4108.28    0.0   2884     0 |    1.42   1.27   0.11  -1.16
0  9.76e+06 4158.84 | 4111.78    0.0   2884     0 |    1.42   1.50   0.12  -1.14
0  9.84e+06 4158.84 | 4110.21    0.0   2884     0 |    1.42   1.32   0.14  -1.14
0  9.92e+06 4158.84 | 4109.59    0.0   2884     0 |    1.42   1.36   0.01  -1.14
0  1.00e+07 4158.84 | 4111.23    0.0   2884     0 |    1.42   1.32   0.06  -1.15
0  1.01e+07 4158.84 | 4110.48    0.0   2884     0 |    1.42   1.42   0.03  -1.16
0  1.02e+07 4158.84 | 4115.90    0.0   2884     0 |    1.43   1.41  -0.01  -1.17
0  1.02e+07 4158.84 | 4113.91    0.0   2884     0 |    1.43   1.23   0.05  -1.16
0  1.03e+07 4158.84 | 4112.54    0.0   2884     0 |    1.43   1.45   0.00  -1.16
0  1.04e+07 4158.84 | 4112.53    0.0   2884     0 |    1.43   1.52   0.03  -1.16
0  1.05e+07 4158.84 | 4113.27    0.0   2884     0 |    1.43   1.40   0.03  -1.16
0  1.06e+07 4158.84 | 4114.88    0.0   2884     0 |    1.43   1.28   0.10  -1.16
0  1.06e+07 4158.84 | 4115.69    0.0   2884     0 |    1.43   1.44  -0.01  -1.17
0  1.07e+07 4158.84 | 4115.81    0.0   2884     0 |    1.43   1.41  -0.09  -1.17
0  1.08e+07 4158.84 | 4120.21    0.0   2884     0 |    1.43   1.37   0.01  -1.17
0  1.09e+07 4158.84 | 4117.93    0.0   2884     0 |    1.43   1.10  -0.02  -1.17
0  1.10e+07 4158.84 | 4125.15    0.0   2884     0 |    1.43   1.27   0.03  -1.17
0  1.11e+07 4158.84 | 4124.59    0.0   2884     0 |    1.43   1.21   0.10  -1.17
0  1.11e+07 4158.84 | 4143.33    0.0   2885     0 |    1.44   1.22   0.06  -1.17
0  1.12e+07 4158.84 | 4126.40    0.0   2885     0 |    1.43   1.40   0.09  -1.17
0  1.13e+07 4158.84 | 4145.12    0.0   2885     0 |    1.44   1.23   0.04  -1.17
0  1.14e+07 4158.84 | 4124.91    0.0   2884     0 |    1.43   1.31   0.13  -1.17
0  1.15e+07 4158.84 | 4119.58    0.0   2884     0 |    1.43   1.31   0.03  -1.17
0  1.15e+07 4158.84 | 4111.98    0.0   2884     0 |    1.42   1.29  -0.01  -1.17
0  1.16e+07 4158.84 | 4114.88    0.0   2884     0 |    1.43   1.41   0.02  -1.17
0  1.17e+07 4158.84 | 4111.09    0.0   2884     0 |    1.42   1.36  -0.01  -1.17
0  1.18e+07 4158.84 | 4115.97    0.0   2885     0 |    1.43   1.27   0.03  -1.17
0  1.19e+07 4158.84 | 4146.05    0.0   2885     0 |    1.43   1.52  -0.11  -1.16
0  1.19e+07 4158.84 | 4117.47    0.0   2885     0 |    1.43   1.20   0.00  -1.17
0  1.20e+07 4158.84 | 4118.00    0.0   2886     0 |    1.43   1.30   0.09  -1.17
0  1.21e+07 4158.84 | 4117.74    0.0   2887     0 |    1.43   1.41  -0.02  -1.17
0  1.22e+07 4175.33 |
成功率：100.0%, 提交量大于阈值的概率：0.04653%, 超供率：99.9%, 超供程度：82.8%, 超供平均值：5.5, 方差：116.1
0  1.22e+07 4175.33 | 4175.33    0.0   2887     0 |    1.45   1.28  -0.11  -1.17
0  1.22e+07 4179.96 |
成功率：100.0%, 提交量大于阈值的概率：0.04782%, 超供率：99.9%, 超供程度：82.6%, 超供平均值：5.5, 方差：115.4
0  1.22e+07 4179.96 | 4179.96    0.0   2887     0 |    1.44   1.24  -0.04  -1.16
0  1.23e+07 4179.96 | 4177.17    0.0   2887     0 |    1.45   1.19  -0.05  -1.16
0  1.24e+07 4179.96 | 4112.68    0.0   2887     0 |    1.44   1.46   0.04  -1.16
0  1.24e+07 4179.96 | 4110.96    0.0   2886     0 |    1.43   1.29   0.12  -1.17
0  1.25e+07 4179.96 | 4115.52    0.0   2887     0 |    1.43   1.27   0.05  -1.17
0  1.26e+07 4179.96 | 4112.82    0.0   2887     0 |    1.42   1.35   0.05  -1.17
0  1.27e+07 4179.96 | 4113.04    0.0   2887     0 |    1.44   1.29   0.17  -1.17
0  1.28e+07 4179.96 | 4161.81    0.0   2887     0 |    1.44   1.45   0.04  -1.17
0  1.28e+07 4179.96 | 4173.05    0.0   2887     0 |    1.46   1.10   0.04  -1.17
0  1.29e+07 4182.53 |
成功率：100.0%, 提交量大于阈值的概率：0.04782%, 超供率：99.3%, 超供程度：82.0%, 超供平均值：5.5, 方差：116.3
0  1.29e+07 4182.53 | 4182.53    0.0   2887     0 |    1.45   1.27   0.07  -1.17
0  1.30e+07 4182.53 | 4179.82    0.0   2887     0 |    1.45   0.90  -0.01  -1.16
0  1.30e+07 4189.32 |
成功率：100.0%, 提交量大于阈值的概率：0.04782%, 超供率：99.8%, 超供程度：82.1%, 超供平均值：5.4, 方差：115.0
0  1.30e+07 4189.32 | 4189.32    0.0   2887     0 |    1.44   1.19   0.01  -1.16
0  1.31e+07 4189.32 | 4113.70    0.0   2887     0 |    1.44   1.09  -0.00  -1.16
0  1.32e+07 4189.32 | 4114.88    0.0   2887     0 |    1.45   1.05  -0.01  -1.15
0  1.32e+07 4189.32 | 4117.08    0.0   2887     0 |    1.45   1.28   0.06  -1.17
0  1.33e+07 4194.94 |
成功率：100.0%, 提交量大于阈值的概率：0.03490%, 超供率：99.6%, 超供程度：82.3%, 超供平均值：5.5, 方差：112.6
0  1.33e+07 4194.94 | 4194.94    0.0   2887     0 |    1.43   1.25  -0.03  -1.17
0  1.34e+07 4194.94 | 4190.91    0.0   2887     0 |    1.45   1.18   0.07  -1.16
0  1.35e+07 4194.94 | 4186.26    0.0   2887     0 |    1.45   1.26  -0.01  -1.16
0  1.35e+07 4194.94 | 4182.31    0.0   2887     0 |    1.45   1.19   0.13  -1.16
0  1.36e+07 4194.94 | 4185.61    0.0   2887     0 |    1.45   1.22  -0.07  -1.16
0  1.37e+07 4194.94 | 4185.85    0.0   2887     0 |    1.45   1.21   0.02  -1.16
0  1.38e+07 4265.71 |
成功率：100.0%, 提交量大于阈值的概率：0.04395%, 超供率：99.5%, 超供程度：75.0%, 超供平均值：5.0, 方差：109.9
0  1.38e+07 4265.71 | 4265.71    0.0   2887     0 |    1.48   1.14   0.05  -1.15
0  1.38e+07 4265.71 | 4184.48    0.0   2887     0 |    1.46   1.12   0.02  -1.15
0  1.39e+07 4265.71 | 4186.04    0.0   2887     0 |    1.45   1.18  -0.01  -1.17
0  1.40e+07 4265.71 | 4188.88    0.0   2887     0 |    1.45   1.28   0.02  -1.15
0  1.41e+07 4265.71 | 4252.25    0.0   2887     0 |    1.47   1.09   0.04  -1.16
0  1.42e+07 4265.71 | 4169.55    0.0   2887     0 |    1.45   1.28   0.06  -1.16
0  1.42e+07 4265.71 | 4151.20    0.0   2887     0 |    1.44   1.27   0.01  -1.17
0  1.43e+07 4265.71 | 4141.04    0.0   2887     0 |    1.43   1.15   0.06  -1.17
0  1.44e+07 4265.71 | 4130.35    0.0   2887     0 |    1.42   1.25   0.07  -1.17
0  1.45e+07 4265.71 | 4098.55    0.0   2884     0 |    1.42   1.12   0.13  -1.16
0  1.46e+07 4265.71 | 4107.85    0.0   2884     0 |    1.42   1.20   0.20  -1.17
0  1.46e+07 4265.71 | 4119.60    0.0   2884     0 |    1.43   1.22   0.01  -1.18
0  1.47e+07 4265.71 | 4113.26    0.0   2884     0 |    1.43   1.20   0.03  -1.17
0  1.48e+07 4265.71 | 4107.85    0.0   2884     0 |    1.42   1.26  -0.01  -1.17
0  1.49e+07 4265.71 | 4106.34    0.0   2886     0 |    1.42   1.25   0.04  -1.17
0  1.50e+07 4265.71 | 4138.54    0.0   2887     0 |    1.43   1.24  -0.00  -1.16
0  1.50e+07 4265.71 | 4166.51    0.0   2887     0 |    1.46   1.11  -0.05  -1.17
0  1.51e+07 4265.71 | 4105.81    0.0   2887     0 |    1.44   1.15   0.02  -1.17
0  1.52e+07 4265.71 | 4169.87    0.0   2887     0 |    1.44   1.22   0.04  -1.17
0  1.53e+07 4265.71 | 4110.74    0.0   2887     0 |    1.42   1.13   0.05  -1.17
0  1.54e+07 4265.71 | 4115.34    0.0   2887     0 |    1.43   1.37   0.12  -1.17
0  1.54e+07 4265.71 | 4118.53    0.0   2887     0 |    1.43   1.18   0.11  -1.16
0  1.55e+07 4265.71 | 4115.32    0.0   2887     0 |    1.43   1.10   0.02  -1.17
0  1.56e+07 4265.71 | 4111.93    0.0   2887     0 |    1.42   1.25  -0.02  -1.17
0  1.57e+07 4265.71 | 4111.13    0.0   2887     0 |    1.42   1.10  -0.03  -1.16
0  1.58e+07 4265.71 | 4118.64    0.0   2887     0 |    1.43   1.19  -0.04  -1.15
0  1.58e+07 4265.71 | 4116.09    0.0   2887     0 |    1.42   1.15  -0.05  -1.16
0  1.59e+07 4265.71 | 4116.66    0.0   2887     0 |    1.43   1.48  -0.05  -1.16
0  1.60e+07 4265.71 | 4124.41    0.0   2887     0 |    1.43   1.26   0.19  -1.16
0  1.61e+07 4265.71 | 4127.24    0.0   2886     0 |    1.43   1.10   0.00  -1.16
0  1.62e+07 4265.71 | 4124.96    0.0   2886     0 |    1.43   1.04   0.05  -1.17
0  1.62e+07 4265.71 | 4122.00    0.0   2887     0 |    1.43   1.28   0.02  -1.16
0  1.63e+07 4265.71 | 4176.95    0.0   2887     0 |    1.45   1.17   0.08  -1.16
0  1.64e+07 4265.71 | 4156.88    0.0   2887     0 |    1.44   1.06   0.03  -1.17
0  1.65e+07 4265.71 | 4173.78    0.0   2886     0 |    1.45   1.04   0.04  -1.16
0  1.66e+07 4265.71 | 4157.09    0.0   2886     0 |    1.44   1.18   0.01  -1.17
0  1.66e+07 4265.71 | 4126.28    0.0   2885     0 |    1.43   1.20   0.04  -1.17
0  1.67e+07 4265.71 | 4116.86    0.0   2883     0 |    1.43   1.15  -0.02  -1.17
0  1.68e+07 4265.71 | 4119.77    0.0   2884     0 |    1.43   1.27  -0.01  -1.16
0  1.69e+07 4265.71 | 4119.25    0.0   2884     0 |    1.43   1.35   0.07  -1.15
0  1.70e+07 4265.71 | 4116.04    0.0   2883     0 |    1.43   1.22   0.02  -1.15
0  1.70e+07 4265.71 | 4116.19    0.0   2883     0 |    1.43   1.29   0.09  -1.15
0  1.71e+07 4265.71 | 4117.87    0.0   2883     0 |    1.43   1.21   0.03  -1.15
0  1.72e+07 4265.71 | 4119.69    0.0   2883     0 |    1.43   1.15   0.05  -1.15
0  1.73e+07 4265.71 | 4117.10    0.0   2884     0 |    1.43   1.30  -0.03  -1.15
0  1.74e+07 4265.71 | 4118.58    0.0   2883     0 |    1.43   1.14   0.06  -1.15
0  1.75e+07 4265.71 | 4120.13    0.0   2883     0 |    1.43   1.41  -0.04  -1.16
0  1.75e+07 4265.71 | 4119.46    0.0   2883     0 |    1.43   1.34   0.06  -1.15
0  1.76e+07 4265.71 | 4120.43    0.0   2883     0 |    1.43   1.09   0.00  -1.15
0  1.77e+07 4265.71 | 4119.77    0.0   2883     0 |    1.43   1.27   0.02  -1.16
0  1.78e+07 4265.71 | 4119.80    0.0   2883     0 |    1.43   1.42   0.12  -1.15
0  1.79e+07 4265.71 | 4120.81    0.0   2883     0 |    1.43   1.23  -0.01  -1.14
0  1.79e+07 4265.71 | 4123.96    0.0   2883     0 |    1.43   1.20   0.08  -1.15
0  1.80e+07 4265.71 | 4123.24    0.0   2883     0 |    1.43   1.25   0.01  -1.14
0  1.81e+07 4265.71 | 4120.76    0.0   2883     0 |    1.43   1.46   0.11  -1.14
0  1.82e+07 4265.71 | 4120.18    0.0   2883     0 |    1.43   1.16   0.03  -1.15
0  1.82e+07 4265.71 | 4118.94    0.0   2883     0 |    1.43   1.30   0.07  -1.16
0  1.83e+07 4265.71 | 4117.87    0.0   2883     0 |    1.43   1.20   0.17  -1.16
0  1.84e+07 4265.71 | 4119.85    0.0   2883     0 |    1.43   1.14   0.14  -1.15
0  1.85e+07 4265.71 | 4120.10    0.0   2883     0 |    1.43   1.27   0.05  -1.15
0  1.86e+07 4265.71 | 4119.67    0.0   2883     0 |    1.43   1.08   0.05  -1.15
0  1.86e+07 4265.71 | 4118.76    0.0   2883     0 |    1.43   1.20   0.05  -1.15
0  1.87e+07 4265.71 | 4115.96    0.0   2883     0 |    1.43   1.30   0.08  -1.15
0  1.88e+07 4265.71 | 4118.06    0.0   2883     0 |    1.43   1.19   0.13  -1.15
0  1.89e+07 4265.71 | 4117.70    0.0   2883     0 |    1.43   1.19   0.12  -1.15
0  1.90e+07 4265.71 | 4118.07    0.0   2883     0 |    1.43   1.22   0.15  -1.15
0  1.90e+07 4265.71 | 4115.93    0.0   2883     0 |    1.43   1.45   0.04  -1.15
0  1.91e+07 4265.71 | 4113.67    0.0   2883     0 |    1.43   1.20   0.02  -1.15
0  1.92e+07 4265.71 | 4115.76    0.0   2883     0 |    1.43   1.29   0.12  -1.17
0  1.93e+07 4265.71 | 4114.59    0.0   2883     0 |    1.43   1.22   0.07  -1.17
0  1.94e+07 4265.71 | 4101.11    0.0   2883     0 |    1.42   1.11   0.02  -1.16
0  1.94e+07 4265.71 | 4097.79    0.0   2883     0 |    1.42   1.16   0.07  -1.16
0  1.95e+07 4265.71 | 4102.26    0.0   2883     0 |    1.42   1.30   0.17  -1.15
0  1.96e+07 4265.71 | 4108.03    0.0   2883     0 |    1.42   1.37   0.08  -1.15
0  1.97e+07 4265.71 | 4108.71    0.0   2883     0 |    1.42   1.19   0.02  -1.15
0  1.98e+07 4265.71 | 4109.65    0.0   2883     0 |    1.42   1.30   0.04  -1.15
0  1.98e+07 4265.71 | 4105.06    0.0   2883     0 |    1.42   1.23   0.08  -1.15
0  1.99e+07 4265.71 | 4103.27    0.0   2883     0 |    1.42   1.24   0.08  -1.16
0  2.00e+07 4265.71 | 4105.50    0.0   2883     0 |    1.42   1.14   0.01  -1.16
0  2.01e+07 4265.71 | 4106.27    0.0   2883     0 |    1.42   1.39   0.05  -1.15
0  2.02e+07 4265.71 | 4107.19    0.0   2883     0 |    1.42   1.18   0.03  -1.15
0  2.02e+07 4265.71 | 4109.66    0.0   2883     0 |    1.43   1.15   0.04  -1.15
0  2.03e+07 4265.71 | 4111.69    0.0   2883     0 |    1.43   1.28   0.09  -1.14
0  2.04e+07 4265.71 | 4111.13    0.0   2883     0 |    1.43   1.11  -0.04  -1.14
0  2.05e+07 4265.71 | 4110.87    0.0   2883     0 |    1.43   1.13   0.10  -1.15
0  2.06e+07 4265.71 | 4111.20    0.0   2883     0 |    1.43   1.21   0.03  -1.14
0  2.06e+07 4265.71 | 4114.32    0.0   2883     0 |    1.43   1.16  -0.02  -1.16
0  2.07e+07 4265.71 | 4115.47    0.0   2883     0 |    1.43   1.10   0.06  -1.16
0  2.08e+07 4265.71 | 4114.91    0.0   2883     0 |    1.43   1.19  -0.05  -1.16
0  2.09e+07 4265.71 | 4117.50    0.0   2883     0 |    1.43   1.24   0.04  -1.16
0  2.10e+07 4265.71 | 4116.39    0.0   2883     0 |    1.43   1.09   0.11  -1.15
0  2.10e+07 4265.71 | 4114.85    0.0   2883     0 |    1.43   1.32   0.08  -1.15
0  2.11e+07 4265.71 | 4115.20    0.0   2883     0 |    1.43   1.42   0.06  -1.16
0  2.12e+07 4265.71 | 4114.62    0.0   2883     0 |    1.43   1.43   0.09  -1.15
0  2.13e+07 4265.71 | 4111.59    0.0   2883     0 |    1.42   1.06   0.13  -1.15
0  2.13e+07 4265.71 | 4116.22    0.0   2883     0 |    1.43   1.44   0.07  -1.16
0  2.14e+07 4265.71 | 4116.49    0.0   2883     0 |    1.43   1.06   0.16  -1.16
0  2.15e+07 4265.71 | 4112.88    0.0   2883     0 |    1.43   1.23   0.15  -1.15
0  2.16e+07 4265.71 | 4115.21    0.0   2883     0 |    1.43   1.20   0.01  -1.15
0  2.17e+07 4265.71 | 4114.60    0.0   2883     0 |    1.43   1.14   0.04  -1.15
0  2.17e+07 4265.71 | 4117.32    0.0   2883     0 |    1.43   1.24   0.16  -1.15
0  2.18e+07 4265.71 | 4117.79    0.0   2883     0 |    1.43   1.04   0.02  -1.15
0  2.19e+07 4265.71 | 4117.62    0.0   2883     0 |    1.43   1.31   0.09  -1.15
0  2.20e+07 4265.71 | 4116.62    0.0   2883     0 |    1.43   1.20   0.13  -1.14
0  2.21e+07 4265.71 | 4115.08    0.0   2883     0 |    1.43   1.12   0.03  -1.15
0  2.22e+07 4265.71 | 4117.32    0.0   2883     0 |    1.43   1.19   0.05  -1.15
0  2.22e+07 4265.71 | 4116.90    0.0   2883     0 |    1.43   1.26  -0.04  -1.15
0  2.23e+07 4265.71 | 4117.31    0.0   2883     0 |    1.43   1.06  -0.02  -1.15
0  2.24e+07 4265.71 | 4117.49    0.0   2883     0 |    1.43   1.15   0.03  -1.16
0  2.25e+07 4265.71 | 4116.21    0.0   2883     0 |    1.43   1.19   0.12  -1.16
0  2.26e+07 4265.71 | 4114.62    0.0   2882     0 |    1.43   1.15  -0.06  -1.16
0  2.26e+07 4265.71 | 4117.46    0.0   2882     0 |    1.43   1.25   0.09  -1.15
0  2.27e+07 4265.71 | 4122.88    0.0   2884     0 |    1.43   1.15   0.04  -1.14
0  2.28e+07 4265.71 | 4115.70    0.0   2882     0 |    1.43   1.39  -0.00  -1.15
0  2.29e+07 4265.71 | 4121.55    0.0   2884     0 |    1.43   1.26  -0.00  -1.15
0  2.29e+07 4265.71 | 4114.75    0.0   2883     0 |    1.43   1.23   0.05  -1.15
0  2.30e+07 4265.71 | 4116.79    0.0   2883     0 |    1.43   1.21   0.08  -1.15
0  2.31e+07 4265.71 | 4117.52    0.0   2883     0 |    1.43   1.22   0.10  -1.15
0  2.32e+07 4265.71 | 4118.27    0.0   2882     0 |    1.43   1.21  -0.00  -1.15
0  2.33e+07 4265.71 | 4117.03    0.0   2882     0 |    1.43   1.16  -0.02  -1.16
0  2.33e+07 4265.71 | 4114.94    0.0   2882     0 |    1.43   1.35   0.20  -1.15
0  2.34e+07 4265.71 | 4114.94    0.0   2882     0 |    1.43   1.36   0.09  -1.15
0  2.35e+07 4265.71 | 4114.84    0.0   2882     0 |    1.43   1.22  -0.04  -1.14
0  2.36e+07 4265.71 | 4115.48    0.0   2882     0 |    1.43   1.16   0.01  -1.14
0  2.37e+07 4265.71 | 4114.58    0.0   2883     0 |    1.43   1.15  -0.03  -1.15
0  2.37e+07 4265.71 | 4115.09    0.0   2882     0 |    1.43   1.11   0.04  -1.16
0  2.38e+07 4265.71 | 4115.09    0.0   2882     0 |    1.43   1.33   0.15  -1.16
0  2.39e+07 4265.71 | 4115.66    0.0   2883     0 |    1.43   1.39   0.02  -1.17
0  2.40e+07 4265.71 | 4117.60    0.0   2883     0 |    1.43   1.33  -0.00  -1.16
0  2.41e+07 4265.71 | 4117.53    0.0   2883     0 |    1.43   1.30   0.10  -1.17
0  2.41e+07 4265.71 | 4116.74    0.0   2882     0 |    1.43   1.27  -0.02  -1.17
0  2.42e+07 4265.71 | 4115.07    0.0   2882     0 |    1.43   1.22   0.06  -1.16
0  2.43e+07 4265.71 | 4111.34    0.0   2882     0 |    1.43   1.20   0.09  -1.16
0  2.44e+07 4265.71 | 4113.31    0.0   2882     0 |    1.43   1.38  -0.01  -1.15
0  2.45e+07 4265.71 | 4114.54    0.0   2882     0 |    1.43   1.25  -0.09  -1.16
0  2.46e+07 4265.71 | 4112.76    0.0   2882     0 |    1.43   1.23   0.06  -1.16
0  2.46e+07 4265.71 | 4114.35    0.0   2883     0 |    1.43   1.23   0.01  -1.16
0  2.47e+07 4265.71 | 4113.18    0.0   2882     0 |    1.43   1.18   0.10  -1.14
0  2.48e+07 4265.71 | 4112.90    0.0   2882     0 |    1.43   1.43  -0.02  -1.14
0  2.49e+07 4265.71 | 4112.91    0.0   2883     0 |    1.43   1.22   0.08  -1.14
0  2.49e+07 4265.71 | 4112.00    0.0   2882     0 |    1.43   1.25   0.15  -1.15
0  2.50e+07 4265.71 | 4111.94    0.0   2883     0 |    1.43   1.12  -0.06  -1.15
0  2.51e+07 4265.71 | 4113.03    0.0   2883     0 |    1.43   1.07   0.00  -1.16
0  2.52e+07 4265.71 | 4100.80    0.0   2883     0 |    1.42   1.03  -0.02  -1.14
0  2.53e+07 4265.71 | 4104.50    0.0   2883     0 |    1.42   1.32   0.14  -1.14
0  2.54e+07 4265.71 | 4110.37    0.0   2883     0 |    1.43   1.17   0.04  -1.15
0  2.54e+07 4265.71 | 4106.61    0.0   2883     0 |    1.42   1.12   0.03  -1.14
0  2.55e+07 4265.71 | 4104.47    0.0   2883     0 |    1.42   1.16  -0.03  -1.13
0  2.56e+07 4265.71 | 4107.28    0.0   2883     0 |    1.42   1.15  -0.06  -1.15
0  2.57e+07 4265.71 | 4107.94    0.0   2883     0 |    1.43   1.25   0.06  -1.15
0  2.57e+07 4265.71 | 4106.00    0.0   2883     0 |    1.42   1.13   0.08  -1.14
0  2.58e+07 4265.71 | 4109.11    0.0   2882     0 |    1.43   1.22   0.07  -1.15
0  2.59e+07 4265.71 | 4103.36    0.0   2883     0 |    1.42   1.08   0.01  -1.16
0  2.60e+07 4265.71 | 4111.08    0.0   2883     0 |    1.43   1.23   0.12  -1.16
0  2.61e+07 4265.71 | 4110.43    0.0   2883     0 |    1.43   1.20   0.02  -1.16
0  2.61e+07 4265.71 | 4108.28    0.0   2883     0 |    1.42   1.22   0.10  -1.15
0  2.62e+07 4265.71 | 4112.18    0.0   2883     0 |    1.43   1.24   0.15  -1.15
0  2.63e+07 4265.71 | 4107.66    0.0   2883     0 |    1.42   1.23   0.12  -1.15
0  2.64e+07 4265.71 | 4111.89    0.0   2883     0 |    1.42   1.39   0.05  -1.16
0  2.65e+07 4265.71 | 4112.52    0.0   2883     0 |    1.43   1.35   0.01  -1.15
0  2.66e+07 4265.71 | 4097.17    0.0   2883     0 |    1.42   1.17   0.09  -1.15
0  2.66e+07 4265.71 | 4099.66    0.0   2883     0 |    1.42   1.28   0.00  -1.15
0  2.67e+07 4265.71 | 4101.32    0.0   2883     0 |    1.42   1.31   0.03  -1.15
0  2.68e+07 4265.71 | 4101.06    0.0   2883     0 |    1.42   1.32   0.08  -1.15
0  2.69e+07 4265.71 | 4100.63    0.0   2883     0 |    1.42   1.37  -0.08  -1.15
0  2.70e+07 4265.71 | 4105.10    0.0   2883     0 |    1.42   1.49  -0.07  -1.15
0  2.70e+07 4265.71 | 4106.39    0.0   2883     0 |    1.42   1.24   0.03  -1.15
0  2.71e+07 4265.71 | 4107.81    0.0   2883     0 |    1.42   1.22   0.13  -1.15
0  2.72e+07 4265.71 | 4106.09    0.0   2883     0 |    1.42   1.09   0.02  -1.15
0  2.73e+07 4265.71 | 4102.01    0.0   2883     0 |    1.42   1.14   0.19  -1.14
0  2.74e+07 4265.71 | 4103.68    0.0   2883     0 |    1.42   1.18   0.14  -1.13
0  2.74e+07 4265.71 | 4103.74    0.0   2883     0 |    1.42   1.35   0.12  -1.15
0  2.75e+07 4265.71 | 4109.87    0.0   2883     0 |    1.43   1.24   0.02  -1.16
0  2.76e+07 4265.71 | 4110.52    0.0   2883     0 |    1.43   1.26   0.09  -1.16
0  2.77e+07 4265.71 | 4108.16    0.0   2883     0 |    1.43   1.36   0.05  -1.14
0  2.78e+07 4265.71 | 4113.19    0.0   2883     0 |    1.43   1.17   0.10  -1.14
0  2.78e+07 4265.71 | 4112.09    0.0   2883     0 |    1.43   1.15  -0.00  -1.14
0  2.79e+07 4265.71 | 4112.39    0.0   2883     0 |    1.42   1.20  -0.03  -1.15
0  2.80e+07 4265.71 | 4110.38    0.0   2883     0 |    1.42   1.24   0.09  -1.14
0  2.81e+07 4265.71 | 4112.64    0.0   2883     0 |    1.43   1.05   0.09  -1.15
0  2.82e+07 4265.71 | 4111.53    0.0   2883     0 |    1.43   1.37  -0.03  -1.15
0  2.82e+07 4265.71 | 4107.45    0.0   2883     0 |    1.42   1.13   0.02  -1.14
0  2.83e+07 4265.71 | 4111.90    0.0   2883     0 |    1.43   1.36   0.01  -1.14
0  2.84e+07 4265.71 | 4114.55    0.0   2883     0 |    1.43   1.29   0.05  -1.14
0  2.85e+07 4265.71 | 4116.54    0.0   2883     0 |    1.43   1.19   0.17  -1.14
0  2.86e+07 4265.71 | 4114.85    0.0   2883     0 |    1.43   1.18   0.05  -1.14
0  2.87e+07 4265.71 | 4112.04    0.0   2883     0 |    1.43   1.31   0.01  -1.14
0  2.87e+07 4265.71 | 4108.09    0.0   2883     0 |    1.42   1.22  -0.02  -1.15
0  2.88e+07 4265.71 | 4106.11    0.0   2883     0 |    1.42   1.37   0.02  -1.15
0  2.89e+07 4265.71 | 4111.95    0.0   2883     0 |    1.43   1.31  -0.01  -1.14
0  2.90e+07 4265.71 | 4112.33    0.0   2883     0 |    1.42   1.33  -0.06  -1.15
0  2.91e+07 4265.71 | 4105.50    0.0   2883     0 |    1.42   1.41   0.02  -1.14
0  2.91e+07 4265.71 | 4107.41    0.0   2883     0 |    1.42   1.44   0.13  -1.13
0  2.92e+07 4265.71 | 4112.12    0.0   2883     0 |    1.43   1.21   0.02  -1.14
0  2.93e+07 4265.71 | 4113.18    0.0   2883     0 |    1.43   1.30  -0.03  -1.13
0  2.94e+07 4265.71 | 4115.77    0.0   2883     0 |    1.43   1.31  -0.07  -1.14
0  2.95e+07 4265.71 | 4113.10    0.0   2883     0 |    1.43   1.06   0.11  -1.13
0  2.95e+07 4265.71 | 4111.13    0.0   2883     0 |    1.43   1.32   0.13  -1.13
0  2.96e+07 4265.71 | 4109.79    0.0   2883     0 |    1.42   1.30   0.15  -1.14
0  2.97e+07 4265.71 | 4105.93    0.0   2883     0 |    1.42   1.18  -0.01  -1.15
0  2.98e+07 4265.71 | 4105.35    0.0   2883     0 |    1.42   1.34  -0.01  -1.14
0  2.99e+07 4265.71 | 4112.10    0.0   2883     0 |    1.43   1.33  -0.01  -1.14
0  2.99e+07 4265.71 | 4110.51    0.0   2883     0 |    1.43   1.30  -0.02  -1.13
0  3.00e+07 4265.71 | 4110.20    0.0   2883     0 |    1.43   1.27   0.05  -1.14
0  3.01e+07 4265.71 | 4107.35    0.0   2883     0 |    1.43   1.33   0.14  -1.14
0  3.02e+07 4265.71 | 4107.50    0.0   2883     0 |    1.42   1.23   0.08  -1.13
0  3.03e+07 4265.71 | 4107.39    0.0   2883     0 |    1.43   1.21  -0.01  -1.13
0  3.03e+07 4265.71 | 4106.21    0.0   2883     0 |    1.42   1.15  -0.02  -1.14
