################################################################################
ID     Step    maxR |    avgR   stdR   avgS  stdS |    expR   objC   etc.
0  5.77e+03 4078.71 |
成功率：99.3%, 提交量大于阈值的概率：0.07158%, 超供率：95.8%, 超供程度：82.7%, 超供平均值：5.6, 方差：99.0
0  5.77e+03 4078.71 | 4078.71    0.0   2886     0 |    1.34  13.04   0.09  -0.50
0  5.77e+04 4127.05 |
成功率：99.9%, 提交量大于阈值的概率：0.08539%, 超供率：96.3%, 超供程度：83.1%, 超供平均值：5.6, 方差：103.6
0  5.77e+04 4127.05 | 4127.05    0.0   2887     0 |    1.35   9.23   0.00  -0.51
0  1.10e+05 4127.05 | 4114.06    0.0   2887     0 |    1.35   7.59   0.07  -0.50
0  1.90e+05 4127.05 | 4036.38    0.0   2886     0 |    1.35   6.79   0.02  -0.51
0  2.71e+05 4127.05 | 4017.94    0.0   2886     0 |    1.35   7.08   0.01  -0.53
0  3.52e+05 4127.05 | 4008.15    0.0   2886     0 |    1.36   7.74  -0.10  -0.55
0  4.33e+05 4127.05 | 4040.91    0.0   2886     0 |    1.36   9.25  -0.03  -0.56
0  5.14e+05 4127.05 | 4110.30    0.0   2886     0 |    1.37   8.90   0.08  -0.57
0  5.94e+05 4127.05 | 4106.27    0.0   2887     0 |    1.37   8.54   0.05  -0.58
0  6.75e+05 4129.76 |
成功率：99.8%, 提交量大于阈值的概率：0.04273%, 超供率：98.3%, 超供程度：85.8%, 超供平均值：5.8, 方差：103.5
0  6.75e+05 4129.76 | 4129.76    0.0   2887     0 |    1.37   9.29   0.02  -0.60
0  7.27e+05 4136.77 |
成功率：99.8%, 提交量大于阈值的概率：0.03886%, 超供率：97.8%, 超供程度：84.3%, 超供平均值：5.7, 方差：101.9
0  7.27e+05 4136.77 | 4136.77    0.0   2886     0 |    1.39   9.48   0.13  -0.61
0  7.79e+05 4136.77 | 4122.60    0.0   2886     0 |    1.38   7.92   0.21  -0.63
0  8.60e+05 4136.77 | 4118.65    0.0   2886     0 |    1.39   7.29   0.09  -0.64
0  9.41e+05 4136.77 | 4125.75    0.0   2886     0 |    1.38   7.44   0.08  -0.67
0  1.02e+06 4136.77 | 4124.61    0.0   2886     0 |    1.39   9.01   0.02  -0.68
0  1.10e+06 4136.77 | 4114.84    0.0   2885     0 |    1.39   8.59   0.12  -0.70
0  1.18e+06 4136.77 | 4122.31    0.0   2885     0 |    1.40   8.85   0.14  -0.70
0  1.26e+06 4136.77 | 4128.36    0.0   2885     0 |    1.40   8.72   0.07  -0.72
0  1.34e+06 4138.18 |
成功率：99.8%, 提交量大于阈值的概率：0.02719%, 超供率：97.8%, 超供程度：84.4%, 超供平均值：5.7, 方差：104.6
0  1.34e+06 4138.18 | 4138.18    0.0   2885     0 |    1.40   9.18   0.23  -0.73
0  1.40e+06 4138.18 | 4136.27    0.0   2885     0 |    1.41   8.85   0.00  -0.74
0  1.48e+06 4138.18 | 4129.66    0.0   2885     0 |    1.41  10.83   0.00  -0.75
0  1.56e+06 4138.18 | 4129.30    0.0   2885     0 |    1.40   8.58   0.06  -0.75
0  1.64e+06 4144.77 |
成功率：99.9%, 提交量大于阈值的概率：0.03235%, 超供率：98.0%, 超供程度：84.6%, 超供平均值：5.7, 方差：103.2
0  1.64e+06 4144.77 | 4144.77    0.0   2885     0 |    1.41   7.53   0.03  -0.76
0  1.70e+06 4147.98 |
成功率：99.9%, 提交量大于阈值的概率：0.03364%, 超供率：98.0%, 超供程度：84.3%, 超供平均值：5.7, 方差：103.8
0  1.70e+06 4147.98 | 4147.98    0.0   2886     0 |    1.41   9.23   0.03  -0.77
0  1.75e+06 4155.64 |
成功率：99.9%, 提交量大于阈值的概率：0.03882%, 超供率：97.7%, 超供程度：83.0%, 超供平均值：5.6, 方差：101.2
0  1.75e+06 4155.64 | 4155.64    0.0   2886     0 |    1.42   8.15   0.04  -0.78
0  1.81e+06 4165.73 |
成功率：99.9%, 提交量大于阈值的概率：0.04012%, 超供率：97.4%, 超供程度：82.0%, 超供平均值：5.5, 方差：100.4
0  1.81e+06 4165.73 | 4165.73    0.0   2885     0 |    1.42   8.98  -0.10  -0.79
0  1.86e+06 4181.58 |
成功率：99.9%, 提交量大于阈值的概率：0.03623%, 超供率：97.2%, 超供程度：80.9%, 超供平均值：5.5, 方差：98.7
0  1.86e+06 4181.58 | 4181.58    0.0   2885     0 |    1.43   8.68  -0.04  -0.80
0  1.92e+06 4181.58 | 4177.52    0.0   2885     0 |    1.43   8.01   0.16  -0.82
0  2.00e+06 4185.90 |
成功率：99.9%, 提交量大于阈值的概率：0.03623%, 超供率：97.2%, 超供程度：80.9%, 超供平均值：5.5, 方差：98.3
0  2.00e+06 4185.90 | 4185.90    0.0   2885     0 |    1.43   8.44  -0.06  -0.82
0  2.05e+06 4186.46 |
成功率：99.9%, 提交量大于阈值的概率：0.03623%, 超供率：97.2%, 超供程度：81.0%, 超供平均值：5.5, 方差：97.6
0  2.05e+06 4186.46 | 4186.46    0.0   2885     0 |    1.43   7.47   0.09  -0.82
0  2.11e+06 4186.46 | 4184.98    0.0   2885     0 |    1.43   8.95  -0.06  -0.83
0  2.19e+06 4186.46 | 4168.90    0.0   2886     0 |    1.42   7.65  -0.00  -0.84
0  2.27e+06 4186.46 | 4157.23    0.0   2886     0 |    1.43   6.97   0.05  -0.86
0  2.35e+06 4186.46 | 4162.90    0.0   2886     0 |    1.43   7.45  -0.02  -0.87
0  2.44e+06 4186.46 | 4168.49    0.0   2887     0 |    1.43   7.85   0.02  -0.88
0  2.52e+06 4186.46 | 4167.82    0.0   2887     0 |    1.43   7.65   0.03  -0.87
0  2.60e+06 4186.46 | 4164.04    0.0   2886     0 |    1.43   8.17   0.08  -0.90
0  2.68e+06 4186.46 | 4163.39    0.0   2886     0 |    1.43   8.85   0.11  -0.91
0  2.76e+06 4186.46 | 4156.12    0.0   2886     0 |    1.42   8.00  -0.07  -0.92
0  2.84e+06 4186.46 | 4156.16    0.0   2887     0 |    1.43   7.65   0.15  -0.93
0  2.92e+06 4186.46 | 4158.58    0.0   2887     0 |    1.43   8.76   0.07  -0.94
0  3.00e+06 4186.46 | 4151.21    0.0   2887     0 |    1.43   8.23  -0.03  -0.95
0  3.08e+06 4186.46 | 4156.00    0.0   2886     0 |    1.43   7.15  -0.02  -0.96
0  3.16e+06 4186.46 | 4147.12    0.0   2886     0 |    1.42   7.85   0.04  -0.97
0  3.24e+06 4186.46 | 4142.39    0.0   2887     0 |    1.43   8.13   0.05  -0.98
0  3.32e+06 4186.46 | 4138.48    0.0   2887     0 |    1.42   7.66   0.08  -0.98
0  3.41e+06 4186.46 | 4147.46    0.0   2886     0 |    1.43   8.70   0.00  -0.99
0  3.49e+06 4186.46 | 4149.81    0.0   2887     0 |    1.43   7.85   0.05  -1.01
0  3.57e+06 4186.46 | 4154.87    0.0   2887     0 |    1.43   7.48   0.17  -1.03
0  3.65e+06 4186.46 | 4157.76    0.0   2886     0 |    1.43   9.11   0.05  -1.05
0  3.73e+06 4186.46 | 4160.74    0.0   2886     0 |    1.43   6.70   0.08  -1.06
0  3.81e+06 4186.46 | 4158.44    0.0   2886     0 |    1.43   8.99   0.05  -1.07
0  3.89e+06 4186.46 | 4159.81    0.0   2886     0 |    1.43   9.96   0.11  -1.07
0  3.97e+06 4186.46 | 4155.78    0.0   2886     0 |    1.43   7.41   0.01  -1.07
0  4.05e+06 4186.46 | 4156.79    0.0   2886     0 |    1.43   9.28   0.16  -1.08
0  4.13e+06 4186.46 | 4154.00    0.0   2886     0 |    1.43   7.97   0.05  -1.09
0  4.21e+06 4186.46 | 4151.50    0.0   2886     0 |    1.43   7.80  -0.00  -1.09
0  4.29e+06 4186.46 | 4144.55    0.0   2886     0 |    1.43   8.98   0.01  -1.10
0  4.38e+06 4186.46 | 4149.44    0.0   2886     0 |    1.43   7.92   0.05  -1.11
0  4.46e+06 4186.46 | 4150.89    0.0   2885     0 |    1.43   7.84   0.02  -1.11
0  4.53e+06 4186.46 | 4155.25    0.0   2886     0 |    1.43   8.56   0.03  -1.12
0  4.61e+06 4186.46 | 4156.79    0.0   2886     0 |    1.43   8.73   0.06  -1.12
0  4.69e+06 4186.46 | 4157.52    0.0   2886     0 |    1.43   9.31   0.12  -1.13
0  4.77e+06 4186.46 | 4150.06    0.0   2885     0 |    1.43   8.39   0.11  -1.13
0  4.85e+06 4186.46 | 4152.06    0.0   2885     0 |    1.43   8.12   0.07  -1.14
0  4.93e+06 4186.46 | 4145.67    0.0   2885     0 |    1.43   8.22  -0.02  -1.14
0  5.02e+06 4186.46 | 4143.47    0.0   2886     0 |    1.43   8.09   0.07  -1.14
0  5.10e+06 4186.46 | 4149.30    0.0   2885     0 |    1.43   8.66   0.08  -1.15
0  5.18e+06 4186.46 | 4148.81    0.0   2885     0 |    1.43   8.07   0.03  -1.15
0  5.26e+06 4186.46 | 4147.12    0.0   2885     0 |    1.43   8.41   0.09  -1.15
0  5.34e+06 4186.46 | 4150.57    0.0   2886     0 |    1.43   7.29   0.17  -1.16
0  5.41e+06 4186.46 | 4149.57    0.0   2886     0 |    1.43   7.96   0.10  -1.16
0  5.49e+06 4186.46 | 4151.98    0.0   2885     0 |    1.43   7.76   0.07  -1.16
0  5.58e+06 4186.46 | 4154.88    0.0   2885     0 |    1.43   7.28   0.11  -1.15
0  5.66e+06 4186.46 | 4156.05    0.0   2885     0 |    1.43   8.97   0.10  -1.15
0  5.74e+06 4186.46 | 4163.12    0.0   2885     0 |    1.43   8.69   0.05  -1.16
0  5.82e+06 4186.46 | 4162.91    0.0   2885     0 |    1.43   8.46   0.09  -1.16
0  5.89e+06 4186.46 | 4156.14    0.0   2885     0 |    1.43   7.84   0.08  -1.16
0  5.97e+06 4186.46 | 4161.82    0.0   2885     0 |    1.44   8.01   0.07  -1.16
0  6.05e+06 4186.46 | 4157.69    0.0   2885     0 |    1.44   8.11  -0.03  -1.16
0  6.13e+06 4186.46 | 4163.02    0.0   2885     0 |    1.44   7.94   0.09  -1.16
0  6.21e+06 4186.46 | 4165.56    0.0   2885     0 |    1.44   8.73   0.04  -1.15
0  6.29e+06 4186.46 | 4162.06    0.0   2885     0 |    1.44   7.51   0.20  -1.16
0  6.37e+06 4186.46 | 4164.73    0.0   2885     0 |    1.44   7.31   0.15  -1.15
0  6.45e+06 4186.46 | 4163.34    0.0   2885     0 |    1.44   7.87   0.01  -1.16
0  6.53e+06 4186.46 | 4165.10    0.0   2885     0 |    1.44   8.42   0.08  -1.15
0  6.61e+06 4186.46 | 4164.27    0.0   2885     0 |    1.44   8.80   0.00  -1.15
0  6.69e+06 4186.46 | 4164.34    0.0   2885     0 |    1.44   8.42   0.05  -1.15
0  6.78e+06 4186.46 | 4167.90    0.0   2885     0 |    1.44   8.03   0.10  -1.15
0  6.85e+06 4186.46 | 4164.13    0.0   2885     0 |    1.44   9.13  -0.09  -1.16
0  6.93e+06 4186.46 | 4164.36    0.0   2885     0 |    1.44   7.61  -0.01  -1.17
0  7.01e+06 4186.46 | 4164.68    0.0   2885     0 |    1.44   8.08   0.05  -1.17
0  7.09e+06 4186.46 | 4159.97    0.0   2885     0 |    1.44   8.27   0.06  -1.16
0  7.17e+06 4186.46 | 4166.72    0.0   2885     0 |    1.44   9.26   0.01  -1.16
0  7.25e+06 4186.46 | 4169.45    0.0   2885     0 |    1.44   8.80   0.13  -1.15
0  7.34e+06 4186.46 | 4170.05    0.0   2885     0 |    1.44   7.58   0.08  -1.16
0  7.42e+06 4186.46 | 4173.48    0.0   2885     0 |    1.44   6.86   0.11  -1.16
0  7.50e+06 4186.46 | 4163.62    0.0   2886     0 |    1.44   8.80   0.17  -1.16
0  7.58e+06 4186.46 | 4164.45    0.0   2886     0 |    1.44   8.68   0.14  -1.17
0  7.65e+06 4186.46 | 4155.37    0.0   2885     0 |    1.44   7.23  -0.04  -1.16
0  7.73e+06 4186.46 | 4159.50    0.0   2886     0 |    1.44   8.47  -0.03  -1.16
0  7.81e+06 4186.46 | 4160.24    0.0   2886     0 |    1.44   8.55   0.04  -1.15
0  7.89e+06 4186.46 | 4159.01    0.0   2886     0 |    1.44   8.51   0.03  -1.16
0  7.98e+06 4186.46 | 4154.22    0.0   2886     0 |    1.44   7.53   0.02  -1.15
0  8.06e+06 4186.46 | 4168.60    0.0   2885     0 |    1.44   7.39   0.02  -1.16
0  8.14e+06 4186.46 | 4172.13    0.0   2886     0 |    1.44   7.57   0.02  -1.15
0  8.22e+06 4186.46 | 4167.89    0.0   2885     0 |    1.44   7.71   0.16  -1.16
0  8.30e+06 4186.46 | 4169.15    0.0   2886     0 |    1.44   9.13   0.03  -1.16
0  8.38e+06 4186.46 | 4168.95    0.0   2886     0 |    1.44   8.21  -0.03  -1.16
0  8.46e+06 4186.46 | 4167.36    0.0   2886     0 |    1.44   8.18  -0.02  -1.16
0  8.54e+06 4186.46 | 4164.09    0.0   2886     0 |    1.44   9.07  -0.06  -1.16
0  8.62e+06 4186.46 | 4164.90    0.0   2886     0 |    1.44   7.96  -0.02  -1.16
0  8.70e+06 4186.46 | 4166.60    0.0   2886     0 |    1.44   8.45  -0.02  -1.16
0  8.78e+06 4186.46 | 4169.93    0.0   2886     0 |    1.44   8.58   0.08  -1.17
0  8.85e+06 4186.46 | 4167.77    0.0   2886     0 |    1.44   7.47   0.15  -1.16
0  8.93e+06 4186.46 | 4170.16    0.0   2886     0 |    1.44   7.93   0.13  -1.15
0  9.01e+06 4186.46 | 4169.91    0.0   2886     0 |    1.44   8.29   0.07  -1.16
0  9.10e+06 4186.46 | 4171.25    0.0   2886     0 |    1.44   9.83   0.09  -1.17
0  9.18e+06 4186.46 | 4179.51    0.0   2886     0 |    1.44   7.48   0.10  -1.16
0  9.26e+06 4186.46 | 4174.16    0.0   2886     0 |    1.44   8.32  -0.02  -1.17
0  9.34e+06 4186.46 | 4172.99    0.0   2886     0 |    1.44   7.34   0.02  -1.16
0  9.42e+06 4186.46 | 4171.44    0.0   2886     0 |    1.44   7.42   0.10  -1.17
0  9.49e+06 4186.46 | 4165.43    0.0   2886     0 |    1.44   6.73   0.03  -1.15
0  9.57e+06 4186.46 | 4172.62    0.0   2886     0 |    1.44   8.19   0.01  -1.15
0  9.66e+06 4186.46 | 4167.80    0.0   2886     0 |    1.44   9.05  -0.03  -1.16
0  9.74e+06 4186.46 | 4169.64    0.0   2886     0 |    1.44   8.97   0.08  -1.15
0  9.82e+06 4186.46 | 4168.64    0.0   2886     0 |    1.44   8.12   0.02  -1.16
0  9.90e+06 4186.46 | 4167.64    0.0   2886     0 |    1.44   7.96   0.01  -1.16
0  9.98e+06 4186.46 | 4170.35    0.0   2886     0 |    1.44   8.18   0.01  -1.16
0  1.01e+07 4186.46 | 4173.20    0.0   2886     0 |    1.44   8.34   0.01  -1.16
0  1.01e+07 4186.46 | 4166.24    0.0   2886     0 |    1.44   7.53   0.03  -1.16
0  1.02e+07 4186.46 | 4163.32    0.0   2886     0 |    1.44   7.17   0.23  -1.16
0  1.03e+07 4186.46 | 4169.98    0.0   2886     0 |    1.44   7.75   0.05  -1.15
0  1.04e+07 4186.46 | 4173.32    0.0   2886     0 |    1.44   8.13   0.07  -1.15
0  1.05e+07 4186.46 | 4176.08    0.0   2886     0 |    1.44   8.13  -0.03  -1.16
0  1.05e+07 4186.46 | 4174.31    0.0   2886     0 |    1.44   7.97  -0.02  -1.16
0  1.06e+07 4186.46 | 4174.41    0.0   2886     0 |    1.44   8.85   0.05  -1.16
0  1.07e+07 4186.46 | 4178.04    0.0   2886     0 |    1.44   6.67   0.03  -1.15
0  1.08e+07 4186.46 | 4176.94    0.0   2886     0 |    1.45   8.40   0.02  -1.15
0  1.09e+07 4186.46 | 4178.36    0.0   2886     0 |    1.44   8.10   0.08  -1.15
0  1.09e+07 4186.46 | 4181.43    0.0   2886     0 |    1.44   8.39   0.05  -1.15
0  1.10e+07 4186.46 | 4175.64    0.0   2886     0 |    1.44   8.57   0.03  -1.16
0  1.11e+07 4186.46 | 4178.56    0.0   2886     0 |    1.44   8.50   0.13  -1.15
0  1.12e+07 4186.46 | 4175.35    0.0   2886     0 |    1.44   6.63   0.11  -1.16
0  1.13e+07 4186.46 | 4179.42    0.0   2886     0 |    1.45   7.66   0.11  -1.16
0  1.14e+07 4186.46 | 4182.60    0.0   2886     0 |    1.45   8.32   0.07  -1.16
0  1.14e+07 4186.46 | 4185.60    0.0   2886     0 |    1.45   7.36   0.03  -1.16
0  1.15e+07 4186.46 | 4185.64    0.0   2885     0 |    1.45   8.15   0.02  -1.16
0  1.16e+07 4188.73 |
成功率：99.8%, 提交量大于阈值的概率：0.05437%, 超供率：97.1%, 超供程度：79.1%, 超供平均值：5.3, 方差：101.2
0  1.16e+07 4188.73 | 4188.73    0.0   2885     0 |    1.45   9.19  -0.05  -1.15
0  1.16e+07 4189.28 |
成功率：99.8%, 提交量大于阈值的概率：0.05955%, 超供率：97.0%, 超供程度：79.1%, 超供平均值：5.3, 方差：101.2
0  1.16e+07 4189.28 | 4189.28    0.0   2885     0 |    1.45   7.88   0.03  -1.15
0  1.17e+07 4189.28 | 4184.09    0.0   2885     0 |    1.45   7.32   0.04  -1.15
0  1.18e+07 4189.38 |
成功率：99.8%, 提交量大于阈值的概率：0.06214%, 超供率：97.0%, 超供程度：78.9%, 超供平均值：5.3, 方差：101.2
0  1.18e+07 4189.38 | 4189.38    0.0   2885     0 |    1.44   7.45   0.10  -1.16
0  1.18e+07 4191.58 |
成功率：99.8%, 提交量大于阈值的概率：0.06085%, 超供率：97.1%, 超供程度：78.9%, 超供平均值：5.3, 方差：100.9
0  1.18e+07 4191.58 | 4191.58    0.0   2886     0 |    1.45   7.31  -0.01  -1.16
0  1.19e+07 4191.58 | 4191.01    0.0   2886     0 |    1.45   7.20   0.08  -1.17
0  1.20e+07 4192.05 |
成功率：99.8%, 提交量大于阈值的概率：0.05307%, 超供率：97.2%, 超供程度：79.3%, 超供平均值：5.3, 方差：100.9
0  1.20e+07 4192.05 | 4192.05    0.0   2886     0 |    1.45   8.14   0.07  -1.16
0  1.20e+07 4192.05 | 4184.93    0.0   2885     0 |    1.45   7.67   0.01  -1.16
0  1.21e+07 4192.05 | 4187.74    0.0   2885     0 |    1.45   7.74   0.02  -1.16
0  1.22e+07 4192.05 | 4187.41    0.0   2885     0 |    1.45   7.75   0.08  -1.14
0  1.23e+07 4192.05 | 4190.87    0.0   2885     0 |    1.45   8.05   0.10  -1.15
0  1.23e+07 4192.05 | 4190.28    0.0   2885     0 |    1.45   7.14   0.03  -1.15
0  1.24e+07 4192.59 |
成功率：99.8%, 提交量大于阈值的概率：0.05697%, 超供率：96.6%, 超供程度：78.4%, 超供平均值：5.3, 方差：99.7
0  1.24e+07 4192.59 | 4192.59    0.0   2885     0 |    1.45   8.08   0.14  -1.15
0  1.25e+07 4199.57 |
成功率：99.8%, 提交量大于阈值的概率：0.06086%, 超供率：96.4%, 超供程度：78.0%, 超供平均值：5.3, 方差：99.9
0  1.25e+07 4199.57 | 4199.57    0.0   2885     0 |    1.45   7.22   0.07  -1.15
0  1.25e+07 4199.57 | 4190.94    0.0   2885     0 |    1.45   8.47   0.13  -1.16
0  1.26e+07 4199.57 | 4187.52    0.0   2885     0 |    1.45   8.31   0.01  -1.15
0  1.27e+07 4199.57 | 4182.65    0.0   2885     0 |    1.45   8.13   0.08  -1.16
0  1.28e+07 4199.57 | 4179.67    0.0   2885     0 |    1.44   8.24  -0.08  -1.17
0  1.28e+07 4199.57 | 4182.45    0.0   2885     0 |    1.45   7.14   0.11  -1.16
0  1.29e+07 4199.57 | 4181.82    0.0   2885     0 |    1.45   9.17  -0.03  -1.16
0  1.30e+07 4199.57 | 4187.80    0.0   2885     0 |    1.45   7.24  -0.01  -1.16
0  1.31e+07 4199.57 | 4180.49    0.0   2885     0 |    1.44   7.44   0.04  -1.17
0  1.32e+07 4199.57 | 4180.67    0.0   2885     0 |    1.45   7.31   0.05  -1.16
0  1.32e+07 4199.57 | 4176.85    0.0   2885     0 |    1.44   7.83   0.15  -1.16
0  1.33e+07 4199.57 | 4180.53    0.0   2885     0 |    1.44   7.90   0.15  -1.15
0  1.34e+07 4199.57 | 4188.10    0.0   2885     0 |    1.45   7.81   0.07  -1.15
0  1.35e+07 4199.57 | 4194.24    0.0   2885     0 |    1.45   8.13   0.02  -1.14
0  1.36e+07 4199.57 | 4196.23    0.0   2885     0 |    1.45   7.70   0.10  -1.16
0  1.36e+07 4199.57 | 4192.77    0.0   2885     0 |    1.45   8.24  -0.02  -1.16
0  1.37e+07 4199.57 | 4192.57    0.0   2885     0 |    1.45   8.13   0.04  -1.16
0  1.38e+07 4199.57 | 4193.45    0.0   2885     0 |    1.45   7.78  -0.05  -1.15
0  1.39e+07 4199.57 | 4193.40    0.0   2885     0 |    1.45   8.53   0.08  -1.15
0  1.40e+07 4199.57 | 4191.98    0.0   2885     0 |    1.45   7.78   0.04  -1.15
0  1.40e+07 4199.57 | 4194.65    0.0   2885     0 |    1.45   6.40   0.10  -1.15
0  1.41e+07 4199.57 | 4184.48    0.0   2885     0 |    1.45   8.44   0.02  -1.16
0  1.42e+07 4199.57 | 4187.68    0.0   2885     0 |    1.45   7.15   0.10  -1.16
0  1.43e+07 4199.57 | 4190.37    0.0   2885     0 |    1.45   7.89   0.07  -1.15
0  1.44e+07 4199.57 | 4188.11    0.0   2885     0 |    1.45   8.14   0.03  -1.16
0  1.44e+07 4199.57 | 4187.94    0.0   2885     0 |    1.45   8.14   0.07  -1.16
0  1.45e+07 4199.57 | 4182.19    0.0   2885     0 |    1.44   7.49   0.08  -1.15
0  1.46e+07 4199.57 | 4181.28    0.0   2885     0 |    1.44   7.19   0.08  -1.15
0  1.47e+07 4199.57 | 4178.88    0.0   2885     0 |    1.44   7.89   0.01  -1.15
0  1.48e+07 4199.57 | 4178.35    0.0   2885     0 |    1.44   7.29   0.02  -1.15
0  1.48e+07 4199.57 | 4175.70    0.0   2884     0 |    1.44   8.25   0.08  -1.16
0  1.49e+07 4199.57 | 4174.42    0.0   2884     0 |    1.44   7.65   0.13  -1.16
0  1.50e+07 4199.57 | 4178.86    0.0   2884     0 |    1.44   7.29   0.09  -1.16
0  1.51e+07 4199.57 | 4173.16    0.0   2884     0 |    1.44   8.57   0.06  -1.15
0  1.52e+07 4199.57 | 4169.32    0.0   2885     0 |    1.44   7.80   0.10  -1.15
0  1.52e+07 4199.57 | 4167.55    0.0   2885     0 |    1.44   7.32   0.10  -1.16
0  1.53e+07 4199.57 | 4174.01    0.0   2885     0 |    1.44   7.44   0.08  -1.16
0  1.54e+07 4199.57 | 4173.96    0.0   2884     0 |    1.44   8.72  -0.00  -1.15
0  1.55e+07 4199.57 | 4173.03    0.0   2885     0 |    1.44   9.24   0.12  -1.14
0  1.56e+07 4199.57 | 4174.56    0.0   2885     0 |    1.44   7.08   0.09  -1.15
0  1.56e+07 4199.57 | 4169.34    0.0   2885     0 |    1.44   8.38   0.04  -1.16
0  1.57e+07 4199.57 | 4172.83    0.0   2885     0 |    1.44   8.50   0.04  -1.17
0  1.58e+07 4199.57 | 4158.46    0.0   2885     0 |    1.44   8.94  -0.04  -1.16
0  1.59e+07 4199.57 | 4154.30    0.0   2885     0 |    1.44   8.15   0.11  -1.16
0  1.60e+07 4199.57 | 4156.22    0.0   2885     0 |    1.44   8.03   0.21  -1.16
0  1.60e+07 4199.57 | 4162.02    0.0   2885     0 |    1.44   8.47   0.19  -1.16
0  1.61e+07 4199.57 | 4161.46    0.0   2885     0 |    1.44   7.90   0.14  -1.16
0  1.62e+07 4199.57 | 4165.46    0.0   2885     0 |    1.44   7.62   0.11  -1.16
0  1.63e+07 4199.57 | 4171.28    0.0   2885     0 |    1.44   8.27   0.08  -1.16
0  1.64e+07 4199.57 | 4166.22    0.0   2885     0 |    1.44   8.93  -0.02  -1.16
0  1.64e+07 4199.57 | 4168.46    0.0   2885     0 |    1.44   7.38   0.02  -1.15
0  1.65e+07 4199.57 | 4167.92    0.0   2885     0 |    1.44   7.83   0.08  -1.16
0  1.66e+07 4199.57 | 4165.62    0.0   2885     0 |    1.44   8.57   0.18  -1.16
0  1.67e+07 4199.57 | 4169.29    0.0   2885     0 |    1.44   7.82   0.03  -1.17
0  1.68e+07 4199.57 | 4166.69    0.0   2885     0 |    1.44   7.44   0.13  -1.16
0  1.69e+07 4199.57 | 4166.32    0.0   2885     0 |    1.44   8.64   0.12  -1.16
0  1.69e+07 4199.57 | 4168.54    0.0   2885     0 |    1.44   7.50   0.02  -1.15
0  1.70e+07 4199.57 | 4162.70    0.0   2885     0 |    1.44   8.01   0.09  -1.15
0  1.71e+07 4199.57 | 4155.80    0.0   2885     0 |    1.44   8.67   0.13  -1.15
0  1.72e+07 4199.57 | 4145.61    0.0   2885     0 |    1.43   7.64   0.10  -1.15
0  1.73e+07 4199.57 | 4152.53    0.0   2885     0 |    1.44   8.95   0.01  -1.16
0  1.73e+07 4199.57 | 4154.99    0.0   2884     0 |    1.44   7.65   0.14  -1.16
0  1.74e+07 4199.57 | 4158.22    0.0   2884     0 |    1.44   6.90   0.10  -1.16
0  1.75e+07 4199.57 | 4156.07    0.0   2884     0 |    1.44   8.03   0.10  -1.15
0  1.76e+07 4199.57 | 4145.58    0.0   2885     0 |    1.43   8.88   0.03  -1.16
0  1.77e+07 4199.57 | 4139.68    0.0   2884     0 |    1.43   7.58  -0.03  -1.16
0  1.77e+07 4199.57 | 4130.83    0.0   2884     0 |    1.43   7.83   0.12  -1.15
0  1.78e+07 4199.57 | 4143.20    0.0   2884     0 |    1.43   8.35   0.02  -1.16
0  1.79e+07 4199.57 | 4135.58    0.0   2885     0 |    1.43   7.86   0.04  -1.16
0  1.80e+07 4199.57 | 4144.31    0.0   2885     0 |    1.43   7.97   0.02  -1.16
0  1.81e+07 4199.57 | 4149.16    0.0   2885     0 |    1.44   8.15   0.05  -1.16
0  1.81e+07 4199.57 | 4145.11    0.0   2885     0 |    1.43   8.73   0.10  -1.16
0  1.82e+07 4199.57 | 4148.43    0.0   2885     0 |    1.43   8.62   0.00  -1.16
0  1.83e+07 4199.57 | 4147.13    0.0   2885     0 |    1.43   8.55   0.16  -1.16
0  1.84e+07 4199.57 | 4142.19    0.0   2885     0 |    1.43   8.16   0.10  -1.16
0  1.84e+07 4199.57 | 4147.41    0.0   2884     0 |    1.43   8.92   0.03  -1.16
0  1.85e+07 4199.57 | 4140.07    0.0   2884     0 |    1.43   8.08   0.06  -1.16
0  1.86e+07 4199.57 | 4138.28    0.0   2885     0 |    1.43   8.17  -0.01  -1.16
0  1.87e+07 4199.57 | 4133.27    0.0   2884     0 |    1.43   8.52   0.07  -1.15
0  1.88e+07 4199.57 | 4127.82    0.0   2884     0 |    1.43   8.23   0.14  -1.15
0  1.88e+07 4199.57 | 4128.05    0.0   2884     0 |    1.43   8.95  -0.02  -1.15
0  1.89e+07 4199.57 | 4122.15    0.0   2884     0 |    1.42   8.65  -0.03  -1.15
0  1.90e+07 4199.57 | 4123.75    0.0   2884     0 |    1.43   7.47   0.04  -1.16
0  1.91e+07 4199.57 | 4128.27    0.0   2884     0 |    1.43   8.05   0.10  -1.16
0  1.92e+07 4199.57 | 4131.01    0.0   2884     0 |    1.43   8.21  -0.02  -1.15
0  1.92e+07 4199.57 | 4131.84    0.0   2884     0 |    1.43   9.18   0.10  -1.15
0  1.93e+07 4199.57 | 4139.08    0.0   2884     0 |    1.43   8.19   0.15  -1.16
0  1.94e+07 4199.57 | 4134.04    0.0   2884     0 |    1.43   8.40  -0.01  -1.16
0  1.95e+07 4199.57 | 4133.02    0.0   2884     0 |    1.43   8.02   0.07  -1.17
0  1.96e+07 4199.57 | 4132.02    0.0   2884     0 |    1.43   7.24   0.02  -1.17
0  1.96e+07 4199.57 | 4128.70    0.0   2884     0 |    1.43   8.11  -0.04  -1.16
0  1.97e+07 4199.57 | 4126.62    0.0   2883     0 |    1.43   8.31   0.07  -1.16
0  1.98e+07 4199.57 | 4120.12    0.0   2884     0 |    1.43   7.23  -0.03  -1.16
0  1.99e+07 4199.57 | 4117.98    0.0   2884     0 |    1.42   7.75   0.06  -1.16
0  2.00e+07 4199.57 | 4116.63    0.0   2884     0 |    1.42   7.25   0.01  -1.16
0  2.00e+07 4199.57 | 4103.28    0.0   2884     0 |    1.42   7.60   0.13  -1.16
0  2.01e+07 4199.57 | 4117.69    0.0   2884     0 |    1.42   7.42  -0.07  -1.16
0  2.02e+07 4199.57 | 4127.22    0.0   2884     0 |    1.43   7.17   0.06  -1.16
0  2.03e+07 4199.57 | 4128.02    0.0   2884     0 |    1.43   7.08   0.10  -1.15
0  2.04e+07 4199.57 | 4119.72    0.0   2884     0 |    1.42   7.41  -0.01  -1.16
0  2.04e+07 4199.57 | 4125.67    0.0   2885     0 |    1.43   7.93   0.08  -1.15
0  2.05e+07 4199.57 | 4128.09    0.0   2884     0 |    1.43   7.33   0.05  -1.16
0  2.06e+07 4199.57 | 4128.33    0.0   2884     0 |    1.43   7.67   0.07  -1.15
0  2.07e+07 4199.57 | 4132.67    0.0   2884     0 |    1.43   8.58   0.13  -1.15
0  2.08e+07 4199.57 | 4140.90    0.0   2884     0 |    1.43   8.15   0.08  -1.14
0  2.08e+07 4199.57 | 4141.06    0.0   2885     0 |    1.43   7.80   0.11  -1.15
0  2.09e+07 4199.57 | 4145.03    0.0   2885     0 |    1.43   7.29   0.01  -1.15
0  2.10e+07 4199.57 | 4136.42    0.0   2885     0 |    1.43   7.84   0.04  -1.15
0  2.11e+07 4199.57 | 4138.43    0.0   2885     0 |    1.43   7.79   0.03  -1.16
0  2.12e+07 4199.57 | 4144.15    0.0   2885     0 |    1.43   7.36   0.03  -1.16
0  2.12e+07 4199.57 | 4144.29    0.0   2885     0 |    1.43   8.07   0.08  -1.16
0  2.13e+07 4199.57 | 4149.20    0.0   2885     0 |    1.43   8.03   0.04  -1.15
0  2.14e+07 4199.57 | 4146.33    0.0   2885     0 |    1.44   6.82   0.16  -1.15
0  2.15e+07 4199.57 | 4139.20    0.0   2885     0 |    1.43   8.47  -0.04  -1.15
0  2.16e+07 4199.57 | 4142.01    0.0   2885     0 |    1.43   6.53   0.00  -1.15
0  2.16e+07 4199.57 | 4145.37    0.0   2885     0 |    1.43   6.94  -0.01  -1.16
0  2.17e+07 4199.57 | 4144.34    0.0   2885     0 |    1.43   8.34   0.01  -1.15
0  2.18e+07 4199.57 | 4145.45    0.0   2885     0 |    1.43   8.49   0.07  -1.15
0  2.19e+07 4199.57 | 4144.98    0.0   2885     0 |    1.43   8.84   0.00  -1.15
0  2.20e+07 4199.57 | 4142.90    0.0   2884     0 |    1.43   8.02   0.08  -1.16
0  2.20e+07 4199.57 | 4138.48    0.0   2884     0 |    1.43   8.44   0.10  -1.17
0  2.21e+07 4199.57 | 4131.30    0.0   2885     0 |    1.43   7.88   0.02  -1.16
0  2.22e+07 4199.57 | 4141.09    0.0   2884     0 |    1.43   7.80   0.12  -1.16
0  2.23e+07 4199.57 | 4141.88    0.0   2884     0 |    1.43   7.94   0.03  -1.16
0  2.24e+07 4199.57 | 4144.80    0.0   2882     0 |    1.43   7.60   0.14  -1.15
0  2.24e+07 4199.57 | 4140.22    0.0   2884     0 |    1.43   7.70   0.11  -1.15
0  2.25e+07 4199.57 | 4141.43    0.0   2884     0 |    1.43   8.10  -0.06  -1.14
0  2.26e+07 4199.57 | 4148.72    0.0   2883     0 |    1.43   7.46   0.03  -1.15
0  2.27e+07 4199.57 | 4141.48    0.0   2884     0 |    1.43   7.82   0.04  -1.15
0  2.28e+07 4199.57 | 4142.97    0.0   2884     0 |    1.43   7.40   0.10  -1.15
0  2.28e+07 4199.57 | 4137.74    0.0   2883     0 |    1.43   7.87   0.14  -1.15
0  2.29e+07 4199.57 | 4128.17    0.0   2884     0 |    1.43   6.61   0.09  -1.15
0  2.30e+07 4199.57 | 4122.91    0.0   2884     0 |    1.43   6.62   0.17  -1.15
0  2.31e+07 4199.57 | 4130.23    0.0   2884     0 |    1.43   8.34   0.16  -1.15
0  2.32e+07 4199.57 | 4131.73    0.0   2884     0 |    1.43   8.24   0.01  -1.15
0  2.32e+07 4199.57 | 4133.31    0.0   2884     0 |    1.43   8.69   0.05  -1.16
0  2.33e+07 4199.57 | 4130.63    0.0   2884     0 |    1.43   7.46   0.08  -1.16
0  2.34e+07 4199.57 | 4136.77    0.0   2884     0 |    1.43   8.91   0.03  -1.16
0  2.35e+07 4199.57 | 4129.82    0.0   2883     0 |    1.43   7.83  -0.00  -1.15
0  2.36e+07 4199.57 | 4143.65    0.0   2884     0 |    1.43   7.00   0.04  -1.16
0  2.37e+07 4199.57 | 4139.77    0.0   2884     0 |    1.43   8.10  -0.05  -1.16
0  2.37e+07 4199.57 | 4138.49    0.0   2884     0 |    1.42   7.76   0.12  -1.15
0  2.38e+07 4199.57 | 4135.40    0.0   2884     0 |    1.43   8.38   0.11  -1.14
0  2.39e+07 4199.57 | 4128.32    0.0   2884     0 |    1.43   8.24   0.11  -1.14
0  2.40e+07 4199.57 | 4127.32    0.0   2884     0 |    1.43   7.95   0.13  -1.15
0  2.41e+07 4199.57 | 4131.06    0.0   2884     0 |    1.43   6.92   0.09  -1.15
0  2.41e+07 4199.57 | 4127.77    0.0   2883     0 |    1.43   8.73   0.07  -1.15
0  2.42e+07 4199.57 | 4124.89    0.0   2883     0 |    1.43   8.76   0.04  -1.15
0  2.43e+07 4199.57 | 4129.47    0.0   2884     0 |    1.43   7.29   0.13  -1.14
0  2.44e+07 4199.57 | 4120.63    0.0   2884     0 |    1.43   8.47   0.01  -1.15
0  2.45e+07 4199.57 | 4107.28    0.0   2884     0 |    1.42   7.83  -0.02  -1.15
0  2.45e+07 4199.57 | 4108.77    0.0   2884     0 |    1.42   6.97   0.16  -1.16
0  2.46e+07 4199.57 | 4104.16    0.0   2884     0 |    1.42   7.96   0.05  -1.14
0  2.47e+07 4199.57 | 4093.96    0.0   2884     0 |    1.42   7.71   0.05  -1.14
0  2.48e+07 4199.57 | 4103.21    0.0   2884     0 |    1.41   7.50  -0.05  -1.14
0  2.49e+07 4199.57 | 4103.06    0.0   2884     0 |    1.42   6.50   0.10  -1.13
0  2.49e+07 4199.57 | 4103.12    0.0   2884     0 |    1.42   9.36  -0.02  -1.14
0  2.50e+07 4199.57 | 4113.63    0.0   2884     0 |    1.42   8.65  -0.03  -1.14
0  2.51e+07 4199.57 | 4100.71    0.0   2884     0 |    1.42   7.38   0.02  -1.15
0  2.52e+07 4199.57 | 4102.24    0.0   2884     0 |    1.42   7.57   0.10  -1.15
0  2.53e+07 4199.57 | 4113.36    0.0   2884     0 |    1.42   8.15  -0.00  -1.14
0  2.53e+07 4199.57 | 4115.47    0.0   2884     0 |    1.42   7.17   0.15  -1.14
0  2.54e+07 4199.57 | 4126.73    0.0   2884     0 |    1.43   7.30   0.03  -1.14
0  2.55e+07 4199.57 | 4110.04    0.0   2884     0 |    1.42   6.44   0.09  -1.14
0  2.56e+07 4199.57 | 4113.09    0.0   2884     0 |    1.42   8.75   0.09  -1.14
0  2.57e+07 4199.57 | 4111.26    0.0   2884     0 |    1.43   7.72   0.12  -1.16
0  2.58e+07 4199.57 | 4105.94    0.0   2884     0 |    1.42   6.90   0.10  -1.16
0  2.58e+07 4199.57 | 4117.98    0.0   2884     0 |    1.43   7.51   0.09  -1.15
0  2.59e+07 4199.57 | 4124.93    0.0   2884     0 |    1.42   8.69   0.03  -1.15
0  2.60e+07 4199.57 | 4117.90    0.0   2884     0 |    1.43   9.08   0.06  -1.15
0  2.61e+07 4199.57 | 4117.06    0.0   2884     0 |    1.43   7.78   0.04  -1.15
0  2.62e+07 4199.57 | 4113.66    0.0   2884     0 |    1.43   8.86   0.00  -1.15
0  2.62e+07 4199.57 | 4122.94    0.0   2884     0 |    1.43   7.99   0.07  -1.15
0  2.63e+07 4199.57 | 4117.40    0.0   2884     0 |    1.42   6.81   0.04  -1.16
0  2.64e+07 4199.57 | 4120.71    0.0   2884     0 |    1.43   7.32   0.08  -1.16
0  2.65e+07 4199.57 | 4120.91    0.0   2884     0 |    1.42   7.52   0.09  -1.15
0  2.66e+07 4199.57 | 4116.43    0.0   2884     0 |    1.42   7.13   0.05  -1.15
0  2.66e+07 4199.57 | 4114.61    0.0   2884     0 |    1.43   8.30   0.11  -1.15
0  2.67e+07 4199.57 | 4118.11    0.0   2884     0 |    1.42   7.62   0.06  -1.14
0  2.68e+07 4199.57 | 4122.97    0.0   2884     0 |    1.43   6.94   0.01  -1.15
0  2.69e+07 4199.57 | 4105.76    0.0   2884     0 |    1.42   7.39   0.10  -1.15
0  2.70e+07 4199.57 | 4106.63    0.0   2884     0 |    1.42   7.44   0.14  -1.15
0  2.70e+07 4199.57 | 4102.79    0.0   2884     0 |    1.42   8.22  -0.06  -1.13
0  2.71e+07 4199.57 | 4096.43    0.0   2884     0 |    1.42   7.48   0.12  -1.14
0  2.72e+07 4199.57 | 4106.83    0.0   2884     0 |    1.42   8.39   0.06  -1.13
0  2.73e+07 4199.57 | 4108.78    0.0   2885     0 |    1.42   7.43   0.07  -1.14
0  2.74e+07 4199.57 | 4122.96    0.0   2884     0 |    1.42   6.91   0.11  -1.14
0  2.74e+07 4199.57 | 4128.18    0.0   2884     0 |    1.42   8.06   0.07  -1.15
0  2.75e+07 4199.57 | 4126.73    0.0   2884     0 |    1.43   6.42   0.06  -1.15
0  2.76e+07 4199.57 | 4133.05    0.0   2884     0 |    1.43   7.88  -0.04  -1.14
0  2.77e+07 4199.57 | 4132.44    0.0   2884     0 |    1.43   7.02   0.08  -1.14
0  2.78e+07 4199.57 | 4138.18    0.0   2884     0 |    1.43   7.79   0.04  -1.13
0  2.78e+07 4199.57 | 4137.84    0.0   2884     0 |    1.43   7.87   0.11  -1.13
0  2.79e+07 4199.57 | 4140.15    0.0   2884     0 |    1.43   6.78   0.13  -1.13
0  2.80e+07 4199.57 | 4142.32    0.0   2884     0 |    1.43   8.40  -0.01  -1.14
0  2.81e+07 4199.57 | 4131.47    0.0   2884     0 |    1.43   6.77   0.19  -1.14
0  2.82e+07 4199.57 | 4142.89    0.0   2884     0 |    1.43   7.66   0.11  -1.14
0  2.82e+07 4199.57 | 4135.36    0.0   2884     0 |    1.43   8.61   0.13  -1.14
0  2.83e+07 4199.57 | 4133.64    0.0   2884     0 |    1.43   6.83  -0.02  -1.14
0  2.84e+07 4199.57 | 4128.99    0.0   2884     0 |    1.43   6.53   0.03  -1.14
0  2.85e+07 4199.57 | 4129.86    0.0   2884     0 |    1.43   6.31   0.07  -1.15
0  2.86e+07 4199.57 | 4131.98    0.0   2884     0 |    1.43   7.79   0.10  -1.16
0  2.87e+07 4199.57 | 4130.63    0.0   2884     0 |    1.43   8.02   0.15  -1.16
0  2.87e+07 4199.57 | 4123.75    0.0   2884     0 |    1.43   7.09   0.06  -1.16
0  2.88e+07 4199.57 | 4129.89    0.0   2884     0 |    1.43   7.83   0.16  -1.15
0  2.89e+07 4199.57 | 4130.19    0.0   2884     0 |    1.42   7.44  -0.01  -1.15
0  2.90e+07 4199.57 | 4134.03    0.0   2884     0 |    1.43   7.49   0.14  -1.15
0  2.91e+07 4199.57 | 4134.52    0.0   2884     0 |    1.43   7.12   0.09  -1.15
0  2.91e+07 4199.57 | 4135.88    0.0   2884     0 |    1.43   8.55  -0.02  -1.15
0  2.92e+07 4199.57 | 4135.84    0.0   2884     0 |    1.43   7.16   0.17  -1.15
0  2.93e+07 4199.57 | 4130.08    0.0   2884     0 |    1.43   8.10   0.09  -1.15
0  2.94e+07 4199.57 | 4132.85    0.0   2884     0 |    1.43   7.94   0.04  -1.15
0  2.95e+07 4199.57 | 4131.12    0.0   2884     0 |    1.43   7.18   0.12  -1.15
0  2.95e+07 4199.57 | 4121.40    0.0   2884     0 |    1.43   7.85   0.03  -1.14
0  2.96e+07 4199.57 | 4137.77    0.0   2884     0 |    1.43   8.12  -0.02  -1.14
0  2.97e+07 4199.57 | 4134.70    0.0   2884     0 |    1.43   6.80   0.06  -1.15
0  2.98e+07 4199.57 | 4134.58    0.0   2884     0 |    1.43   8.32   0.01  -1.14
0  2.99e+07 4199.57 | 4131.75    0.0   2884     0 |    1.43   7.60   0.07  -1.14
0  2.99e+07 4199.57 | 4132.44    0.0   2884     0 |    1.43   8.80  -0.01  -1.14
0  3.00e+07 4199.57 | 4126.22    0.0   2884     0 |    1.43   7.27  -0.00  -1.14
0  3.01e+07 4199.57 | 4137.77    0.0   2884     0 |    1.43   6.84   0.19  -1.14
0  3.02e+07 4199.57 | 4126.14    0.0   2882     0 |    1.43   7.76  -0.03  -1.15
0  3.02e+07 4199.57 | 4126.18    0.0   2884     0 |    1.43   8.06   0.03  -1.15
