################################################################################
ID     Step    maxR |    avgR   stdR   avgS  stdS |    expR   objC   etc.
0  5.77e+03 4080.55 |
成功率：99.3%, 提交量大于阈值的概率：0.07416%, 超供率：95.8%, 超供程度：82.7%, 超供平均值：5.6, 方差：99.3
0  5.77e+03 4080.55 | 4080.55    0.0   2886     0 |    1.34   3.15   0.06  -0.50
0  5.77e+04 4099.01 |
成功率：99.5%, 提交量大于阈值的概率：0.06884%, 超供率：95.9%, 超供程度：82.9%, 超供平均值：5.6, 方差：99.4
0  5.77e+04 4099.01 | 4099.01    0.0   2887     0 |    1.35   2.88   0.01  -0.51
0  1.10e+05 4144.61 |
成功率：99.9%, 提交量大于阈值的概率：0.07117%, 超供率：96.3%, 超供程度：83.1%, 超供平均值：5.6, 方差：100.1
0  1.10e+05 4144.61 | 4144.61    0.0   2884     0 |    1.37   2.32   0.09  -0.52
0  1.62e+05 4156.22 |
成功率：99.8%, 提交量大于阈值的概率：0.04142%, 超供率：96.3%, 超供程度：83.4%, 超供平均值：5.7, 方差：98.4
0  1.62e+05 4156.22 | 4156.22    0.0   2884     0 |    1.38   2.40   0.00  -0.53
0  2.08e+05 4161.56 |
成功率：99.9%, 提交量大于阈值的概率：0.02717%, 超供率：96.4%, 超供程度：83.6%, 超供平均值：5.7, 方差：98.6
0  2.08e+05 4161.56 | 4161.56    0.0   2884     0 |    1.38   2.55   0.05  -0.55
0  2.60e+05 4167.22 |
成功率：99.9%, 提交量大于阈值的概率：0.02457%, 超供率：96.4%, 超供程度：83.7%, 超供平均值：5.7, 方差：100.4
0  2.60e+05 4167.22 | 4167.22    0.0   2884     0 |    1.39   3.05   0.07  -0.56
0  3.12e+05 4167.22 | 4166.62    0.0   2884     0 |    1.40   2.57   0.04  -0.57
0  3.87e+05 4181.14 |
成功率：99.9%, 提交量大于阈值的概率：0.02070%, 超供率：96.8%, 超供程度：82.4%, 超供平均值：5.6, 方差：96.9
0  3.87e+05 4181.14 | 4181.14    0.0   2884     0 |    1.40   2.62   0.06  -0.58
0  4.39e+05 4185.80 |
成功率：99.9%, 提交量大于阈值的概率：0.01682%, 超供率：96.7%, 超供程度：81.9%, 超供平均值：5.5, 方差：96.4
0  4.39e+05 4185.80 | 4185.80    0.0   2884     0 |    1.41   2.89   0.02  -0.60
0  4.90e+05 4185.80 | 4180.64    0.0   2886     0 |    1.41   2.87   0.04  -0.61
0  5.65e+05 4189.35 |
成功率：99.9%, 提交量大于阈值的概率：0.02069%, 超供率：97.8%, 超供程度：82.2%, 超供平均值：5.5, 方差：99.5
0  5.65e+05 4189.35 | 4189.35    0.0   2886     0 |    1.42   2.72   0.01  -0.63
0  6.17e+05 4189.35 | 4182.90    0.0   2885     0 |    1.42   2.90  -0.00  -0.65
0  6.92e+05 4189.35 | 4188.36    0.0   2886     0 |    1.43   3.00  -0.09  -0.68
0  7.67e+05 4189.35 | 4180.32    0.0   2885     0 |    1.43   3.40  -0.03  -0.70
0  8.42e+05 4189.35 | 4181.11    0.0   2884     0 |    1.43   2.69  -0.05  -0.71
0  9.17e+05 4189.35 | 4176.26    0.0   2886     0 |    1.43   3.11   0.01  -0.73
0  9.92e+05 4189.35 | 4184.66    0.0   2884     0 |    1.43   2.93   0.08  -0.73
0  1.07e+06 4194.03 |
成功率：99.9%, 提交量大于阈值的概率：0.03365%, 超供率：97.5%, 超供程度：80.2%, 超供平均值：5.4, 方差：100.6
0  1.07e+06 4194.03 | 4194.03    0.0   2887     0 |    1.44   3.01   0.03  -0.74
0  1.11e+06 4194.03 | 4190.00    0.0   2887     0 |    1.44   3.12   0.00  -0.76
0  1.19e+06 4194.03 | 4180.42    0.0   2887     0 |    1.44   3.31   0.03  -0.77
0  1.26e+06 4194.03 | 4188.82    0.0   2887     0 |    1.44   2.85  -0.01  -0.78
0  1.34e+06 4194.03 | 4181.00    0.0   2887     0 |    1.44   3.21   0.12  -0.79
0  1.41e+06 4194.03 | 4192.16    0.0   2887     0 |    1.44   3.44   0.10  -0.81
0  1.49e+06 4194.03 | 4185.94    0.0   2887     0 |    1.44   3.26   0.01  -0.82
0  1.56e+06 4194.03 | 4177.16    0.0   2887     0 |    1.44   2.74  -0.03  -0.83
0  1.64e+06 4194.03 | 4178.74    0.0   2887     0 |    1.44   3.67   0.04  -0.85
0  1.71e+06 4194.03 | 4178.91    0.0   2887     0 |    1.44   2.76   0.06  -0.86
0  1.79e+06 4194.03 | 4185.95    0.0   2887     0 |    1.44   3.06   0.01  -0.89
0  1.86e+06 4194.03 | 4175.37    0.0   2887     0 |    1.44   3.04   0.01  -0.89
0  1.94e+06 4194.03 | 4173.15    0.0   2887     0 |    1.44   3.58   0.08  -0.91
0  2.02e+06 4194.03 | 4164.25    0.0   2887     0 |    1.44   2.79   0.06  -0.93
0  2.09e+06 4194.03 | 4162.28    0.0   2887     0 |    1.44   2.81   0.06  -0.94
0  2.17e+06 4194.03 | 4172.28    0.0   2887     0 |    1.44   3.38   0.04  -0.95
0  2.24e+06 4194.03 | 4176.48    0.0   2887     0 |    1.44   3.07   0.05  -0.96
0  2.32e+06 4194.03 | 4182.42    0.0   2887     0 |    1.44   3.05   0.14  -0.97
0  2.39e+06 4194.03 | 4181.76    0.0   2887     0 |    1.44   3.06   0.14  -0.99
0  2.47e+06 4194.03 | 4179.33    0.0   2886     0 |    1.44   3.03   0.12  -1.01
0  2.55e+06 4194.03 | 4183.09    0.0   2887     0 |    1.45   3.17   0.07  -1.02
0  2.62e+06 4194.03 | 4181.62    0.0   2887     0 |    1.44   3.27  -0.03  -1.03
0  2.70e+06 4194.03 | 4185.63    0.0   2885     0 |    1.45   3.14   0.13  -1.04
0  2.77e+06 4194.03 | 4185.80    0.0   2885     0 |    1.45   2.88  -0.04  -1.05
0  2.85e+06 4194.03 | 4183.41    0.0   2885     0 |    1.45   2.60  -0.05  -1.07
0  2.92e+06 4194.03 | 4181.75    0.0   2885     0 |    1.44   2.97   0.08  -1.09
0  3.00e+06 4194.03 | 4178.35    0.0   2885     0 |    1.45   2.95  -0.01  -1.10
0  3.07e+06 4194.03 | 4179.12    0.0   2885     0 |    1.44   2.77   0.00  -1.11
0  3.15e+06 4194.03 | 4174.90    0.0   2885     0 |    1.44   2.93   0.05  -1.12
0  3.22e+06 4194.03 | 4176.63    0.0   2884     0 |    1.44   2.77   0.02  -1.13
0  3.30e+06 4194.03 | 4174.17    0.0   2884     0 |    1.44   2.82  -0.03  -1.14
0  3.37e+06 4194.03 | 4165.11    0.0   2884     0 |    1.44   2.84   0.08  -1.15
0  3.45e+06 4194.03 | 4164.14    0.0   2884     0 |    1.44   2.69   0.12  -1.15
0  3.52e+06 4194.03 | 4160.76    0.0   2884     0 |    1.44   2.94   0.09  -1.15
0  3.60e+06 4194.03 | 4164.74    0.0   2884     0 |    1.44   3.14  -0.04  -1.16
0  3.67e+06 4194.03 | 4166.76    0.0   2884     0 |    1.44   2.67  -0.00  -1.16
0  3.75e+06 4194.03 | 4168.30    0.0   2884     0 |    1.44   2.91   0.07  -1.16
0  3.82e+06 4194.03 | 4166.26    0.0   2884     0 |    1.44   2.80   0.04  -1.16
0  3.90e+06 4194.03 | 4162.38    0.0   2884     0 |    1.44   3.10   0.05  -1.16
0  3.97e+06 4194.03 | 4154.38    0.0   2884     0 |    1.44   2.98   0.18  -1.17
0  4.05e+06 4194.03 | 4154.40    0.0   2884     0 |    1.44   2.89   0.02  -1.18
0  4.12e+06 4194.03 | 4154.78    0.0   2884     0 |    1.44   3.03   0.06  -1.16
0  4.20e+06 4194.03 | 4152.09    0.0   2884     0 |    1.44   2.58   0.02  -1.16
0  4.27e+06 4194.03 | 4155.13    0.0   2884     0 |    1.44   3.10  -0.11  -1.17
0  4.35e+06 4194.03 | 4149.94    0.0   2885     0 |    1.44   2.81  -0.08  -1.17
0  4.42e+06 4194.03 | 4159.36    0.0   2884     0 |    1.44   2.73  -0.04  -1.18
0  4.50e+06 4194.03 | 4163.87    0.0   2884     0 |    1.44   2.55   0.11  -1.16
0  4.57e+06 4194.03 | 4168.80    0.0   2884     0 |    1.44   2.79   0.15  -1.17
0  4.65e+06 4194.03 | 4167.20    0.0   2884     0 |    1.44   2.92   0.02  -1.17
0  4.72e+06 4194.03 | 4162.01    0.0   2884     0 |    1.44   2.78   0.14  -1.16
0  4.80e+06 4194.03 | 4161.77    0.0   2884     0 |    1.44   3.07   0.11  -1.17
0  4.87e+06 4194.03 | 4168.97    0.0   2884     0 |    1.44   2.96   0.06  -1.16
0  4.95e+06 4194.03 | 4169.28    0.0   2884     0 |    1.44   2.75   0.07  -1.17
0  5.02e+06 4194.03 | 4167.12    0.0   2884     0 |    1.44   2.76   0.06  -1.17
0  5.10e+06 4194.03 | 4174.40    0.0   2884     0 |    1.45   2.87   0.05  -1.17
0  5.17e+06 4194.03 | 4167.49    0.0   2884     0 |    1.44   2.81   0.04  -1.18
0  5.25e+06 4194.03 | 4166.79    0.0   2884     0 |    1.44   3.12  -0.13  -1.17
0  5.32e+06 4194.03 | 4165.07    0.0   2884     0 |    1.44   2.65   0.06  -1.16
0  5.40e+06 4194.03 | 4165.90    0.0   2884     0 |    1.44   2.83   0.10  -1.16
0  5.47e+06 4194.03 | 4166.36    0.0   2884     0 |    1.44   3.11   0.17  -1.16
0  5.55e+06 4194.03 | 4167.98    0.0   2884     0 |    1.44   3.04  -0.02  -1.15
0  5.63e+06 4194.03 | 4167.98    0.0   2884     0 |    1.44   2.74   0.09  -1.16
0  5.70e+06 4194.03 | 4173.67    0.0   2884     0 |    1.44   2.85   0.03  -1.15
0  5.78e+06 4194.03 | 4176.43    0.0   2884     0 |    1.45   2.61   0.03  -1.15
0  5.85e+06 4194.03 | 4178.16    0.0   2885     0 |    1.45   2.85  -0.04  -1.16
0  5.93e+06 4194.03 | 4177.56    0.0   2885     0 |    1.45   2.96   0.12  -1.16
0  6.00e+06 4194.03 | 4180.07    0.0   2885     0 |    1.45   2.81   0.04  -1.16
0  6.08e+06 4194.03 | 4181.40    0.0   2885     0 |    1.45   3.19   0.10  -1.17
0  6.15e+06 4194.03 | 4176.14    0.0   2885     0 |    1.45   3.04   0.03  -1.16
0  6.23e+06 4194.03 | 4181.41    0.0   2885     0 |    1.45   3.09   0.04  -1.16
0  6.30e+06 4194.03 | 4180.16    0.0   2884     0 |    1.45   2.89  -0.04  -1.16
0  6.38e+06 4194.03 | 4177.23    0.0   2886     0 |    1.44   2.76   0.14  -1.16
0  6.45e+06 4194.03 | 4170.73    0.0   2884     0 |    1.44   2.98   0.01  -1.17
0  6.53e+06 4194.03 | 4169.04    0.0   2884     0 |    1.44   3.04   0.09  -1.18
0  6.60e+06 4194.03 | 4165.98    0.0   2884     0 |    1.44   2.79   0.05  -1.17
0  6.68e+06 4194.03 | 4162.96    0.0   2884     0 |    1.44   2.72   0.09  -1.17
0  6.75e+06 4194.03 | 4158.45    0.0   2884     0 |    1.44   3.43  -0.10  -1.16
0  6.83e+06 4194.03 | 4156.54    0.0   2884     0 |    1.44   2.93   0.01  -1.18
0  6.90e+06 4194.03 | 4152.16    0.0   2884     0 |    1.44   2.71   0.01  -1.18
0  6.98e+06 4194.03 | 4159.53    0.0   2884     0 |    1.44   2.84   0.02  -1.17
0  7.05e+06 4194.03 | 4154.39    0.0   2884     0 |    1.44   2.64  -0.00  -1.18
0  7.13e+06 4194.03 | 4153.07    0.0   2884     0 |    1.44   2.58   0.07  -1.17
0  7.20e+06 4194.03 | 4156.78    0.0   2884     0 |    1.44   3.36   0.03  -1.17
0  7.28e+06 4194.03 | 4158.36    0.0   2884     0 |    1.44   3.22  -0.01  -1.16
0  7.35e+06 4194.03 | 4157.63    0.0   2884     0 |    1.44   3.07   0.12  -1.16
0  7.43e+06 4194.03 | 4156.99    0.0   2884     0 |    1.44   2.67   0.04  -1.16
0  7.50e+06 4194.03 | 4153.57    0.0   2884     0 |    1.44   2.76   0.06  -1.16
0  7.58e+06 4194.03 | 4153.75    0.0   2884     0 |    1.44   3.04   0.15  -1.18
0  7.65e+06 4194.03 | 4154.83    0.0   2884     0 |    1.44   3.46   0.02  -1.18
0  7.73e+06 4194.03 | 4155.29    0.0   2884     0 |    1.44   3.07   0.15  -1.17
0  7.80e+06 4194.03 | 4157.86    0.0   2884     0 |    1.44   3.13   0.06  -1.17
0  7.88e+06 4194.03 | 4154.50    0.0   2884     0 |    1.44   2.83  -0.05  -1.17
0  7.95e+06 4194.03 | 4144.98    0.0   2884     0 |    1.43   2.81  -0.01  -1.17
0  8.03e+06 4194.03 | 4143.78    0.0   2884     0 |    1.43   2.60   0.06  -1.17
0  8.10e+06 4194.03 | 4152.51    0.0   2884     0 |    1.43   3.42   0.08  -1.16
0  8.18e+06 4194.03 | 4154.45    0.0   2884     0 |    1.44   2.85  -0.04  -1.17
0  8.25e+06 4194.03 | 4156.85    0.0   2884     0 |    1.44   2.84  -0.07  -1.17
0  8.33e+06 4194.03 | 4152.96    0.0   2884     0 |    1.43   3.18   0.04  -1.17
0  8.40e+06 4194.03 | 4156.57    0.0   2884     0 |    1.44   2.74   0.10  -1.17
0  8.48e+06 4194.03 | 4158.34    0.0   2884     0 |    1.44   3.40   0.05  -1.17
0  8.55e+06 4194.03 | 4159.50    0.0   2884     0 |    1.44   2.81   0.06  -1.16
0  8.63e+06 4194.03 | 4158.19    0.0   2884     0 |    1.44   2.54   0.03  -1.16
0  8.70e+06 4194.03 | 4156.73    0.0   2884     0 |    1.44   2.78   0.08  -1.17
0  8.78e+06 4194.03 | 4158.45    0.0   2884     0 |    1.44   2.69   0.08  -1.16
0  8.85e+06 4194.03 | 4156.39    0.0   2884     0 |    1.44   2.75   0.14  -1.16
0  8.93e+06 4194.03 | 4157.71    0.0   2884     0 |    1.44   2.92   0.07  -1.16
0  9.00e+06 4194.03 | 4155.92    0.0   2884     0 |    1.44   2.76   0.04  -1.17
0  9.08e+06 4194.03 | 4152.35    0.0   2886     0 |    1.43   2.96   0.03  -1.17
0  9.15e+06 4194.03 | 4150.87    0.0   2887     0 |    1.44   2.70   0.09  -1.16
0  9.23e+06 4194.03 | 4153.32    0.0   2887     0 |    1.43   3.05   0.13  -1.15
0  9.30e+06 4194.03 | 4156.63    0.0   2887     0 |    1.44   2.85   0.10  -1.16
0  9.38e+06 4194.03 | 4157.86    0.0   2887     0 |    1.44   3.12   0.01  -1.16
0  9.45e+06 4194.03 | 4151.86    0.0   2887     0 |    1.44   3.01   0.20  -1.16
0  9.53e+06 4194.03 | 4151.46    0.0   2887     0 |    1.43   3.04   0.16  -1.16
0  9.60e+06 4194.03 | 4143.45    0.0   2887     0 |    1.43   3.06   0.04  -1.16
0  9.68e+06 4194.03 | 4143.86    0.0   2887     0 |    1.43   3.10   0.10  -1.17
0  9.76e+06 4194.03 | 4152.06    0.0   2887     0 |    1.43   3.38   0.08  -1.17
0  9.83e+06 4194.03 | 4147.62    0.0   2884     0 |    1.43   3.11  -0.00  -1.17
0  9.91e+06 4194.03 | 4141.33    0.0   2887     0 |    1.43   2.64   0.05  -1.17
0  9.98e+06 4194.03 | 4138.24    0.0   2886     0 |    1.43   2.90  -0.05  -1.17
0  1.01e+07 4194.03 | 4140.95    0.0   2884     0 |    1.43   2.65   0.09  -1.16
0  1.01e+07 4194.03 | 4154.82    0.0   2884     0 |    1.44   2.86  -0.02  -1.16
0  1.02e+07 4194.03 | 4156.71    0.0   2884     0 |    1.44   2.70   0.01  -1.15
0  1.03e+07 4194.03 | 4157.12    0.0   2885     0 |    1.44   3.00   0.07  -1.16
0  1.04e+07 4194.03 | 4155.64    0.0   2884     0 |    1.44   2.58  -0.08  -1.16
0  1.04e+07 4194.03 | 4156.50    0.0   2884     0 |    1.44   3.08   0.09  -1.16
0  1.05e+07 4194.03 | 4155.18    0.0   2884     0 |    1.44   2.85   0.05  -1.16
0  1.06e+07 4194.03 | 4155.01    0.0   2884     0 |    1.44   2.98   0.06  -1.15
0  1.07e+07 4194.03 | 4154.66    0.0   2884     0 |    1.44   3.21   0.03  -1.15
0  1.07e+07 4194.03 | 4148.20    0.0   2884     0 |    1.44   2.73   0.06  -1.16
0  1.08e+07 4194.03 | 4142.45    0.0   2883     0 |    1.44   2.99   0.11  -1.16
0  1.09e+07 4194.03 | 4152.15    0.0   2883     0 |    1.44   2.92   0.15  -1.16
0  1.10e+07 4194.03 | 4156.01    0.0   2884     0 |    1.44   2.92   0.13  -1.16
0  1.10e+07 4194.03 | 4154.66    0.0   2884     0 |    1.44   2.85   0.04  -1.16
0  1.11e+07 4194.03 | 4149.37    0.0   2884     0 |    1.44   2.74   0.10  -1.16
0  1.12e+07 4194.03 | 4151.87    0.0   2884     0 |    1.44   3.09  -0.15  -1.16
0  1.13e+07 4194.03 | 4151.10    0.0   2884     0 |    1.44   2.96   0.11  -1.16
0  1.13e+07 4194.03 | 4153.88    0.0   2884     0 |    1.44   3.11  -0.01  -1.16
0  1.14e+07 4194.03 | 4152.26    0.0   2884     0 |    1.44   2.43  -0.08  -1.16
0  1.15e+07 4194.03 | 4154.92    0.0   2884     0 |    1.44   2.89  -0.07  -1.17
0  1.16e+07 4194.03 | 4156.28    0.0   2884     0 |    1.44   3.00  -0.00  -1.16
0  1.16e+07 4194.03 | 4148.29    0.0   2884     0 |    1.44   3.32   0.03  -1.17
0  1.17e+07 4194.03 | 4146.65    0.0   2884     0 |    1.44   3.24   0.01  -1.17
0  1.18e+07 4194.03 | 4152.85    0.0   2884     0 |    1.44   2.69   0.06  -1.18
0  1.19e+07 4194.03 | 4151.47    0.0   2884     0 |    1.44   2.69   0.03  -1.17
0  1.19e+07 4194.03 | 4153.21    0.0   2884     0 |    1.44   2.73   0.02  -1.17
0  1.20e+07 4194.03 | 4154.51    0.0   2884     0 |    1.44   2.88   0.11  -1.17
0  1.21e+07 4194.03 | 4148.14    0.0   2884     0 |    1.44   2.89  -0.02  -1.17
0  1.22e+07 4194.03 | 4147.96    0.0   2884     0 |    1.44   2.92   0.08  -1.16
0  1.22e+07 4194.03 | 4149.62    0.0   2884     0 |    1.44   2.98   0.11  -1.16
0  1.23e+07 4194.03 | 4146.09    0.0   2884     0 |    1.44   2.84   0.01  -1.16
0  1.24e+07 4194.03 | 4136.71    0.0   2884     0 |    1.43   2.88   0.04  -1.16
0  1.25e+07 4194.03 | 4140.53    0.0   2884     0 |    1.43   3.00   0.07  -1.16
0  1.25e+07 4194.03 | 4141.18    0.0   2883     0 |    1.44   3.00   0.12  -1.16
0  1.26e+07 4194.03 | 4138.70    0.0   2883     0 |    1.43   2.74  -0.01  -1.17
0  1.27e+07 4194.03 | 4140.16    0.0   2883     0 |    1.44   3.01  -0.01  -1.17
0  1.28e+07 4194.03 | 4146.55    0.0   2883     0 |    1.44   2.94  -0.07  -1.17
0  1.28e+07 4194.03 | 4137.59    0.0   2883     0 |    1.43   3.00   0.04  -1.16
0  1.29e+07 4194.03 | 4138.97    0.0   2883     0 |    1.43   3.16   0.07  -1.15
0  1.30e+07 4194.03 | 4138.03    0.0   2883     0 |    1.43   2.87   0.03  -1.16
0  1.31e+07 4194.03 | 4141.55    0.0   2883     0 |    1.43   2.98   0.02  -1.16
0  1.31e+07 4194.03 | 4135.81    0.0   2883     0 |    1.43   3.24   0.05  -1.16
0  1.32e+07 4194.03 | 4139.54    0.0   2883     0 |    1.43   3.33  -0.11  -1.17
0  1.33e+07 4194.03 | 4139.58    0.0   2883     0 |    1.43   2.93   0.03  -1.17
0  1.34e+07 4194.03 | 4142.50    0.0   2883     0 |    1.43   2.77   0.10  -1.17
0  1.34e+07 4194.03 | 4145.29    0.0   2883     0 |    1.44   3.45   0.01  -1.17
0  1.35e+07 4194.03 | 4144.45    0.0   2883     0 |    1.44   2.81   0.09  -1.16
0  1.36e+07 4194.03 | 4139.19    0.0   2883     0 |    1.44   2.77   0.06  -1.16
0  1.37e+07 4194.03 | 4143.38    0.0   2883     0 |    1.44   3.32   0.02  -1.16
0  1.37e+07 4194.03 | 4144.72    0.0   2883     0 |    1.44   2.87   0.06  -1.15
0  1.38e+07 4194.03 | 4150.46    0.0   2883     0 |    1.44   3.01   0.09  -1.14
0  1.39e+07 4194.03 | 4146.85    0.0   2883     0 |    1.44   3.04   0.10  -1.14
0  1.40e+07 4194.03 | 4146.26    0.0   2884     0 |    1.44   2.84  -0.02  -1.15
0  1.40e+07 4194.03 | 4142.06    0.0   2883     0 |    1.44   2.74   0.12  -1.15
0  1.41e+07 4194.03 | 4142.75    0.0   2883     0 |    1.44   2.97   0.01  -1.16
0  1.42e+07 4194.03 | 4141.13    0.0   2883     0 |    1.43   2.76   0.03  -1.16
0  1.43e+07 4194.03 | 4143.20    0.0   2883     0 |    1.43   2.88  -0.02  -1.16
0  1.43e+07 4194.03 | 4139.23    0.0   2883     0 |    1.43   2.93   0.00  -1.16
0  1.44e+07 4194.03 | 4137.82    0.0   2883     0 |    1.43   2.70   0.06  -1.16
0  1.45e+07 4194.03 | 4140.62    0.0   2883     0 |    1.43   2.54   0.15  -1.15
0  1.46e+07 4194.03 | 4140.56    0.0   2883     0 |    1.43   2.56   0.11  -1.14
0  1.46e+07 4194.03 | 4142.93    0.0   2883     0 |    1.43   2.50   0.02  -1.15
0  1.47e+07 4194.03 | 4142.76    0.0   2883     0 |    1.43   2.95   0.07  -1.15
0  1.48e+07 4194.03 | 4142.85    0.0   2883     0 |    1.43   2.98   0.07  -1.15
0  1.49e+07 4194.03 | 4143.34    0.0   2884     0 |    1.44   2.72   0.01  -1.15
0  1.49e+07 4194.03 | 4144.93    0.0   2883     0 |    1.44   3.25   0.09  -1.15
0  1.50e+07 4194.03 | 4144.67    0.0   2883     0 |    1.43   2.86   0.15  -1.16
0  1.51e+07 4194.03 | 4142.81    0.0   2883     0 |    1.43   2.92   0.04  -1.15
0  1.52e+07 4194.03 | 4145.86    0.0   2883     0 |    1.44   2.90   0.11  -1.14
0  1.52e+07 4194.03 | 4145.91    0.0   2883     0 |    1.44   2.80   0.05  -1.14
0  1.53e+07 4194.03 | 4140.21    0.0   2883     0 |    1.44   2.90   0.10  -1.14
0  1.54e+07 4194.03 | 4141.71    0.0   2883     0 |    1.43   2.79   0.13  -1.15
0  1.55e+07 4194.03 | 4143.76    0.0   2883     0 |    1.44   2.89   0.15  -1.15
0  1.55e+07 4194.03 | 4146.04    0.0   2883     0 |    1.44   2.90   0.02  -1.16
0  1.56e+07 4194.03 | 4151.12    0.0   2883     0 |    1.44   2.99   0.08  -1.16
0  1.57e+07 4194.03 | 4150.02    0.0   2883     0 |    1.44   2.40   0.07  -1.15
0  1.58e+07 4194.03 | 4148.44    0.0   2883     0 |    1.44   2.89   0.16  -1.16
0  1.58e+07 4194.03 | 4146.55    0.0   2883     0 |    1.44   3.25   0.01  -1.16
0  1.59e+07 4194.03 | 4148.45    0.0   2883     0 |    1.44   2.78  -0.04  -1.17
0  1.60e+07 4194.03 | 4150.36    0.0   2883     0 |    1.44   2.65   0.08  -1.16
0  1.61e+07 4194.03 | 4150.69    0.0   2883     0 |    1.44   2.87   0.13  -1.15
0  1.61e+07 4194.03 | 4151.12    0.0   2883     0 |    1.44   2.71   0.13  -1.16
0  1.62e+07 4194.03 | 4151.87    0.0   2883     0 |    1.44   2.76   0.11  -1.16
0  1.63e+07 4194.03 | 4148.05    0.0   2883     0 |    1.44   2.85  -0.00  -1.15
0  1.64e+07 4194.03 | 4143.40    0.0   2883     0 |    1.43   2.87   0.06  -1.17
0  1.64e+07 4194.03 | 4141.40    0.0   2883     0 |    1.43   2.80   0.04  -1.17
0  1.65e+07 4194.03 | 4143.93    0.0   2883     0 |    1.44   2.19   0.08  -1.16
0  1.66e+07 4194.03 | 4145.53    0.0   2883     0 |    1.44   3.03   0.11  -1.17
0  1.67e+07 4194.03 | 4147.78    0.0   2883     0 |    1.44   2.77   0.00  -1.16
0  1.67e+07 4194.03 | 4149.55    0.0   2883     0 |    1.44   2.84   0.01  -1.15
0  1.68e+07 4194.03 | 4156.00    0.0   2883     0 |    1.44   2.62  -0.06  -1.14
0  1.69e+07 4194.03 | 4155.88    0.0   2883     0 |    1.44   3.00   0.01  -1.15
0  1.70e+07 4194.03 | 4156.12    0.0   2883     0 |    1.44   2.85  -0.07  -1.15
0  1.70e+07 4194.03 | 4156.75    0.0   2883     0 |    1.44   2.91  -0.00  -1.16
0  1.71e+07 4194.03 | 4162.23    0.0   2883     0 |    1.44   2.74   0.05  -1.15
0  1.72e+07 4194.03 | 4161.16    0.0   2883     0 |    1.44   2.80  -0.01  -1.15
0  1.73e+07 4194.03 | 4156.54    0.0   2883     0 |    1.44   2.62  -0.01  -1.15
0  1.73e+07 4194.03 | 4156.05    0.0   2883     0 |    1.44   2.74   0.03  -1.15
0  1.74e+07 4194.03 | 4155.05    0.0   2883     0 |    1.44   2.69   0.06  -1.15
0  1.75e+07 4194.03 | 4147.64    0.0   2883     0 |    1.44   2.70  -0.00  -1.15
0  1.76e+07 4194.03 | 4153.26    0.0   2883     0 |    1.44   2.77   0.04  -1.14
0  1.76e+07 4194.03 | 4154.02    0.0   2883     0 |    1.44   2.64  -0.02  -1.16
0  1.77e+07 4194.03 | 4188.96    0.0   2885     0 |    1.45   2.28   0.09  -1.16
0  1.78e+07 4194.03 | 4147.63    0.0   2883     0 |    1.44   2.86  -0.00  -1.16
0  1.79e+07 4194.03 | 4155.60    0.0   2883     0 |    1.44   2.82   0.07  -1.16
0  1.79e+07 4194.03 | 4130.75    0.0   2883     0 |    1.43   2.81   0.08  -1.15
0  1.80e+07 4194.03 | 4136.00    0.0   2883     0 |    1.43   2.80  -0.02  -1.15
0  1.81e+07 4194.03 | 4132.62    0.0   2883     0 |    1.43   2.84  -0.02  -1.14
0  1.82e+07 4194.03 | 4126.49    0.0   2883     0 |    1.43   2.46   0.20  -1.14
0  1.82e+07 4194.03 | 4129.33    0.0   2883     0 |    1.43   2.81  -0.07  -1.14
0  1.83e+07 4194.03 | 4133.14    0.0   2883     0 |    1.43   2.77   0.06  -1.14
0  1.84e+07 4194.03 | 4137.65    0.0   2883     0 |    1.43   2.75  -0.05  -1.15
0  1.85e+07 4194.03 | 4139.78    0.0   2883     0 |    1.43   2.75   0.12  -1.15
0  1.85e+07 4194.03 | 4139.81    0.0   2883     0 |    1.44   2.44  -0.04  -1.14
0  1.86e+07 4194.03 | 4137.29    0.0   2883     0 |    1.43   2.60   0.06  -1.15
0  1.87e+07 4194.03 | 4138.52    0.0   2883     0 |    1.43   2.97   0.03  -1.15
0  1.88e+07 4194.03 | 4132.65    0.0   2883     0 |    1.43   2.64   0.06  -1.15
0  1.88e+07 4194.03 | 4136.31    0.0   2883     0 |    1.43   2.77   0.06  -1.16
0  1.89e+07 4194.03 | 4137.12    0.0   2883     0 |    1.43   2.78   0.09  -1.15
0  1.90e+07 4194.03 | 4134.67    0.0   2883     0 |    1.43   2.68   0.13  -1.14
0  1.91e+07 4194.03 | 4125.12    0.0   2883     0 |    1.43   3.04   0.05  -1.14
0  1.91e+07 4194.03 | 4139.26    0.0   2883     0 |    1.43   2.82  -0.07  -1.14
0  1.92e+07 4194.03 | 4157.52    0.0   2883     0 |    1.44   2.50   0.02  -1.15
0  1.93e+07 4194.03 | 4156.93    0.0   2883     0 |    1.44   2.58   0.17  -1.15
0  1.94e+07 4199.12 |
成功率：100.0%, 提交量大于阈值的概率：0.03491%, 超供率：98.4%, 超供程度：80.9%, 超供平均值：5.4, 方差：102.0
0  1.94e+07 4199.12 | 4199.12    0.0   2884     0 |    1.45   2.62   0.09  -1.15
0  1.94e+07 4199.12 | 4130.16    0.0   2883     0 |    1.43   2.61   0.02  -1.16
0  1.95e+07 4199.12 | 4136.83    0.0   2883     0 |    1.43   2.66   0.04  -1.14
0  1.96e+07 4199.12 | 4146.03    0.0   2884     0 |    1.44   2.86   0.02  -1.15
0  1.96e+07 4199.12 | 4157.26    0.0   2885     0 |    1.45   2.80   0.06  -1.15
0  1.97e+07 4199.12 | 4134.79    0.0   2883     0 |    1.44   2.88   0.04  -1.13
0  1.98e+07 4199.12 | 4135.17    0.0   2883     0 |    1.43   3.01   0.11  -1.15
0  1.99e+07 4199.12 | 4141.63    0.0   2883     0 |    1.43   2.77  -0.02  -1.16
0  1.99e+07 4199.12 | 4144.83    0.0   2883     0 |    1.44   2.74  -0.01  -1.16
0  2.00e+07 4199.12 | 4139.74    0.0   2883     0 |    1.44   2.54  -0.04  -1.17
0  2.01e+07 4199.12 | 4137.12    0.0   2883     0 |    1.43   2.85   0.12  -1.16
0  2.02e+07 4199.12 | 4136.51    0.0   2883     0 |    1.43   2.83   0.14  -1.16
0  2.02e+07 4199.12 | 4131.70    0.0   2883     0 |    1.43   2.71  -0.04  -1.16
0  2.03e+07 4199.12 | 4132.76    0.0   2883     0 |    1.43   3.11   0.07  -1.15
0  2.04e+07 4199.12 | 4129.99    0.0   2883     0 |    1.43   2.93   0.07  -1.14
0  2.05e+07 4199.12 | 4126.51    0.0   2883     0 |    1.43   2.85   0.06  -1.15
0  2.05e+07 4199.12 | 4122.21    0.0   2883     0 |    1.43   2.95   0.09  -1.15
0  2.06e+07 4199.12 | 4125.18    0.0   2883     0 |    1.43   2.69   0.07  -1.14
0  2.07e+07 4199.12 | 4128.93    0.0   2883     0 |    1.43   2.46   0.07  -1.15
0  2.08e+07 4199.12 | 4132.24    0.0   2883     0 |    1.43   2.98   0.01  -1.15
0  2.08e+07 4199.12 | 4133.09    0.0   2883     0 |    1.43   2.45   0.18  -1.16
0  2.09e+07 4199.12 | 4131.09    0.0   2883     0 |    1.43   2.60   0.14  -1.16
0  2.10e+07 4199.12 | 4129.89    0.0   2883     0 |    1.43   2.88   0.07  -1.16
0  2.11e+07 4199.12 | 4128.37    0.0   2883     0 |    1.43   2.68  -0.03  -1.15
0  2.11e+07 4199.12 | 4128.96    0.0   2883     0 |    1.43   2.67   0.08  -1.15
0  2.12e+07 4199.12 | 4124.64    0.0   2883     0 |    1.43   2.85   0.07  -1.15
0  2.13e+07 4199.12 | 4133.70    0.0   2883     0 |    1.43   2.67   0.04  -1.15
0  2.14e+07 4199.12 | 4134.77    0.0   2883     0 |    1.43   2.57   0.07  -1.15
0  2.14e+07 4199.12 | 4131.92    0.0   2883     0 |    1.43   2.89   0.03  -1.15
0  2.15e+07 4199.12 | 4134.47    0.0   2883     0 |    1.43   2.62   0.05  -1.15
0  2.16e+07 4199.12 | 4133.36    0.0   2883     0 |    1.43   2.61   0.09  -1.15
0  2.17e+07 4199.12 | 4137.74    0.0   2883     0 |    1.43   2.86   0.05  -1.15
0  2.17e+07 4199.12 | 4140.47    0.0   2883     0 |    1.43   2.82   0.16  -1.15
0  2.18e+07 4199.12 | 4144.78    0.0   2883     0 |    1.44   3.02   0.16  -1.15
0  2.19e+07 4199.12 | 4141.72    0.0   2883     0 |    1.43   2.73   0.13  -1.15
0  2.20e+07 4199.12 | 4142.71    0.0   2883     0 |    1.44   2.82   0.09  -1.15
0  2.20e+07 4199.12 | 4144.30    0.0   2883     0 |    1.44   2.61   0.07  -1.15
0  2.21e+07 4199.12 | 4145.62    0.0   2883     0 |    1.44   2.94   0.13  -1.14
0  2.22e+07 4199.12 | 4147.86    0.0   2883     0 |    1.44   2.49   0.03  -1.15
0  2.23e+07 4199.12 | 4143.72    0.0   2883     0 |    1.44   2.40   0.08  -1.16
0  2.23e+07 4199.12 | 4146.80    0.0   2883     0 |    1.44   2.48   0.06  -1.16
0  2.24e+07 4199.12 | 4146.19    0.0   2883     0 |    1.44   3.06   0.05  -1.16
0  2.25e+07 4199.12 | 4149.38    0.0   2883     0 |    1.44   2.50   0.01  -1.15
0  2.26e+07 4199.12 | 4144.58    0.0   2883     0 |    1.44   3.02   0.09  -1.16
0  2.26e+07 4199.12 | 4146.73    0.0   2883     0 |    1.44   2.55   0.08  -1.15
0  2.27e+07 4199.12 | 4142.57    0.0   2883     0 |    1.44   2.97   0.01  -1.15
0  2.28e+07 4199.12 | 4143.00    0.0   2883     0 |    1.44   2.58   0.12  -1.15
0  2.29e+07 4199.12 | 4144.06    0.0   2883     0 |    1.44   2.56  -0.01  -1.15
0  2.29e+07 4199.12 | 4143.09    0.0   2883     0 |    1.44   3.03   0.05  -1.15
0  2.30e+07 4199.12 | 4143.56    0.0   2883     0 |    1.44   2.91   0.07  -1.14
0  2.31e+07 4199.12 | 4146.59    0.0   2883     0 |    1.44   2.71  -0.03  -1.15
0  2.32e+07 4199.12 | 4143.91    0.0   2883     0 |    1.44   2.46  -0.03  -1.15
0  2.32e+07 4199.12 | 4144.47    0.0   2883     0 |    1.44   2.62   0.01  -1.15
0  2.33e+07 4199.12 | 4145.30    0.0   2883     0 |    1.44   2.80   0.07  -1.14
0  2.34e+07 4199.12 | 4144.79    0.0   2883     0 |    1.44   2.75   0.07  -1.14
0  2.35e+07 4199.12 | 4143.75    0.0   2883     0 |    1.44   2.84  -0.06  -1.14
0  2.35e+07 4199.12 | 4142.87    0.0   2883     0 |    1.44   2.70  -0.02  -1.15
0  2.36e+07 4199.12 | 4146.05    0.0   2883     0 |    1.44   2.41   0.07  -1.15
0  2.37e+07 4199.12 | 4140.71    0.0   2883     0 |    1.43   2.63   0.11  -1.14
0  2.38e+07 4199.12 | 4136.34    0.0   2883     0 |    1.43   3.03  -0.00  -1.14
0  2.38e+07 4199.12 | 4137.39    0.0   2883     0 |    1.43   2.79  -0.11  -1.14
0  2.39e+07 4199.12 | 4137.34    0.0   2883     0 |    1.43   2.55   0.04  -1.15
0  2.40e+07 4199.12 | 4140.07    0.0   2883     0 |    1.43   2.87   0.24  -1.15
0  2.41e+07 4199.12 | 4141.97    0.0   2883     0 |    1.44   2.78   0.02  -1.15
0  2.41e+07 4199.12 | 4141.93    0.0   2883     0 |    1.43   2.71   0.04  -1.14
0  2.42e+07 4199.12 | 4135.79    0.0   2883     0 |    1.43   2.29   0.07  -1.14
0  2.43e+07 4199.12 | 4138.16    0.0   2883     0 |    1.43   2.55   0.06  -1.16
0  2.44e+07 4199.12 | 4136.10    0.0   2883     0 |    1.43   2.38   0.11  -1.16
0  2.44e+07 4199.12 | 4133.04    0.0   2883     0 |    1.43   2.53   0.15  -1.16
0  2.45e+07 4199.12 | 4137.88    0.0   2883     0 |    1.43   2.95   0.00  -1.16
0  2.46e+07 4199.12 | 4143.04    0.0   2883     0 |    1.43   2.73   0.00  -1.16
0  2.47e+07 4199.12 | 4145.65    0.0   2883     0 |    1.44   2.82   0.12  -1.16
0  2.47e+07 4199.12 | 4140.08    0.0   2883     0 |    1.43   2.95   0.11  -1.15
0  2.48e+07 4199.12 | 4143.52    0.0   2883     0 |    1.43   2.90   0.07  -1.14
0  2.49e+07 4199.12 | 4139.08    0.0   2883     0 |    1.43   3.09   0.16  -1.14
0  2.50e+07 4199.12 | 4145.33    0.0   2883     0 |    1.43   2.70   0.18  -1.14
0  2.50e+07 4199.12 | 4143.22    0.0   2883     0 |    1.43   3.00   0.17  -1.15
0  2.51e+07 4199.12 | 4143.77    0.0   2883     0 |    1.43   2.85   0.04  -1.15
0  2.52e+07 4199.12 | 4138.30    0.0   2883     0 |    1.43   2.85  -0.00  -1.15
0  2.53e+07 4199.12 | 4140.51    0.0   2883     0 |    1.43   2.92   0.09  -1.15
0  2.53e+07 4199.12 | 4139.51    0.0   2883     0 |    1.44   2.90   0.07  -1.14
0  2.54e+07 4199.12 | 4139.47    0.0   2883     0 |    1.43   2.31   0.18  -1.14
0  2.55e+07 4199.12 | 4133.77    0.0   2883     0 |    1.43   2.77  -0.00  -1.14
0  2.56e+07 4199.12 | 4130.42    0.0   2883     0 |    1.43   2.71   0.08  -1.14
0  2.56e+07 4199.12 | 4129.99    0.0   2883     0 |    1.43   2.75   0.07  -1.13
0  2.57e+07 4199.12 | 4124.67    0.0   2883     0 |    1.43   2.90  -0.03  -1.14
0  2.58e+07 4199.12 | 4124.89    0.0   2883     0 |    1.43   2.62   0.02  -1.14
0  2.59e+07 4199.12 | 4129.82    0.0   2883     0 |    1.43   2.81   0.11  -1.14
0  2.59e+07 4199.12 | 4120.04    0.0   2883     0 |    1.43   2.74  -0.10  -1.14
0  2.60e+07 4199.12 | 4128.50    0.0   2883     0 |    1.43   2.45   0.12  -1.14
0  2.61e+07 4199.12 | 4126.66    0.0   2883     0 |    1.43   2.78   0.09  -1.14
0  2.62e+07 4199.12 | 4127.07    0.0   2883     0 |    1.43   2.67  -0.00  -1.14
0  2.62e+07 4199.12 | 4126.62    0.0   2883     0 |    1.43   2.60  -0.05  -1.14
0  2.63e+07 4199.12 | 4133.18    0.0   2883     0 |    1.43   2.65  -0.05  -1.14
0  2.64e+07 4199.12 | 4132.02    0.0   2883     0 |    1.43   2.66   0.05  -1.14
0  2.65e+07 4199.12 | 4134.16    0.0   2883     0 |    1.43   2.83  -0.01  -1.14
0  2.65e+07 4199.12 | 4124.74    0.0   2883     0 |    1.43   2.67   0.11  -1.13
0  2.66e+07 4199.12 | 4132.44    0.0   2883     0 |    1.43   2.87   0.04  -1.13
0  2.67e+07 4199.12 | 4128.04    0.0   2883     0 |    1.43   2.82  -0.09  -1.14
0  2.68e+07 4199.12 | 4135.65    0.0   2883     0 |    1.43   2.63   0.02  -1.13
0  2.68e+07 4199.12 | 4135.74    0.0   2883     0 |    1.43   2.81  -0.10  -1.14
0  2.69e+07 4199.12 | 4134.58    0.0   2883     0 |    1.43   2.73   0.05  -1.15
0  2.70e+07 4199.12 | 4136.66    0.0   2883     0 |    1.43   2.72   0.05  -1.14
0  2.71e+07 4199.12 | 4137.17    0.0   2883     0 |    1.43   2.95   0.12  -1.15
0  2.71e+07 4199.12 | 4134.51    0.0   2883     0 |    1.43   3.00   0.10  -1.14
0  2.72e+07 4199.12 | 4134.69    0.0   2883     0 |    1.43   2.87  -0.04  -1.15
0  2.73e+07 4199.12 | 4134.66    0.0   2883     0 |    1.43   2.93   0.03  -1.15
0  2.74e+07 4199.12 | 4138.78    0.0   2883     0 |    1.43   2.49   0.08  -1.14
0  2.74e+07 4199.12 | 4139.21    0.0   2883     0 |    1.43   2.68   0.10  -1.15
0  2.75e+07 4199.12 | 4139.17    0.0   2883     0 |    1.43   2.68   0.13  -1.16
0  2.76e+07 4199.12 | 4142.14    0.0   2883     0 |    1.44   2.76   0.01  -1.14
0  2.77e+07 4199.12 | 4139.18    0.0   2883     0 |    1.43   2.38  -0.01  -1.14
0  2.77e+07 4199.12 | 4138.10    0.0   2883     0 |    1.43   3.15  -0.03  -1.14
0  2.78e+07 4199.12 | 4142.64    0.0   2883     0 |    1.43   2.54   0.03  -1.14
0  2.79e+07 4199.12 | 4143.58    0.0   2883     0 |    1.43   2.60  -0.03  -1.14
0  2.80e+07 4199.12 | 4142.63    0.0   2883     0 |    1.43   2.40   0.03  -1.13
0  2.80e+07 4199.12 | 4145.45    0.0   2883     0 |    1.44   2.97   0.04  -1.12
0  2.81e+07 4199.12 | 4144.82    0.0   2883     0 |    1.43   2.91   0.16  -1.13
0  2.82e+07 4199.12 | 4142.59    0.0   2883     0 |    1.43   2.71   0.02  -1.13
0  2.83e+07 4199.12 | 4143.06    0.0   2883     0 |    1.43   2.56   0.01  -1.13
0  2.83e+07 4199.12 | 4144.85    0.0   2883     0 |    1.43   2.67   0.04  -1.13
0  2.84e+07 4199.12 | 4141.82    0.0   2883     0 |    1.43   2.83   0.08  -1.14
0  2.85e+07 4199.12 | 4143.51    0.0   2883     0 |    1.44   2.79   0.07  -1.14
0  2.86e+07 4199.12 | 4139.43    0.0   2883     0 |    1.43   2.77   0.10  -1.14
0  2.86e+07 4199.12 | 4134.64    0.0   2883     0 |    1.43   2.92   0.10  -1.15
0  2.87e+07 4199.12 | 4137.84    0.0   2883     0 |    1.43   2.65   0.11  -1.15
0  2.88e+07 4199.12 | 4129.25    0.0   2883     0 |    1.43   2.61   0.12  -1.15
0  2.89e+07 4199.12 | 4130.59    0.0   2883     0 |    1.43   2.30   0.08  -1.14
