################################################################################
ID     Step    maxR |    avgR   stdR   avgS  stdS |    expR   objC   etc.
0  5.77e+03 3901.12 |
成功率：98.7%, 提交量大于阈值的概率：0.83432%, 超供率：96.1%, 超供程度：83.3%, 超供平均值：5.6, 方差：196.5
0  5.77e+03 3901.12 | 3901.12    0.0   2887     0 |    1.16   2.84  -0.00  -0.50
0  4.04e+04 4034.90 |
成功率：99.0%, 提交量大于阈值的概率：0.85515%, 超供率：96.5%, 超供程度：83.2%, 超供平均值：5.6, 方差：188.6
0  4.04e+04 4034.90 | 4034.90    0.0   2885     0 |    1.23   1.60   0.10  -0.51
0  7.50e+04 4107.02 |
成功率：98.8%, 提交量大于阈值的概率：0.83565%, 超供率：96.4%, 超供程度：82.5%, 超供平均值：5.6, 方差：183.1
0  7.50e+04 4107.02 | 4107.02    0.0   2885     0 |    1.27   1.42   0.04  -0.52
0  1.10e+05 4215.13 |
成功率：98.7%, 提交量大于阈值的概率：0.81287%, 超供率：96.3%, 超供程度：80.8%, 超供平均值：5.5, 方差：177.3
0  1.10e+05 4215.13 | 4215.13    0.0   2885     0 |    1.32   1.47  -0.01  -0.53
0  1.44e+05 4320.88 |
成功率：98.8%, 提交量大于阈值的概率：0.80847%, 超供率：96.8%, 超供程度：80.6%, 超供平均值：5.4, 方差：175.4
0  1.44e+05 4320.88 | 4320.88    0.0   2886     0 |    1.37   1.68   0.02  -0.55
0  1.79e+05 4433.23 |
成功率：98.7%, 提交量大于阈值的概率：0.74861%, 超供率：96.5%, 超供程度：79.6%, 超供平均值：5.4, 方差：170.5
0  1.79e+05 4433.23 | 4433.23    0.0   2885     0 |    1.39   1.57  -0.04  -0.55
0  2.14e+05 4544.22 |
成功率：98.3%, 提交量大于阈值的概率：0.76141%, 超供率：95.7%, 超供程度：77.2%, 超供平均值：5.2, 方差：162.7
0  2.14e+05 4544.22 | 4544.22    0.0   2885     0 |    1.44   1.47  -0.06  -0.56
0  2.48e+05 4650.09 |
成功率：97.8%, 提交量大于阈值的概率：0.72759%, 超供率：94.7%, 超供程度：74.7%, 超供平均值：5.1, 方差：155.4
0  2.48e+05 4650.09 | 4650.09    0.0   2886     0 |    1.48   1.22  -0.01  -0.57
0  2.83e+05 4829.51 |
成功率：96.6%, 提交量大于阈值的概率：0.64306%, 超供率：92.3%, 超供程度：71.1%, 超供平均值：4.8, 方差：140.4
0  2.83e+05 4829.51 | 4829.51    0.0   2886     0 |    1.52   1.21  -0.11  -0.60
0  3.18e+05 4994.92 |
成功率：95.1%, 提交量大于阈值的概率：0.43262%, 超供率：89.7%, 超供程度：68.5%, 超供平均值：4.7, 方差：125.1
0  3.18e+05 4994.92 | 4994.92    0.0   2886     0 |    1.57   0.80   0.09  -0.61
0  3.52e+05 5006.52 |
成功率：93.2%, 提交量大于阈值的概率：0.16873%, 超供率：86.3%, 超供程度：65.8%, 超供平均值：4.5, 方差：110.9
0  3.52e+05 5006.52 | 5006.52    0.0   2887     0 |    1.60   1.12   0.06  -0.63
0  3.87e+05 5006.52 | 4956.14    0.0   2887     0 |    1.62   0.85   0.14  -0.65
0  4.45e+05 5071.27 |
成功率：92.6%, 提交量大于阈值的概率：0.08198%, 超供率：83.0%, 超供程度：61.3%, 超供平均值：4.2, 方差：104.5
0  4.45e+05 5071.27 | 5071.27    0.0   2887     0 |    1.66   0.93  -0.01  -0.68
0  4.79e+05 5134.13 |
成功率：93.3%, 提交量大于阈值的概率：0.10953%, 超供率：83.2%, 超供程度：61.8%, 超供平均值：4.2, 方差：108.9
0  4.79e+05 5134.13 | 5134.13    0.0   2887     0 |    1.67   0.71  -0.01  -0.69
0  5.14e+05 5156.12 |
成功率：93.3%, 提交量大于阈值的概率：0.07753%, 超供率：82.2%, 超供程度：61.4%, 超供平均值：4.2, 方差：108.5
0  5.14e+05 5156.12 | 5156.12    0.0   2887     0 |    1.68   0.72   0.09  -0.71
0  5.48e+05 5216.00 |
成功率：93.7%, 提交量大于阈值的概率：0.16598%, 超供率：80.3%, 超供程度：58.8%, 超供平均值：4.0, 方差：110.9
0  5.48e+05 5216.00 | 5216.00    0.0   2887     0 |    1.70   0.76   0.05  -0.73
0  5.83e+05 5244.85 |
成功率：93.7%, 提交量大于阈值的概率：0.16688%, 超供率：78.8%, 超供程度：57.6%, 超供平均值：3.9, 方差：111.0
0  5.83e+05 5244.85 | 5244.85    0.0   2887     0 |    1.72   0.79   0.11  -0.75
0  6.18e+05 5283.10 |
成功率：93.7%, 提交量大于阈值的概率：0.15625%, 超供率：77.8%, 超供程度：56.4%, 超供平均值：3.8, 方差：109.9
0  6.18e+05 5283.10 | 5283.10    0.0   2887     0 |    1.74   0.87   0.10  -0.77
0  6.52e+05 5310.50 |
成功率：94.0%, 提交量大于阈值的概率：0.14915%, 超供率：78.3%, 超供程度：57.0%, 超供平均值：3.9, 方差：110.8
0  6.52e+05 5310.50 | 5310.50    0.0   2887     0 |    1.74   0.77   0.05  -0.79
0  6.87e+05 5310.50 | 5308.94    0.0   2887     0 |    1.76   0.68  -0.02  -0.80
0  7.45e+05 5428.54 |
成功率：94.7%, 提交量大于阈值的概率：0.24823%, 超供率：76.1%, 超供程度：54.3%, 超供平均值：3.7, 方差：114.7
0  7.45e+05 5428.54 | 5428.54    0.0   2888     0 |    1.79   0.65  -0.11  -0.83
0  7.79e+05 5428.54 | 5421.20    0.0   2888     0 |    1.81   0.79   0.04  -0.85
0  8.37e+05 5454.92 |
成功率：94.7%, 提交量大于阈值的概率：0.26459%, 超供率：72.7%, 超供程度：52.2%, 超供平均值：3.5, 方差：114.2
0  8.37e+05 5454.92 | 5454.92    0.0   2888     0 |    1.82   0.88  -0.06  -0.87
0  8.72e+05 5461.54 |
成功率：94.2%, 提交量大于阈值的概率：0.15270%, 超供率：70.9%, 超供程度：51.2%, 超供平均值：3.5, 方差：110.6
0  8.72e+05 5461.54 | 5461.54    0.0   2888     0 |    1.83   0.93   0.08  -0.89
0  9.01e+05 5487.39 |
成功率：94.5%, 提交量大于阈值的概率：0.15892%, 超供率：71.0%, 超供程度：51.5%, 超供平均值：3.5, 方差：112.4
0  9.01e+05 5487.39 | 5487.39    0.0   2888     0 |    1.84   0.76   0.11  -0.90
0  9.35e+05 5487.39 | 5484.04    0.0   2888     0 |    1.85   0.78   0.00  -0.92
0  9.93e+05 5509.57 |
成功率：94.4%, 提交量大于阈值的概率：0.23861%, 超供率：66.2%, 超供程度：47.7%, 超供平均值：3.2, 方差：112.2
0  9.93e+05 5509.57 | 5509.57    0.0   2888     0 |    1.87   0.83  -0.14  -0.94
0  1.03e+06 5530.51 |
成功率：94.8%, 提交量大于阈值的概率：0.29191%, 超供率：67.5%, 超供程度：48.6%, 超供平均值：3.3, 方差：114.7
0  1.03e+06 5530.51 | 5530.51    0.0   2888     0 |    1.87   0.81   0.09  -0.94
0  1.06e+06 5552.83 |
成功率：95.1%, 提交量大于阈值的概率：0.29098%, 超供率：68.6%, 超供程度：49.6%, 超供平均值：3.4, 方差：116.5
0  1.06e+06 5552.83 | 5552.83    0.0   2888     0 |    1.88   0.75   0.02  -0.95
0  1.09e+06 5558.97 |
成功率：94.8%, 提交量大于阈值的概率：0.22517%, 超供率：67.8%, 超供程度：49.3%, 超供平均值：3.3, 方差：114.1
0  1.09e+06 5558.97 | 5558.97    0.0   2888     0 |    1.88   0.86   0.13  -0.96
0  1.13e+06 5558.97 |  742.33    0.0   2888     0 |    1.19   1.88   0.05  -0.97
0  1.18e+06 5558.97 | 1061.50    0.0   2888     0 |    0.40   2.63  -0.10  -0.98
0  1.24e+06 5558.97 | 1049.44    0.0   2888     0 |    0.40   2.76   0.01  -0.99
0  1.30e+06 5558.97 | 1730.00    0.0   2888     0 |    0.59   2.57   0.20  -1.00
0  1.36e+06 5558.97 | 1782.72    0.0   2888     0 |    0.65   2.43   0.09  -1.00
0  1.41e+06 5558.97 | 1961.41    0.0   2888     0 |    0.70   2.58  -0.01  -0.99
0  1.48e+06 5558.97 | 2054.52    0.0   2888     0 |    0.73   1.94   0.08  -0.99
0  1.54e+06 5558.97 | 2635.90    0.0   2888     0 |    0.92   2.48   0.11  -1.00
0  1.61e+06 5558.97 | 2935.19    0.0   2888     0 |    1.02   2.29   0.06  -1.00
0  1.67e+06 5558.97 | 3326.47    0.0   2888     0 |    1.17   2.10   0.15  -1.01
0  1.73e+06 5558.97 | 3685.62    0.0   2888     0 |    1.25   2.04   0.01  -1.02
0  1.80e+06 5558.97 | 3687.73    0.0   2888     0 |    1.28   2.19  -0.02  -1.02
0  1.86e+06 5558.97 | 3942.14    0.0   2888     0 |    1.37   1.78   0.02  -1.01
0  1.92e+06 5558.97 | 4223.50    0.0   2888     0 |    1.47   1.75   0.05  -1.01
0  1.99e+06 5558.97 | 4459.42    0.0   2888     0 |    1.52   1.65  -0.01  -1.01
0  2.05e+06 5558.97 | 4697.77    0.0   2888     0 |    1.60   1.63   0.14  -1.02
0  2.11e+06 5558.97 | 4805.07    0.0   2888     0 |    1.64   1.54  -0.02  -1.02
0  2.18e+06 5558.97 | 4919.82    0.0   2888     0 |    1.68   1.24   0.12  -1.04
0  2.24e+06 5558.97 | 5057.91    0.0   2888     0 |    1.72   1.32   0.10  -1.04
0  2.30e+06 5558.97 | 5140.85    0.0   2888     0 |    1.76   1.04   0.01  -1.04
0  2.37e+06 5558.97 | 5262.78    0.0   2888     0 |    1.80   0.83  -0.00  -1.05
0  2.43e+06 5558.97 | 5296.54    0.0   2888     0 |    1.78   0.91   0.16  -1.06
0  2.49e+06 5558.97 | 5422.63    0.0   2888     0 |    1.84   0.69  -0.03  -1.08
0  2.56e+06 5558.97 | 5364.42    0.0   2888     0 |    1.82   0.90   0.01  -1.08
0  2.62e+06 5558.97 | 5464.95    0.0   2888     0 |    1.85   0.75   0.06  -1.09
0  2.69e+06 5558.97 | 5484.21    0.0   2888     0 |    1.86   0.68   0.00  -1.10
0  2.75e+06 5558.97 | 5507.26    0.0   2888     0 |    1.87   0.76  -0.05  -1.12
0  2.81e+06 5558.97 | 5516.77    0.0   2888     0 |    1.88   0.70   0.04  -1.12
0  2.88e+06 5558.97 | 5545.51    0.0   2888     0 |    1.89   0.77   0.05  -1.14
0  2.94e+06 5561.08 |
成功率：95.1%, 提交量大于阈值的概率：0.22352%, 超供率：65.0%, 超供程度：50.2%, 超供平均值：3.4, 方差：116.6
0  2.94e+06 5561.08 | 5561.08    0.0   2888     0 |    1.90   0.71   0.04  -1.14
0  2.97e+06 5561.08 | 5476.48    0.0   2888     0 |    1.64   1.05   0.16  -1.15
0  3.04e+06 5561.08 | 5515.49    0.0   2888     0 |    1.89   0.71   0.11  -1.14
0  3.10e+06 5561.08 | 5533.18    0.0   2888     0 |    1.90   0.87  -0.07  -1.15
0  3.16e+06 5561.08 | 5542.75    0.0   2888     0 |    1.89   0.75   0.11  -1.16
0  3.22e+06 5561.08 | 5552.12    0.0   2888     0 |    1.90   0.71  -0.02  -1.16
0  3.29e+06 5582.59 |
成功率：95.2%, 提交量大于阈值的概率：0.28575%, 超供率：62.0%, 超供程度：48.9%, 超供平均值：3.3, 方差：117.7
0  3.29e+06 5582.59 | 5582.59    0.0   2888     0 |    1.91   0.70  -0.02  -1.17
0  3.32e+06 5582.59 | 5573.01    0.0   2888     0 |    1.91   0.66  -0.01  -1.17
0  3.38e+06 5582.59 | 5566.62    0.0   2888     0 |    1.90   0.75  -0.02  -1.16
0  3.44e+06 5606.10 |
成功率：95.1%, 提交量大于阈值的概率：0.22714%, 超供率：61.5%, 超供程度：48.5%, 超供平均值：3.3, 方差：117.1
0  3.44e+06 5606.10 | 5606.10    0.0   2888     0 |    1.92   0.68   0.05  -1.17
0  3.47e+06 5606.10 | 5591.54    0.0   2888     0 |    1.91   0.68   0.04  -1.18
0  3.53e+06 5606.10 | 5601.48    0.0   2888     0 |    1.92   0.72   0.09  -1.16
0  3.60e+06 5606.10 | 5114.50    0.0   2888     0 |    1.77   0.90  -0.00  -1.17
0  3.66e+06 5606.10 | 5344.71    0.0   2888     0 |    1.84   0.73  -0.08  -1.15
0  3.72e+06 5606.10 | 5471.87    0.0   2888     0 |    1.87   0.72   0.09  -1.16
0  3.78e+06 5606.10 | 5519.51    0.0   2888     0 |    1.91   0.62  -0.04  -1.17
0  3.84e+06 5606.10 | 5521.73    0.0   2888     0 |    1.92   0.72   0.02  -1.17
0  3.90e+06 5606.10 | 5216.75    0.0   2888     0 |    1.78   0.78   0.00  -1.17
0  3.97e+06 5606.10 | 5362.90    0.0   2888     0 |    1.84   0.94  -0.04  -1.16
0  4.03e+06 5606.10 | 5356.13    0.0   2888     0 |    1.84   0.97   0.10  -1.16
0  4.09e+06 5606.10 | 5346.55    0.0   2888     0 |    1.83   0.81   0.05  -1.15
0  4.16e+06 5606.10 | 4963.44    0.0   2888     0 |    1.71   1.14   0.03  -1.15
0  4.22e+06 5606.10 | 4814.41    0.0   2888     0 |    1.67   1.25   0.16  -1.14
0  4.28e+06 5606.10 | 4817.88    0.0   2888     0 |    1.67   1.08   0.04  -1.13
0  4.34e+06 5606.10 | 4959.44    0.0   2888     0 |    1.69   1.20  -0.10  -1.13
0  4.40e+06 5606.10 | 4973.57    0.0   2888     0 |    1.72   1.07   0.06  -1.13
0  4.46e+06 5606.10 | 5099.95    0.0   2888     0 |    1.76   1.07  -0.03  -1.13
0  4.53e+06 5606.10 | 5052.36    0.0   2888     0 |    1.76   1.00   0.05  -1.13
0  4.59e+06 5606.10 | 5045.88    0.0   2888     0 |    1.75   1.26  -0.02  -1.13
0  4.66e+06 5606.10 | 4606.49    0.0   2888     0 |    1.67   1.12  -0.12  -1.13
0  4.71e+06 5606.10 | 4606.14    0.0   2888     0 |    1.59   1.08   0.10  -1.11
0  4.78e+06 5606.10 | 4593.66    0.0   2888     0 |    1.59   1.07   0.06  -1.11
0  4.83e+06 5606.10 | 4613.34    0.0   2888     0 |    1.59   1.11   0.03  -1.10
0  4.90e+06 5606.10 | 4640.38    0.0   2888     0 |    1.61   1.18  -0.06  -1.11
0  4.96e+06 5606.10 | 4658.58    0.0   2888     0 |    1.61   1.14   0.02  -1.12
0  5.02e+06 5606.10 | 4694.66    0.0   2888     0 |    1.62   1.17   0.11  -1.12
0  5.08e+06 5606.10 | 4753.84    0.0   2888     0 |    1.64   1.08   0.03  -1.11
0  5.13e+06 5606.10 | 4657.70    0.0   2888     0 |    1.66   1.27  -0.04  -1.11
0  5.19e+06 5606.10 | 4741.62    0.0   2888     0 |    1.64   0.99   0.07  -1.11
0  5.25e+06 5606.10 | 4810.87    0.0   2888     0 |    1.67   1.15  -0.04  -1.10
0  5.31e+06 5606.10 | 4806.06    0.0   2888     0 |    1.67   1.07  -0.07  -1.10
0  5.37e+06 5606.10 | 4840.42    0.0   2888     0 |    1.67   0.96   0.06  -1.10
0  5.42e+06 5606.10 | 4851.33    0.0   2888     0 |    1.67   1.04   0.10  -1.11
0  5.49e+06 5606.10 | 4880.99    0.0   2888     0 |    1.68   0.92   0.03  -1.11
0  5.55e+06 5606.10 | 4900.94    0.0   2888     0 |    1.69   1.14   0.04  -1.11
0  5.61e+06 5606.10 | 4870.31    0.0   2888     0 |    1.67   1.03  -0.00  -1.10
0  5.68e+06 5606.10 | 4845.81    0.0   2888     0 |    1.67   0.95  -0.01  -1.10
0  5.74e+06 5606.10 | 4819.29    0.0   2888     0 |    1.67   0.93  -0.00  -1.09
0  5.80e+06 5606.10 | 4981.38    0.0   2888     0 |    1.72   1.03  -0.07  -1.09
0  5.87e+06 5606.10 | 5146.80    0.0   2888     0 |    1.77   0.89   0.07  -1.09
0  5.93e+06 5606.10 | 5148.93    0.0   2888     0 |    1.77   1.05   0.18  -1.09
0  5.98e+06 5606.10 | 5126.62    0.0   2888     0 |    1.77   0.87   0.03  -1.09
0  6.05e+06 5606.10 | 5133.10    0.0   2888     0 |    1.77   0.85   0.02  -1.09
0  6.11e+06 5606.10 | 5126.35    0.0   2888     0 |    1.77   1.01   0.02  -1.08
0  6.17e+06 5606.10 | 5258.35    0.0   2888     0 |    1.80   1.06   0.09  -1.09
0  6.24e+06 5606.10 | 5276.85    0.0   2888     0 |    1.80   0.86   0.06  -1.09
0  6.30e+06 5606.10 | 5273.69    0.0   2888     0 |    1.81   0.75   0.04  -1.10
0  6.36e+06 5606.10 | 5061.82    0.0   2888     0 |    1.75   0.89  -0.06  -1.10
0  6.42e+06 5606.10 | 5072.56    0.0   2888     0 |    1.75   1.00  -0.02  -1.11
0  6.47e+06 5606.10 | 5087.00    0.0   2888     0 |    1.76   0.99   0.01  -1.10
0  6.54e+06 5606.10 | 5106.58    0.0   2888     0 |    1.77   1.03   0.08  -1.11
0  6.60e+06 5606.10 | 5046.60    0.0   2888     0 |    1.75   0.95  -0.02  -1.11
0  6.66e+06 5606.10 | 5094.47    0.0   2888     0 |    1.76   0.79   0.02  -1.10
0  6.72e+06 5606.10 | 4947.29    0.0   2888     0 |    1.71   1.07  -0.06  -1.10
0  6.78e+06 5606.10 | 4980.55    0.0   2888     0 |    1.72   0.99   0.07  -1.10
0  6.84e+06 5606.10 | 5003.81    0.0   2888     0 |    1.73   0.98   0.07  -1.11
0  6.90e+06 5606.10 | 5099.37    0.0   2888     0 |    1.76   0.98   0.05  -1.10
0  6.96e+06 5606.10 | 5119.69    0.0   2888     0 |    1.77   0.98   0.11  -1.10
0  7.02e+06 5606.10 | 5141.21    0.0   2888     0 |    1.77   0.88   0.04  -1.11
0  7.09e+06 5606.10 | 5278.24    0.0   2888     0 |    1.82   0.97   0.06  -1.11
0  7.15e+06 5606.10 | 5232.99    0.0   2888     0 |    1.80   0.96   0.15  -1.10
0  7.21e+06 5606.10 | 5229.06    0.0   2888     0 |    1.80   0.97   0.03  -1.11
0  7.28e+06 5606.10 | 5226.98    0.0   2888     0 |    1.80   0.93   0.08  -1.11
0  7.34e+06 5606.10 | 5010.38    0.0   2888     0 |    1.73   1.01   0.04  -1.11
0  7.40e+06 5606.10 | 5057.33    0.0   2888     0 |    1.74   0.81   0.10  -1.11
0  7.46e+06 5606.10 | 4787.23    0.0   2888     0 |    1.65   1.03   0.11  -1.12
0  7.52e+06 5606.10 | 4765.33    0.0   2888     0 |    1.65   1.04   0.05  -1.12
0  7.58e+06 5606.10 | 4512.09    0.0   2888     0 |    1.57   0.96   0.06  -1.13
0  7.64e+06 5606.10 | 4529.52    0.0   2888     0 |    1.57   0.93  -0.10  -1.12
0  7.70e+06 5606.10 | 4553.16    0.0   2888     0 |    1.58   0.95  -0.01  -1.11
0  7.77e+06 5606.10 | 4569.05    0.0   2888     0 |    1.58   0.91   0.09  -1.10
0  7.83e+06 5606.10 | 4565.54    0.0   2888     0 |    1.58   1.03  -0.02  -1.11
0  7.90e+06 5606.10 | 4838.33    0.0   2888     0 |    1.66   0.97   0.07  -1.10
0  7.96e+06 5606.10 | 4867.59    0.0   2888     0 |    1.68   1.04  -0.01  -1.11
0  8.02e+06 5606.10 | 4913.13    0.0   2888     0 |    1.69   0.98  -0.06  -1.11
0  8.09e+06 5606.10 | 4964.74    0.0   2888     0 |    1.71   1.00   0.14  -1.12
0  8.15e+06 5606.10 | 4905.63    0.0   2888     0 |    1.69   1.00   0.11  -1.12
0  8.21e+06 5606.10 | 4919.29    0.0   2888     0 |    1.70   0.97   0.01  -1.11
0  8.27e+06 5606.10 | 5207.54    0.0   2888     0 |    1.78   1.05   0.19  -1.12
0  8.33e+06 5606.10 | 5173.73    0.0   2888     0 |    1.75   0.86   0.08  -1.14
0  8.39e+06 5606.10 | 5195.61    0.0   2888     0 |    1.79   1.09  -0.09  -1.14
0  8.46e+06 5606.10 | 5089.07    0.0   2888     0 |    1.73   0.98  -0.04  -1.15
0  8.52e+06 5606.10 | 4569.28    0.0   2888     0 |    1.76   0.89  -0.02  -1.15
0  8.58e+06 5606.10 | 4610.77    0.0   2888     0 |    1.59   1.05  -0.05  -1.14
0  8.63e+06 5606.10 | 4909.36    0.0   2888     0 |    1.69   0.97   0.17  -1.14
0  8.70e+06 5606.10 | 4664.18    0.0   2888     0 |    1.61   0.97   0.00  -1.13
0  8.76e+06 5606.10 | 4694.61    0.0   2888     0 |    1.62   0.92   0.01  -1.13
0  8.82e+06 5606.10 | 4797.12    0.0   2888     0 |    1.66   0.83   0.12  -1.12
0  8.88e+06 5606.10 | 5231.99    0.0   2888     0 |    1.79   1.06   0.01  -1.13
0  8.95e+06 5606.10 | 5135.40    0.0   2888     0 |    1.76   0.89   0.09  -1.13
0  9.01e+06 5606.10 | 5014.33    0.0   2888     0 |    1.72   0.87   0.01  -1.13
0  9.07e+06 5606.10 | 4805.81    0.0   2888     0 |    1.66   1.00  -0.05  -1.13
0  9.14e+06 5606.10 | 4815.85    0.0   2888     0 |    1.66   1.00   0.08  -1.12
0  9.20e+06 5606.10 | 4966.26    0.0   2888     0 |    1.70   0.97  -0.02  -1.12
0  9.26e+06 5606.10 | 4939.83    0.0   2888     0 |    1.71   0.96   0.12  -1.13
0  9.33e+06 5606.10 | 4914.69    0.0   2888     0 |    1.70   0.85   0.01  -1.12
0  9.39e+06 5606.10 | 5176.20    0.0   2888     0 |    1.78   1.20   0.06  -1.12
0  9.45e+06 5606.10 | 5229.31    0.0   2888     0 |    1.79   1.05   0.12  -1.12
0  9.51e+06 5606.10 | 4986.00    0.0   2888     0 |    1.72   0.74   0.06  -1.12
0  9.58e+06 5606.10 | 5031.79    0.0   2888     0 |    1.74   0.79   0.02  -1.12
0  9.64e+06 5606.10 | 5222.30    0.0   2888     0 |    1.78   0.84  -0.06  -1.12
0  9.70e+06 5606.10 | 5223.84    0.0   2888     0 |    1.79   0.82   0.02  -1.13
0  9.77e+06 5606.10 | 5249.64    0.0   2888     0 |    1.79   0.90   0.03  -1.14
0  9.83e+06 5606.10 | 5262.01    0.0   2888     0 |    1.80   0.84   0.07  -1.14
0  9.89e+06 5606.10 | 5228.68    0.0   2888     0 |    1.80   0.69   0.09  -1.14
0  9.96e+06 5606.10 | 5293.44    0.0   2888     0 |    1.80   0.88  -0.17  -1.14
0  1.00e+07 5606.10 | 5298.53    0.0   2888     0 |    1.82   0.82   0.05  -1.14
0  1.01e+07 5606.10 | 5128.47    0.0   2888     0 |    1.74   0.79   0.06  -1.14
0  1.01e+07 5606.10 | 5194.25    0.0   2888     0 |    1.78   0.84   0.09  -1.14
0  1.02e+07 5606.10 | 4771.10    0.0   2888     0 |    1.65   0.99   0.10  -1.13
0  1.03e+07 5606.10 | 4813.05    0.0   2888     0 |    1.67   0.87   0.06  -1.13
0  1.03e+07 5606.10 | 4837.44    0.0   2888     0 |    1.67   0.73   0.03  -1.13
0  1.04e+07 5606.10 | 4895.23    0.0   2888     0 |    1.70   0.88   0.15  -1.13
0  1.04e+07 5606.10 | 4861.64    0.0   2888     0 |    1.68   0.95   0.01  -1.13
0  1.05e+07 5606.10 | 4921.58    0.0   2888     0 |    1.71   0.93   0.14  -1.14
0  1.06e+07 5606.10 | 4981.82    0.0   2888     0 |    1.72   0.94   0.01  -1.14
0  1.06e+07 5606.10 | 5103.12    0.0   2888     0 |    1.72   0.77  -0.13  -1.15
0  1.07e+07 5606.10 | 5231.56    0.0   2888     0 |    1.80   0.85  -0.01  -1.14
0  1.07e+07 5606.10 | 5258.51    0.0   2888     0 |    1.81   0.94   0.07  -1.14
0  1.08e+07 5606.10 | 5242.96    0.0   2888     0 |    1.81   0.88   0.09  -1.14
0  1.09e+07 5606.10 | 5217.78    0.0   2888     0 |    1.80   0.83   0.07  -1.14
0  1.09e+07 5606.10 | 5245.92    0.0   2888     0 |    1.78   1.09   0.06  -1.14
0  1.10e+07 5606.10 | 5240.54    0.0   2888     0 |    1.80   0.99  -0.01  -1.14
0  1.11e+07 5606.10 | 5314.37    0.0   2888     0 |    1.82   1.06   0.13  -1.15
0  1.11e+07 5606.10 | 5247.08    0.0   2888     0 |    1.80   0.95  -0.05  -1.16
0  1.12e+07 5606.10 | 4558.28    0.0   2888     0 |    1.58   0.98   0.04  -1.15
0  1.12e+07 5606.10 | 4589.51    0.0   2888     0 |    1.58   0.87   0.03  -1.15
0  1.13e+07 5606.10 | 4629.55    0.0   2888     0 |    1.64   0.87  -0.04  -1.16
0  1.14e+07 5606.10 | 4651.52    0.0   2888     0 |    1.61   1.01  -0.03  -1.15
0  1.14e+07 5606.10 | 5147.88    0.0   2888     0 |    1.76   1.04   0.01  -1.15
0  1.15e+07 5606.10 | 5020.86    0.0   2888     0 |    1.73   0.89   0.01  -1.14
0  1.16e+07 5606.10 | 5085.01    0.0   2888     0 |    1.75   0.75   0.05  -1.14
0  1.16e+07 5606.10 | 4789.99    0.0   2888     0 |    1.66   0.78   0.03  -1.14
0  1.17e+07 5606.10 | 5160.73    0.0   2888     0 |    1.78   0.86   0.17  -1.14
0  1.17e+07 5606.10 | 5044.28    0.0   2888     0 |    1.82   0.85  -0.03  -1.14
0  1.18e+07 5606.10 | 5260.91    0.0   2888     0 |    1.81   0.85   0.04  -1.15
0  1.18e+07 5606.10 | 5286.13    0.0   2888     0 |    1.70   0.87  -0.04  -1.16
0  1.19e+07 5606.10 | 5140.89    0.0   2888     0 |    1.79   0.97  -0.02  -1.15
0  1.20e+07 5606.10 | 5155.07    0.0   2888     0 |    1.77   0.95  -0.05  -1.16
0  1.20e+07 5606.10 | 5251.60    0.0   2888     0 |    1.81   0.85   0.16  -1.15
0  1.21e+07 5606.10 | 4840.16    0.0   2888     0 |    1.67   1.06  -0.15  -1.16
0  1.21e+07 5606.10 | 5217.46    0.0   2888     0 |    1.78   1.08   0.18  -1.17
0  1.22e+07 5606.10 | 5202.79    0.0   2888     0 |    1.78   1.04   0.13  -1.16
0  1.23e+07 5606.10 | 5252.25    0.0   2888     0 |    1.80   0.97   0.05  -1.16
0  1.23e+07 5606.10 | 5272.86    0.0   2888     0 |    1.81   1.06  -0.04  -1.15
0  1.24e+07 5606.10 | 5315.31    0.0   2888     0 |    1.83   0.99   0.01  -1.15
0  1.24e+07 5606.10 | 5293.61    0.0   2888     0 |    1.83   0.79   0.12  -1.15
0  1.25e+07 5606.10 | 5303.23    0.0   2888     0 |    1.83   0.94   0.05  -1.14
0  1.26e+07 5606.10 | 5292.95    0.0   2888     0 |    1.83   0.86   0.18  -1.14
0  1.26e+07 5606.10 | 4719.21    0.0   2888     0 |    1.77   0.89  -0.10  -1.14
0  1.27e+07 5606.10 | 4739.45    0.0   2888     0 |    1.64   1.07  -0.00  -1.14
0  1.27e+07 5606.10 | 4841.02    0.0   2888     0 |    1.67   0.93   0.13  -1.14
0  1.28e+07 5606.10 | 4845.18    0.0   2888     0 |    1.68   0.88   0.02  -1.13
0  1.28e+07 5606.10 | 5005.37    0.0   2888     0 |    1.73   1.00   0.06  -1.13
0  1.29e+07 5606.10 | 5312.95    0.0   2888     0 |    1.83   0.92   0.09  -1.13
0  1.30e+07 5606.10 | 5246.15    0.0   2888     0 |    1.81   0.92   0.01  -1.14
0  1.30e+07 5606.10 | 5285.80    0.0   2888     0 |    1.82   1.01  -0.02  -1.14
0  1.31e+07 5606.10 | 5274.60    0.0   2888     0 |    1.81   0.97   0.31  -1.14
0  1.31e+07 5606.10 | 5198.77    0.0   2888     0 |    1.79   0.81   0.11  -1.13
0  1.32e+07 5606.10 | 4679.54    0.0   2888     0 |    1.64   0.95  -0.08  -1.13
0  1.32e+07 5606.10 | 4617.39    0.0   2888     0 |    1.60   0.97   0.04  -1.12
0  1.33e+07 5606.10 | 5237.64    0.0   2888     0 |    1.79   1.00   0.04  -1.13
0  1.34e+07 5606.10 | 5280.17    0.0   2888     0 |    1.82   0.80   0.10  -1.13
0  1.34e+07 5606.10 | 5120.42    0.0   2888     0 |    1.76   1.11   0.05  -1.14
0  1.35e+07 5606.10 | 5295.89    0.0   2888     0 |    1.82   0.91   0.07  -1.15
0  1.35e+07 5606.10 | 4973.05    0.0   2888     0 |    1.72   0.84   0.06  -1.14
0  1.36e+07 5606.10 | 5279.15    0.0   2888     0 |    1.80   1.01   0.11  -1.14
0  1.37e+07 5606.10 | 5292.34    0.0   2888     0 |    1.81   0.95   0.01  -1.14
0  1.37e+07 5606.10 | 5003.69    0.0   2888     0 |    1.71   0.85  -0.04  -1.15
0  1.38e+07 5606.10 | 5061.70    0.0   2888     0 |    1.72   0.97   0.12  -1.16
0  1.38e+07 5606.10 | 4898.81    0.0   2888     0 |    1.78   1.11  -0.03  -1.15
0  1.39e+07 5606.10 | 5078.55    0.0   2888     0 |    1.74   0.92   0.06  -1.15
0  1.40e+07 5606.10 | 5177.86    0.0   2888     0 |    1.77   1.03   0.12  -1.14
0  1.40e+07 5606.10 | 4792.58    0.0   2888     0 |    1.63   1.03  -0.05  -1.16
0  1.41e+07 5606.10 | 4589.53    0.0   2888     0 |    1.59   0.78   0.18  -1.16
0  1.41e+07 5606.10 | 4646.13    0.0   2888     0 |    1.61   0.97   0.04  -1.16
0  1.42e+07 5606.10 | 4519.24    0.0   2888     0 |    1.56   0.83   0.05  -1.15
0  1.43e+07 5606.10 | 5037.61    0.0   2888     0 |    1.72   0.95  -0.07  -1.15
0  1.43e+07 5606.10 | 5100.24    0.0   2888     0 |    1.73   0.92   0.02  -1.15
0  1.44e+07 5606.10 | 5048.36    0.0   2888     0 |    1.76   0.92  -0.17  -1.15
0  1.45e+07 5606.10 | 5050.10    0.0   2888     0 |    1.72   1.17   0.07  -1.15
0  1.45e+07 5606.10 | 5142.69    0.0   2888     0 |    1.75   0.96   0.03  -1.16
0  1.46e+07 5606.10 | 4859.69    0.0   2887     0 |    1.80   0.88  -0.11  -1.16
0  1.47e+07 5606.10 | 5055.04    0.0   2888     0 |    1.72   1.02   0.04  -1.17
0  1.47e+07 5606.10 | 5089.09    0.0   2888     0 |    1.74   0.91   0.09  -1.16
0  1.48e+07 5606.10 | 5163.55    0.0   2888     0 |    1.77   0.94   0.07  -1.16
0  1.48e+07 5606.10 | 5290.09    0.0   2888     0 |    1.81   1.04   0.05  -1.16
0  1.49e+07 5606.10 | 5255.24    0.0   2888     0 |    1.81   1.01   0.02  -1.15
0  1.50e+07 5606.10 | 5230.96    0.0   2888     0 |    1.80   0.90   0.01  -1.16
0  1.50e+07 5606.10 | 5171.37    0.0   2888     0 |    1.78   0.85   0.05  -1.16
0  1.51e+07 5606.10 | 5256.16    0.0   2888     0 |    1.80   0.93   0.06  -1.17
0  1.52e+07 5606.10 | 5225.34    0.0   2888     0 |    1.80   0.98  -0.01  -1.15
0  1.52e+07 5606.10 | 5206.88    0.0   2888     0 |    1.79   0.91   0.11  -1.14
0  1.53e+07 5606.10 | 5262.99    0.0   2888     0 |    1.81   0.95   0.11  -1.14
0  1.53e+07 5606.10 | 5277.38    0.0   2888     0 |    1.81   0.84   0.10  -1.14
0  1.54e+07 5606.10 | 5280.34    0.0   2888     0 |    1.82   0.94  -0.02  -1.14
0  1.55e+07 5606.10 | 5328.15    0.0   2888     0 |    1.81   0.75  -0.09  -1.14
0  1.55e+07 5606.10 | 5315.16    0.0   2888     0 |    1.82   0.88  -0.02  -1.14
0  1.56e+07 5606.10 | 5246.30    0.0   2888     0 |    1.81   1.02   0.07  -1.14
0  1.56e+07 5606.10 | 5235.99    0.0   2888     0 |    1.80   0.90  -0.04  -1.15
0  1.57e+07 5606.10 | 4834.59    0.0   2888     0 |    1.77   1.04  -0.13  -1.15
0  1.58e+07 5606.10 | 4706.89    0.0   2888     0 |    1.63   1.03   0.07  -1.14
0  1.58e+07 5606.10 | 4644.94    0.0   2888     0 |    1.63   0.94  -0.13  -1.14
0  1.59e+07 5606.10 | 4574.60    0.0   2888     0 |    1.58   0.92  -0.01  -1.13
0  1.59e+07 5606.10 | 4583.04    0.0   2888     0 |    1.58   0.97   0.04  -1.13
0  1.60e+07 5606.10 | 4747.59    0.0   2888     0 |    1.64   0.91  -0.03  -1.12
0  1.60e+07 5606.10 | 4750.84    0.0   2888     0 |    1.64   0.92  -0.03  -1.13
0  1.61e+07 5606.10 | 4642.40    0.0   2888     0 |    1.60   0.96  -0.02  -1.13
0  1.62e+07 5606.10 | 4621.06    0.0   2888     0 |    1.60   0.85   0.14  -1.14
0  1.62e+07 5606.10 | 4632.09    0.0   2888     0 |    1.60   1.09   0.02  -1.13
0  1.63e+07 5606.10 | 4422.39    0.0   2888     0 |    1.54   0.81  -0.01  -1.14
0  1.63e+07 5606.10 | 4471.73    0.0   2888     0 |    1.54   0.88   0.10  -1.13
0  1.64e+07 5606.10 | 4495.17    0.0   2888     0 |    1.56   1.09   0.07  -1.14
0  1.65e+07 5606.10 | 4509.66    0.0   2888     0 |    1.56   0.95  -0.05  -1.12
0  1.65e+07 5606.10 | 4537.70    0.0   2888     0 |    1.57   0.81   0.11  -1.12
0  1.66e+07 5606.10 | 4632.39    0.0   2888     0 |    1.56   0.94   0.01  -1.11
0  1.66e+07 5606.10 | 4724.60    0.0   2888     0 |    1.63   0.96   0.06  -1.12
0  1.67e+07 5606.10 | 4749.72    0.0   2888     0 |    1.64   0.92   0.13  -1.12
0  1.68e+07 5606.10 | 4740.19    0.0   2888     0 |    1.64   0.88   0.02  -1.12
0  1.68e+07 5606.10 | 5153.62    0.0   2888     0 |    1.77   0.83   0.08  -1.12
0  1.69e+07 5606.10 | 5223.34    0.0   2888     0 |    1.79   0.91   0.04  -1.12
0  1.69e+07 5606.10 | 5233.08    0.0   2888     0 |    1.80   0.91  -0.09  -1.14
0  1.70e+07 5606.10 | 5218.81    0.0   2888     0 |    1.79   0.94   0.07  -1.13
0  1.70e+07 5606.10 | 5197.75    0.0   2888     0 |    1.79   0.85  -0.00  -1.13
0  1.71e+07 5606.10 | 5103.95    0.0   2888     0 |    1.76   0.73   0.15  -1.13
0  1.72e+07 5606.10 | 5180.91    0.0   2888     0 |    1.81   0.92   0.02  -1.13
0  1.72e+07 5606.10 | 5151.73    0.0   2888     0 |    1.78   0.81   0.00  -1.13
0  1.73e+07 5606.10 | 5225.10    0.0   2888     0 |    1.79   0.78  -0.01  -1.13
0  1.73e+07 5606.10 | 5145.26    0.0   2888     0 |    1.80   0.74  -0.09  -1.14
0  1.74e+07 5606.10 | 5133.36    0.0   2888     0 |    1.77   0.94  -0.07  -1.14
0  1.75e+07 5606.10 | 5181.41    0.0   2888     0 |    1.78   0.83   0.07  -1.15
0  1.75e+07 5606.10 | 5111.20    0.0   2888     0 |    1.79   0.89   0.09  -1.15
0  1.76e+07 5606.10 | 5125.76    0.0   2888     0 |    1.74   0.82  -0.04  -1.16
0  1.77e+07 5606.10 | 5152.09    0.0   2888     0 |    1.78   0.94   0.09  -1.15
0  1.77e+07 5606.10 | 5158.90    0.0   2888     0 |    1.77   0.99  -0.06  -1.16
0  1.78e+07 5606.10 | 5164.54    0.0   2888     0 |    1.77   0.84   0.08  -1.16
0  1.78e+07 5606.10 | 5080.72    0.0   2888     0 |    1.75   0.74   0.13  -1.15
0  1.79e+07 5606.10 | 5200.31    0.0   2888     0 |    1.79   0.72   0.03  -1.14
0  1.79e+07 5606.10 | 5091.19    0.0   2888     0 |    1.78   0.94  -0.09  -1.14
0  1.80e+07 5606.10 | 4957.62    0.0   2888     0 |    1.72   0.99  -0.15  -1.15
0  1.81e+07 5606.10 | 5253.13    0.0   2888     0 |    1.81   0.83  -0.09  -1.17
0  1.81e+07 5606.10 | 5183.36    0.0   2888     0 |    1.78   1.09   0.01  -1.17
0  1.82e+07 5606.10 | 5208.72    0.0   2888     0 |    1.79   0.79   0.08  -1.17
0  1.83e+07 5606.10 | 5222.11    0.0   2888     0 |    1.79   0.86  -0.07  -1.16
0  1.83e+07 5606.10 | 5216.94    0.0   2888     0 |    1.80   1.13   0.01  -1.16
0  1.84e+07 5606.10 | 5156.51    0.0   2888     0 |    1.77   0.91   0.12  -1.16
0  1.84e+07 5606.10 | 5189.63    0.0   2888     0 |    1.79   0.75   0.05  -1.16
0  1.85e+07 5606.10 | 5212.19    0.0   2888     0 |    1.79   0.86   0.04  -1.16
0  1.86e+07 5606.10 | 5241.83    0.0   2888     0 |    1.80   0.78   0.10  -1.16
0  1.86e+07 5606.10 | 5259.87    0.0   2888     0 |    1.81   0.82   0.00  -1.15
0  1.87e+07 5606.10 | 5281.16    0.0   2888     0 |    1.82   1.02   0.01  -1.14
0  1.87e+07 5606.10 | 5293.61    0.0   2888     0 |    1.82   0.84  -0.01  -1.15
0  1.88e+07 5606.10 | 5059.94    0.0   2888     0 |    1.75   0.75  -0.04  -1.15
0  1.89e+07 5606.10 | 4987.93    0.0   2888     0 |    1.71   0.87  -0.08  -1.14
0  1.89e+07 5606.10 | 5263.29    0.0   2888     0 |    1.82   0.86   0.00  -1.14
0  1.90e+07 5606.10 | 5280.29    0.0   2888     0 |    1.81   0.87  -0.06  -1.14
0  1.90e+07 5606.10 | 5309.41    0.0   2888     0 |    1.82   0.82   0.00  -1.15
0  1.91e+07 5606.10 | 5316.87    0.0   2888     0 |    1.82   0.75   0.11  -1.15
0  1.92e+07 5606.10 | 5311.52    0.0   2888     0 |    1.83   0.74   0.05  -1.14
0  1.92e+07 5606.10 | 5230.10    0.0   2888     0 |    1.80   0.74   0.13  -1.15
0  1.93e+07 5606.10 | 5268.42    0.0   2888     0 |    1.81   0.79  -0.00  -1.16
0  1.94e+07 5606.10 | 5278.15    0.0   2888     0 |    1.82   0.74  -0.01  -1.16
################################################################################
ID     Step    maxR |    avgR   stdR   avgS  stdS |    expR   objC   etc.
0  5.77e+03 4241.57 |
成功率：98.7%, 提交量大于阈值的概率：0.83705%, 超供率：96.1%, 超供程度：83.4%, 超供平均值：5.6, 方差：196.5
0  5.77e+03 4241.57 | 4241.57    0.0   2887     0 |    1.28   2.86  -0.00  -0.50
0  4.62e+04 4394.96 |
成功率：98.9%, 提交量大于阈值的概率：0.85809%, 超供率：96.5%, 超供程度：83.1%, 超供平均值：5.6, 方差：186.9
0  4.62e+04 4394.96 | 4394.96    0.0   2885     0 |    1.35   1.72   0.02  -0.51
0  8.08e+04 4478.28 |
成功率：98.8%, 提交量大于阈值的概率：0.84709%, 超供率：96.4%, 超供程度：82.4%, 超供平均值：5.6, 方差：181.8
0  8.08e+04 4478.28 | 4478.28    0.0   2885     0 |    1.40   1.55   0.00  -0.52
0  1.15e+05 4569.62 |
成功率：98.7%, 提交量大于阈值的概率：0.79761%, 超供率：96.3%, 超供程度：81.1%, 超供平均值：5.5, 方差：177.6
0  1.15e+05 4569.62 | 4569.62    0.0   2885     0 |    1.45   1.61   0.02  -0.53
0  1.50e+05 4683.54 |
成功率：98.7%, 提交量大于阈值的概率：0.77207%, 超供率：96.7%, 超供程度：80.7%, 超供平均值：5.4, 方差：174.5
0  1.50e+05 4683.54 | 4683.54    0.0   2885     0 |    1.49   1.53  -0.04  -0.55
0  1.85e+05 4780.77 |
成功率：98.6%, 提交量大于阈值的概率：0.74577%, 超供率：96.3%, 超供程度：79.4%, 超供平均值：5.4, 方差：169.6
0  1.85e+05 4780.77 | 4780.77    0.0   2885     0 |    1.52   1.37   0.03  -0.55
0  2.19e+05 4861.94 |
成功率：98.5%, 提交量大于阈值的概率：0.75357%, 超供率：96.1%, 超供程度：77.8%, 超供平均值：5.3, 方差：165.9
0  2.19e+05 4861.94 | 4861.94    0.0   2885     0 |    1.55   1.38  -0.10  -0.56
0  2.54e+05 4926.90 |
成功率：98.0%, 提交量大于阈值的概率：0.73552%, 超供率：95.0%, 超供程度：75.2%, 超供平均值：5.1, 方差：158.6
0  2.54e+05 4926.90 | 4926.90    0.0   2886     0 |    1.58   1.55  -0.13  -0.57
0  2.89e+05 5090.32 |
成功率：96.9%, 提交量大于阈值的概率：0.62333%, 超供率：93.4%, 超供程度：72.5%, 超供平均值：4.9, 方差：144.4
0  2.89e+05 5090.32 | 5090.32    0.0   2886     0 |    1.62   1.12   0.13  -0.59
0  3.23e+05 5203.48 |
成功率：95.4%, 提交量大于阈值的概率：0.47983%, 超供率：90.6%, 超供程度：69.2%, 超供平均值：4.7, 方差：128.6
0  3.23e+05 5203.48 | 5203.48    0.0   2887     0 |    1.66   1.06  -0.02  -0.61
0  3.58e+05 5255.66 |
成功率：94.3%, 提交量大于阈值的概率：0.33378%, 超供率：88.7%, 超供程度：68.2%, 超供平均值：4.6, 方差：119.8
0  3.58e+05 5255.66 | 5255.66    0.0   2887     0 |    1.68   1.03   0.06  -0.63
0  3.93e+05 5255.66 | 5228.04    0.0   2887     0 |    1.70   0.96   0.03  -0.64
0  4.50e+05 5264.82 |
成功率：92.6%, 提交量大于阈值的概率：0.05563%, 超供率：85.1%, 超供程度：64.8%, 超供平均值：4.4, 方差：106.4
0  4.50e+05 5264.82 | 5264.82    0.0   2887     0 |    1.72   0.88   0.13  -0.68
0  4.85e+05 5306.89 |
成功率：93.0%, 提交量大于阈值的概率：0.06708%, 超供率：85.5%, 超供程度：65.1%, 超供平均值：4.4, 方差：108.8
0  4.85e+05 5306.89 | 5306.89    0.0   2887     0 |    1.73   0.71   0.03  -0.69
0  5.20e+05 5329.65 |
成功率：93.1%, 提交量大于阈值的概率：0.06991%, 超供率：84.9%, 超供程度：64.5%, 超供平均值：4.4, 方差：109.5
0  5.20e+05 5329.65 | 5329.65    0.0   2887     0 |    1.75   0.90   0.10  -0.71
0  5.54e+05 5329.65 | 5319.31    0.0   2887     0 |    1.76   0.87   0.09  -0.73
0  6.18e+05 5411.19 |
成功率：93.7%, 提交量大于阈值的概率：0.12445%, 超供率：82.6%, 超供程度：62.1%, 超供平均值：4.2, 方差：112.8
0  6.18e+05 5411.19 | 5411.19    0.0   2887     0 |    1.78   0.85  -0.02  -0.76
0  6.52e+05 5446.80 |
成功率：93.9%, 提交量大于阈值的概率：0.15693%, 超供率：81.3%, 超供程度：60.6%, 超供平均值：4.1, 方差：114.1
0  6.52e+05 5446.80 | 5446.80    0.0   2887     0 |    1.80   0.80   0.02  -0.78
0  6.87e+05 5490.67 |
成功率：94.2%, 提交量大于阈值的概率：0.15650%, 超供率：80.6%, 超供程度：59.7%, 超供平均值：4.1, 方差：115.1
0  6.87e+05 5490.67 | 5490.67    0.0   2887     0 |    1.81   0.74  -0.01  -0.79
0  7.22e+05 5506.99 |
成功率：94.2%, 提交量大于阈值的概率：0.17088%, 超供率：78.6%, 超供程度：58.0%, 超供平均值：3.9, 方差：114.9
0  7.22e+05 5506.99 | 5506.99    0.0   2888     0 |    1.82   0.87   0.00  -0.81
0  7.56e+05 5523.10 |
成功率：94.2%, 提交量大于阈值的概率：0.19864%, 超供率：75.5%, 超供程度：55.6%, 超供平均值：3.8, 方差：115.3
0  7.56e+05 5523.10 | 5523.10    0.0   2888     0 |    1.84   0.83   0.09  -0.82
0  7.91e+05 5523.10 | 5492.85    0.0   2888     0 |    1.85   0.80   0.06  -0.84
0  8.49e+05 5597.45 |
成功率：94.2%, 提交量大于阈值的概率：0.17857%, 超供率：70.4%, 超供程度：51.5%, 超供平均值：3.5, 方差：112.9
0  8.49e+05 5597.45 | 5597.45    0.0   2888     0 |    1.87   0.89  -0.12  -0.85
0  8.83e+05 5635.23 |
成功率：94.4%, 提交量大于阈值的概率：0.16482%, 超供率：71.0%, 超供程度：52.2%, 超供平均值：3.5, 方差：113.8
0  8.83e+05 5635.23 | 5635.23    0.0   2888     0 |    1.89   0.82   0.07  -0.87
0  9.18e+05 5635.23 | 5628.88    0.0   2888     0 |    1.90   0.82   0.10  -0.89
0  9.76e+05 5700.04 |
成功率：94.5%, 提交量大于阈值的概率：0.22778%, 超供率：67.6%, 超供程度：48.4%, 超供平均值：3.3, 方差：113.9
0  9.76e+05 5700.04 | 5700.04    0.0   2888     0 |    1.92   0.71   0.02  -0.90
0  1.01e+06 5725.24 |
成功率：95.0%, 提交量大于阈值的概率：0.32833%, 超供率：69.0%, 超供程度：48.9%, 超供平均值：3.3, 方差：117.2
0  1.01e+06 5725.24 | 5725.24    0.0   2888     0 |    1.93   0.79  -0.00  -0.92
0  1.05e+06 5745.97 |
成功率：95.3%, 提交量大于阈值的概率：0.36636%, 超供率：69.1%, 超供程度：48.6%, 超供平均值：3.3, 方差：118.1
0  1.05e+06 5745.97 | 5745.97    0.0   2888     0 |    1.94   0.73   0.06  -0.93
0  1.08e+06 5757.23 |
成功率：95.5%, 提交量大于阈值的概率：0.37776%, 超供率：70.0%, 超供程度：49.5%, 超供平均值：3.4, 方差：120.0
0  1.08e+06 5757.23 | 5757.23    0.0   2888     0 |    1.94   0.79  -0.04  -0.94
0  1.11e+06 5771.84 |
成功率：95.6%, 提交量大于阈值的概率：0.41727%, 超供率：69.1%, 超供程度：48.6%, 超供平均值：3.3, 方差：120.4
0  1.11e+06 5771.84 | 5771.84    0.0   2888     0 |    1.95   0.82  -0.02  -0.95
0  1.15e+06 5777.77 |
成功率：95.7%, 提交量大于阈值的概率：0.42510%, 超供率：68.2%, 超供程度：48.0%, 超供平均值：3.3, 方差：121.3
0  1.15e+06 5777.77 | 5777.77    0.0   2888     0 |    1.95   0.83  -0.08  -0.95
0  1.18e+06 5792.81 |
成功率：95.6%, 提交量大于阈值的概率：0.38762%, 超供率：68.7%, 超供程度：48.8%, 超供平均值：3.3, 方差：120.7
0  1.18e+06 5792.81 | 5792.81    0.0   2888     0 |    1.96   0.81  -0.01  -0.96
0  1.22e+06 5792.81 | 5785.08    0.0   2888     0 |    1.97   0.76   0.10  -0.97
0  1.28e+06 5801.53 |
成功率：95.7%, 提交量大于阈值的概率：0.38941%, 超供率：68.8%, 超供程度：48.8%, 超供平均值：3.3, 方差：121.5
0  1.28e+06 5801.53 | 5801.53    0.0   2888     0 |    1.96   0.82  -0.09  -0.99
0  1.31e+06 5803.81 |
成功率：95.8%, 提交量大于阈值的概率：0.39256%, 超供率：70.4%, 超供程度：50.2%, 超供平均值：3.4, 方差：122.7
0  1.31e+06 5803.81 | 5803.81    0.0   2888     0 |    1.96   0.66   0.11  -0.99
0  1.35e+06 5803.81 | 5799.81    0.0   2888     0 |    1.96   0.74   0.01  -1.01
0  1.40e+06 5803.81 | 5803.67    0.0   2888     0 |    1.97   0.84  -0.03  -1.03
0  1.46e+06 5805.48 |
成功率：95.6%, 提交量大于阈值的概率：0.32170%, 超供率：69.9%, 超供程度：50.2%, 超供平均值：3.4, 方差：121.2
0  1.46e+06 5805.48 | 5805.48    0.0   2888     0 |    1.96   0.84  -0.01  -1.02
0  1.50e+06 5810.33 |
成功率：95.7%, 提交量大于阈值的概率：0.36738%, 超供率：70.7%, 超供程度：50.1%, 超供平均值：3.4, 方差：122.5
0  1.50e+06 5810.33 | 5810.33    0.0   2888     0 |    1.97   0.83   0.01  -1.04
0  1.53e+06 5815.73 |
成功率：95.6%, 提交量大于阈值的概率：0.32352%, 超供率：70.9%, 超供程度：50.4%, 超供平均值：3.4, 方差：121.1
0  1.53e+06 5815.73 | 5815.73    0.0   2888     0 |    1.97   0.75   0.09  -1.05
0  1.57e+06 5815.73 | 5807.56    0.0   2888     0 |    1.97   0.84   0.02  -1.06
0  1.62e+06 5815.73 | 5810.13    0.0   2888     0 |    1.97   0.85   0.00  -1.08
0  1.68e+06 5815.73 | 5805.93    0.0   2888     0 |    1.98   0.72   0.01  -1.08
0  1.74e+06 5831.03 |
成功率：95.7%, 提交量大于阈值的概率：0.33822%, 超供率：70.5%, 超供程度：50.1%, 超供平均值：3.4, 方差：120.7
0  1.74e+06 5831.03 | 5831.03    0.0   2888     0 |    1.98   0.79   0.06  -1.09
0  1.77e+06 5831.03 | 5826.03    0.0   2888     0 |    1.98   0.70   0.14  -1.10
0  1.84e+06 5831.03 | 5707.53    0.0   2888     0 |    1.95   0.78   0.04  -1.11
0  1.89e+06 5831.03 | 5729.93    0.0   2888     0 |    1.95   1.01   0.01  -1.12
0  1.95e+06 5831.03 | 5749.73    0.0   2888     0 |    1.96   0.82   0.00  -1.13
0  2.02e+06 5831.03 | 5752.09    0.0   2888     0 |    1.96   0.75   0.18  -1.15
0  2.07e+06 5831.03 | 5729.91    0.0   2888     0 |    1.96   0.75   0.04  -1.16
0  2.14e+06 5831.03 | 5759.46    0.0   2888     0 |    1.97   0.87   0.00  -1.17
0  2.19e+06 5831.03 | 5768.12    0.0   2888     0 |    1.97   0.86   0.07  -1.17
0  2.26e+06 5831.03 | 5771.86    0.0   2888     0 |    1.96   0.87   0.04  -1.16
0  2.32e+06 5831.03 | 5763.34    0.0   2888     0 |    1.97   0.76  -0.05  -1.15
0  2.38e+06 5831.03 | 5745.20    0.0   2888     0 |    1.96   0.85   0.03  -1.16
0  2.44e+06 5831.03 | 5763.72    0.0   2888     0 |    1.97   0.85   0.10  -1.17
0  2.50e+06 5831.03 | 5763.53    0.0   2888     0 |    1.97   0.84   0.06  -1.17
0  2.56e+06 5831.03 | 5769.23    0.0   2888     0 |    1.97   0.81   0.09  -1.17
0  2.62e+06 5831.03 | 5769.69    0.0   2888     0 |    1.98   0.89   0.10  -1.17
0  2.68e+06 5831.03 | 5772.01    0.0   2888     0 |    1.98   0.84   0.03  -1.17
0  2.74e+06 5831.03 | 5723.15    0.0   2888     0 |    1.97   0.87   0.01  -1.17
0  2.80e+06 5831.03 | 5702.36    0.0   2888     0 |    1.99   0.76  -0.06  -1.16
0  2.85e+06 5831.03 | 5455.31    0.0   2888     0 |    1.89   1.04   0.02  -1.17
0  2.91e+06 5831.03 | 5516.67    0.0   2888     0 |    1.90   0.98   0.04  -1.16
0  2.97e+06 5831.03 | 5562.54    0.0   2888     0 |    1.92   0.99   0.10  -1.15
0  3.03e+06 5831.03 | 5618.79    0.0   2888     0 |    1.94   0.86   0.06  -1.15
0  3.09e+06 5831.03 | 5681.58    0.0   2888     0 |    1.95   0.78   0.01  -1.14
0  3.15e+06 5831.03 | 5136.08    0.0   2888     0 |    1.76   0.95   0.14  -1.15
0  3.21e+06 5831.03 | 5285.64    0.0   2888     0 |    1.80   0.89   0.04  -1.15
0  3.27e+06 5831.03 | 5328.70    0.0   2888     0 |    1.82   0.87   0.04  -1.16
0  3.34e+06 5831.03 | 5380.46    0.0   2888     0 |    1.85   0.86   0.04  -1.16
0  3.40e+06 5831.03 | 5482.52    0.0   2888     0 |    1.88   0.95   0.06  -1.16
0  3.46e+06 5831.03 | 5376.26    0.0   2888     0 |    1.84   1.05   0.04  -1.16
0  3.52e+06 5831.03 | 5417.54    0.0   2888     0 |    1.86   1.05  -0.00  -1.16
0  3.59e+06 5831.03 | 5366.97    0.0   2888     0 |    1.84   1.12  -0.03  -1.15
0  3.64e+06 5831.03 | 5393.35    0.0   2888     0 |    1.85   0.98   0.10  -1.16
0  3.70e+06 5831.03 | 5431.99    0.0   2888     0 |    1.86   1.12   0.08  -1.16
0  3.77e+06 5831.03 | 5455.08    0.0   2888     0 |    1.87   0.95   0.04  -1.16
0  3.83e+06 5831.03 | 5482.37    0.0   2888     0 |    1.88   0.81   0.02  -1.16
0  3.89e+06 5831.03 | 5493.90    0.0   2888     0 |    1.88   1.12  -0.07  -1.16
0  3.96e+06 5831.03 | 5518.73    0.0   2888     0 |    1.89   1.29   0.07  -1.16
0  4.01e+06 5831.03 | 5541.41    0.0   2888     0 |    1.90   0.98   0.15  -1.15
0  4.08e+06 5831.03 | 5550.35    0.0   2888     0 |    1.91   0.94   0.00  -1.14
0  4.14e+06 5831.03 | 5562.62    0.0   2888     0 |    1.91   1.08   0.05  -1.15
0  4.19e+06 5831.03 | 5598.25    0.0   2888     0 |    1.92   0.96  -0.05  -1.15
0  4.25e+06 5831.03 | 5611.40    0.0   2888     0 |    1.93   0.88   0.02  -1.16
0  4.31e+06 5831.03 | 5618.40    0.0   2888     0 |    1.93   0.86   0.02  -1.15
0  4.37e+06 5831.03 | 5616.94    0.0   2888     0 |    1.93   1.06   0.11  -1.16
0  4.44e+06 5831.03 | 5637.78    0.0   2888     0 |    1.93   0.88  -0.03  -1.15
0  4.50e+06 5831.03 | 5662.67    0.0   2888     0 |    1.95   0.86   0.16  -1.16
0  4.56e+06 5831.03 | 5414.85    0.0   2888     0 |    1.95   0.93  -0.02  -1.16
0  4.61e+06 5831.03 | 5568.80    0.0   2888     0 |    1.91   0.72  -0.01  -1.16
0  4.68e+06 5831.03 | 5615.29    0.0   2888     0 |    1.93   0.70   0.03  -1.16
0  4.74e+06 5831.03 | 5655.30    0.0   2888     0 |    1.94   0.70   0.09  -1.16
0  4.79e+06 5831.03 | 5615.07    0.0   2888     0 |    1.93   0.84  -0.07  -1.15
