################################################################################
ID     Step    maxR |    avgR   stdR   avgS  stdS |    expR   objC   etc.
0  5.77e+03 4250.79 |
成功率：98.7%, 提交量大于阈值的概率：0.82972%, 超供率：96.1%, 超供程度：83.4%, 超供平均值：5.6, 方差：196.0
0  5.77e+03 4250.79 | 4250.79    0.0   2887     0 |    1.28   1.34  -0.01  -0.50
0  4.62e+04 4549.61 |
成功率：98.8%, 提交量大于阈值的概率：0.82120%, 超供率：96.6%, 超供程度：81.7%, 超供平均值：5.5, 方差：178.0
0  4.62e+04 4549.61 | 4549.61    0.0   2885     0 |    1.41   0.61   0.06  -0.53
0  8.66e+04 4791.03 |
成功率：98.4%, 提交量大于阈值的概率：0.74548%, 超供率：95.8%, 超供程度：77.9%, 超供平均值：5.3, 方差：165.6
0  8.66e+04 4791.03 | 4791.03    0.0   2885     0 |    1.51   0.49   0.08  -0.55
0  1.27e+05 5085.53 |
成功率：97.0%, 提交量大于阈值的概率：0.62827%, 超供率：93.5%, 超供程度：74.3%, 超供平均值：5.0, 方差：146.9
0  1.27e+05 5085.53 | 5085.53    0.0   2886     0 |    1.61   0.40   0.12  -0.58
0  1.67e+05 5239.74 |
成功率：94.2%, 提交量大于阈值的概率：0.30431%, 超供率：88.5%, 超供程度：69.4%, 超供平均值：4.7, 方差：120.8
0  1.67e+05 5239.74 | 5239.74    0.0   2887     0 |    1.68   0.34   0.10  -0.60
0  2.02e+05 5248.20 |
成功率：93.0%, 提交量大于阈值的概率：0.11574%, 超供率：85.7%, 超供程度：67.0%, 超供平均值：4.6, 方差：110.5
0  2.02e+05 5248.20 | 5248.20    0.0   2887     0 |    1.70   0.29  -0.01  -0.64
0  2.37e+05 5267.89 |
成功率：92.6%, 提交量大于阈值的概率：0.03025%, 超供率：84.0%, 超供程度：65.4%, 超供平均值：4.4, 方差：107.8
0  2.37e+05 5267.89 | 5267.89    0.0   2887     0 |    1.73   0.29   0.06  -0.67
0  2.71e+05 5342.99 |
成功率：93.1%, 提交量大于阈值的概率：0.06601%, 超供率：82.7%, 超供程度：63.8%, 超供平均值：4.3, 方差：111.2
0  2.71e+05 5342.99 | 5342.99    0.0   2887     0 |    1.76   0.27   0.03  -0.71
0  3.06e+05 5411.08 |
成功率：93.5%, 提交量大于阈值的概率：0.11700%, 超供率：80.2%, 超供程度：61.0%, 超供平均值：4.1, 方差：112.7
0  3.06e+05 5411.08 | 5411.08    0.0   2887     0 |    1.79   0.28   0.06  -0.74
0  3.41e+05 5504.01 |
成功率：94.2%, 提交量大于阈值的概率：0.16601%, 超供率：80.0%, 超供程度：60.3%, 超供平均值：4.1, 方差：117.3
0  3.41e+05 5504.01 | 5504.01    0.0   2887     0 |    1.82   0.28  -0.11  -0.76
0  3.75e+05 5541.63 |
成功率：94.2%, 提交量大于阈值的概率：0.13149%, 超供率：78.0%, 超供程度：58.9%, 超供平均值：4.0, 方差：115.7
0  3.75e+05 5541.63 | 5541.63    0.0   2887     0 |    1.84   0.26  -0.01  -0.79
0  4.10e+05 5611.84 |
成功率：94.9%, 提交量大于阈值的概率：0.20475%, 超供率：77.7%, 超供程度：58.8%, 超供平均值：4.0, 方差：120.5
0  4.10e+05 5611.84 | 5611.84    0.0   2887     0 |    1.86   0.25   0.05  -0.81
0  4.45e+05 5638.14 |
成功率：94.9%, 提交量大于阈值的概率：0.21434%, 超供率：75.4%, 超供程度：57.1%, 超供平均值：3.9, 方差：120.0
0  4.45e+05 5638.14 | 5638.14    0.0   2887     0 |    1.88   0.24  -0.01  -0.84
0  4.79e+05 5680.32 |
成功率：95.2%, 提交量大于阈值的概率：0.26869%, 超供率：74.6%, 超供程度：56.1%, 超供平均值：3.8, 方差：122.1
0  4.79e+05 5680.32 | 5680.32    0.0   2888     0 |    1.89   0.29   0.13  -0.86
0  5.14e+05 5680.32 | 5658.83    0.0   2888     0 |    1.91   0.20  -0.02  -0.89
0  5.77e+05 5740.96 |
成功率：95.1%, 提交量大于阈值的概率：0.17401%, 超供率：72.1%, 超供程度：54.8%, 超供平均值：3.7, 方差：120.1
0  5.77e+05 5740.96 | 5740.96    0.0   2888     0 |    1.93   0.21   0.02  -0.93
0  6.12e+05 5756.05 |
成功率：95.5%, 提交量大于阈值的概率：0.29263%, 超供率：71.9%, 超供程度：54.1%, 超供平均值：3.7, 方差：122.1
0  6.12e+05 5756.05 | 5756.05    0.0   2888     0 |    1.94   0.21   0.01  -0.95
0  6.47e+05 5756.05 | 5718.57    0.0   2888     0 |    1.95   0.19  -0.12  -0.96
0  7.10e+05 5830.46 |
成功率：95.3%, 提交量大于阈值的概率：0.29310%, 超供率：65.4%, 超供程度：47.6%, 超供平均值：3.2, 方差：120.6
0  7.10e+05 5830.46 | 5830.46    0.0   2888     0 |    1.98   0.20   0.06  -0.97
0  7.45e+05 5830.46 | 5825.54    0.0   2888     0 |    1.98   0.19   0.05  -0.98
0  8.08e+05 5871.41 |
成功率：95.6%, 提交量大于阈值的概率：0.19669%, 超供率：67.7%, 超供程度：50.7%, 超供平均值：3.4, 方差：123.0
0  8.08e+05 5871.41 | 5871.41    0.0   2888     0 |    1.98   0.21   0.03  -1.01
0  8.43e+05 5874.97 |
成功率：95.7%, 提交量大于阈值的概率：0.25239%, 超供率：66.2%, 超供程度：49.4%, 超供平均值：3.3, 方差：123.3
0  8.43e+05 5874.97 | 5874.97    0.0   2888     0 |    1.99   0.17   0.05  -1.01
0  8.78e+05 5884.28 |
成功率：95.6%, 提交量大于阈值的概率：0.27804%, 超供率：65.1%, 超供程度：48.1%, 超供平均值：3.2, 方差：122.3
0  8.78e+05 5884.28 | 5884.28    0.0   2888     0 |    2.00   0.21   0.15  -1.03
0  9.12e+05 5884.28 | 5879.16    0.0   2888     0 |    2.00   0.21   0.07  -1.05
0  9.76e+05 5888.82 |
成功率：95.7%, 提交量大于阈值的概率：0.26727%, 超供率：65.9%, 超供程度：49.1%, 超供平均值：3.3, 方差：123.6
0  9.76e+05 5888.82 | 5888.82    0.0   2888     0 |    2.01   0.23   0.03  -1.07
0  1.01e+06 5888.82 | 5744.54    0.0   2888     0 |    1.96   0.24   0.02  -1.07
0  1.07e+06 5888.82 | 5868.74    0.0   2888     0 |    2.01   0.21  -0.03  -1.09
0  1.14e+06 5888.82 | 5537.31    0.0   2888     0 |    1.90   0.28  -0.03  -1.10
0  1.20e+06 5888.82 | 5668.49    0.0   2888     0 |    1.94   0.27   0.02  -1.12
0  1.26e+06 5888.82 | 4621.91    0.0   2888     0 |    1.59   0.44   0.08  -1.12
0  1.33e+06 5888.82 | 5202.59    0.0   2888     0 |    1.76   0.33   0.01  -1.13
0  1.39e+06 5888.82 | 5495.22    0.0   2888     0 |    1.85   0.26  -0.05  -1.15
0  1.46e+06 5888.82 | 5335.06    0.0   2888     0 |    1.83   0.30   0.05  -1.15
0  1.52e+06 5888.82 | 5423.46    0.0   2888     0 |    1.86   0.25   0.08  -1.15
0  1.58e+06 5888.82 | 5369.28    0.0   2888     0 |    1.84   0.30  -0.06  -1.16
0  1.65e+06 5888.82 | 5003.28    0.0   2886     0 |    1.71   0.43  -0.02  -1.16
0  1.72e+06 5888.82 | 5087.34    0.0   2886     0 |    1.75   0.37  -0.06  -1.17
0  1.78e+06 5888.82 | 5197.23    0.0   2887     0 |    1.78   0.35   0.06  -1.17
0  1.84e+06 5888.82 | 5317.74    0.0   2887     0 |    1.82   0.34  -0.04  -1.18
0  1.91e+06 5888.82 | 5472.32    0.0   2888     0 |    1.88   0.28  -0.00  -1.18
0  1.97e+06 5888.82 | 5545.51    0.0   2888     0 |    1.89   0.28  -0.01  -1.18
0  2.03e+06 5888.82 | 5564.55    0.0   2888     0 |    1.91   0.27   0.02  -1.16
0  2.10e+06 5888.82 | 5046.12    0.0   2888     0 |    1.74   0.34   0.02  -1.17
0  2.16e+06 5888.82 | 1846.38    0.0   2888     0 |    1.32   0.27   0.09  -1.17
0  2.22e+06 5888.82 | 5235.24    0.0   2888     0 |    1.78   0.22  -0.11  -1.15
0  2.29e+06 5888.82 | 5437.85    0.0   2888     0 |    1.87   0.17  -0.02  -1.17
0  2.35e+06 5888.82 | 5473.76    0.0   2888     0 |    1.88   0.23  -0.00  -1.16
0  2.41e+06 5888.82 | 5532.29    0.0   2888     0 |    1.91   0.24  -0.04  -1.16
0  2.48e+06 5888.82 | 5585.90    0.0   2888     0 |    1.93   0.23   0.06  -1.15
0  2.54e+06 5888.82 | 5457.49    0.0   2888     0 |    1.88   0.21   0.07  -1.15
0  2.60e+06 5888.82 | 5210.94    0.0   2888     0 |    1.79   0.23  -0.05  -1.15
0  2.67e+06 5888.82 | 5498.20    0.0   2888     0 |    1.90   0.24   0.07  -1.13
0  2.73e+06 5888.82 | 5658.98    0.0   2888     0 |    1.94   0.18  -0.04  -1.14
0  2.80e+06 5888.82 | 5502.36    0.0   2888     0 |    1.90   0.26   0.01  -1.13
0  2.86e+06 5888.82 | 5642.42    0.0   2888     0 |    1.93   0.21   0.04  -1.13
0  2.92e+06 5888.82 | 5509.82    0.0   2888     0 |    1.89   0.31  -0.11  -1.15
0  2.99e+06 5888.82 | 5700.32    0.0   2888     0 |    1.95   0.27   0.05  -1.15
0  3.05e+06 5888.82 | 5347.21    0.0   2887     0 |    1.83   0.28  -0.11  -1.17
0  3.11e+06 5888.82 | 5442.86    0.0   2887     0 |    1.87   0.26   0.08  -1.18
0  3.18e+06 5888.82 | 5491.90    0.0   2888     0 |    1.88   0.28   0.02  -1.18
0  3.24e+06 5888.82 | 5293.25    0.0   2888     0 |    1.83   0.27   0.05  -1.17
0  3.30e+06 5888.82 | 5417.57    0.0   2888     0 |    1.86   0.28  -0.13  -1.17
0  3.37e+06 5888.82 | 5323.38    0.0   2888     0 |    1.88   0.25  -0.07  -1.16
0  3.43e+06 5888.82 | 5346.54    0.0   2888     0 |    1.84   0.27   0.06  -1.16
0  3.49e+06 5888.82 | 5404.56    0.0   2888     0 |    1.86   0.27   0.08  -1.16
0  3.56e+06 5888.82 | 4858.32    0.0   2888     0 |    1.68   0.28  -0.07  -1.15
0  3.62e+06 5888.82 | 4625.82    0.0   2888     0 |    1.60   0.29   0.08  -1.15
0  3.68e+06 5888.82 | 4743.24    0.0   2888     0 |    1.64   0.25   0.02  -1.14
0  3.75e+06 5888.82 | 4839.44    0.0   2888     0 |    1.68   0.29  -0.01  -1.14
0  3.81e+06 5888.82 | 4747.94    0.0   2888     0 |    1.64   0.28  -0.01  -1.14
0  3.88e+06 5888.82 | 4813.78    0.0   2888     0 |    1.66   0.27  -0.04  -1.14
0  3.94e+06 5888.82 | 4654.71    0.0   2888     0 |    1.61   0.22   0.06  -1.15
0  4.00e+06 5888.82 | 4676.25    0.0   2888     0 |    1.61   0.23   0.02  -1.15
0  4.07e+06 5888.82 | 4885.65    0.0   2888     0 |    1.69   0.23  -0.04  -1.14
0  4.13e+06 5888.82 | 4954.04    0.0   2888     0 |    1.69   0.25   0.05  -1.14
0  4.19e+06 5888.82 | 4837.61    0.0   2888     0 |    1.67   0.28   0.04  -1.15
0  4.26e+06 5888.82 | 4995.69    0.0   2888     0 |    1.71   0.23   0.03  -1.14
0  4.32e+06 5888.82 | 5324.34    0.0   2888     0 |    1.83   0.23  -0.03  -1.16
0  4.38e+06 5888.82 | 5076.62    0.0   2888     0 |    1.75   0.23   0.01  -1.16
0  4.45e+06 5888.82 | 5185.12    0.0   2888     0 |    1.79   0.22  -0.03  -1.15
0  4.51e+06 5888.82 | 5293.93    0.0   2888     0 |    1.82   0.27   0.02  -1.15
0  4.57e+06 5888.82 | 5424.07    0.0   2888     0 |    1.86   0.31   0.11  -1.15
0  4.64e+06 5888.82 | 5447.74    0.0   2888     0 |    1.87   0.29   0.08  -1.15
0  4.70e+06 5888.82 | 5170.94    0.0   2887     0 |    1.84   0.30   0.06  -1.15
0  4.76e+06 5888.82 | 5342.93    0.0   2888     0 |    1.84   0.30   0.07  -1.15
0  4.83e+06 5888.82 | 5447.11    0.0   2888     0 |    1.87   0.28   0.02  -1.16
0  4.89e+06 5888.82 | 5465.73    0.0   2888     0 |    1.88   0.25   0.04  -1.16
0  4.96e+06 5888.82 | 5242.97    0.0   2888     0 |    1.76   0.24  -0.03  -1.16
0  5.02e+06 5888.82 | 5482.03    0.0   2888     0 |    1.89   0.28  -0.11  -1.16
0  5.08e+06 5888.82 | 5420.90    0.0   2888     0 |    1.87   0.24   0.07  -1.17
0  5.15e+06 5888.82 | 5380.38    0.0   2888     0 |    1.84   0.29   0.02  -1.17
0  5.21e+06 5888.82 | 5452.14    0.0   2888     0 |    1.87   0.33  -0.04  -1.16
0  5.27e+06 5888.82 | 5500.82    0.0   2888     0 |    1.89   0.29  -0.00  -1.16
0  5.34e+06 5888.82 | 5544.38    0.0   2888     0 |    1.91   0.22   0.01  -1.17
0  5.40e+06 5888.82 | 5474.92    0.0   2888     0 |    1.89   0.30  -0.01  -1.17
