################################################################################
ID     Step    maxR |    avgR   stdR   avgS  stdS |    expR   objC   etc.
0  5.77e+03 4219.45 |
成功率：98.7%, 提交量大于阈值的概率：0.83239%, 超供率：96.1%, 超供程度：83.5%, 超供平均值：5.7, 方差：197.9
0  5.77e+03 4219.45 | 4219.45    0.0   2887     0 |    1.28  15.29   0.03  -0.50
0  4.62e+04 4243.00 |
成功率：98.7%, 提交量大于阈值的概率：0.84025%, 超供率：96.0%, 超供程度：83.1%, 超供平均值：5.6, 方差：197.1
0  4.62e+04 4243.00 | 4243.00    0.0   2888     0 |    1.30   9.13   0.05  -0.51
0  8.66e+04 4285.40 |
成功率：98.7%, 提交量大于阈值的概率：0.85315%, 超供率：96.1%, 超供程度：82.8%, 超供平均值：5.6, 方差：192.7
0  8.66e+04 4285.40 | 4285.40    0.0   2888     0 |    1.34   8.94   0.04  -0.51
0  1.21e+05 4326.31 |
成功率：98.8%, 提交量大于阈值的概率：0.85125%, 超供率：96.2%, 超供程度：82.4%, 超供平均值：5.6, 方差：191.2
0  1.21e+05 4326.31 | 4326.31    0.0   2888     0 |    1.35   9.60  -0.07  -0.51
0  1.62e+05 4342.36 |
成功率：98.8%, 提交量大于阈值的概率：0.85376%, 超供率：96.2%, 超供程度：82.1%, 超供平均值：5.6, 方差：190.6
0  1.62e+05 4342.36 | 4342.36    0.0   2888     0 |    1.36   8.18   0.06  -0.51
0  2.02e+05 4354.76 |
成功率：99.0%, 提交量大于阈值的概率：0.86059%, 超供率：96.5%, 超供程度：82.0%, 超供平均值：5.5, 方差：190.7
0  2.02e+05 4354.76 | 4354.76    0.0   2888     0 |    1.37   8.97   0.02  -0.52
0  2.42e+05 4359.34 |
成功率：98.8%, 提交量大于阈值的概率：0.85228%, 超供率：96.4%, 超供程度：82.0%, 超供平均值：5.5, 方差：188.5
0  2.42e+05 4359.34 | 4359.34    0.0   2887     0 |    1.38  10.32  -0.02  -0.53
0  2.83e+05 4394.00 |
成功率：99.0%, 提交量大于阈值的概率：0.87556%, 超供率：96.7%, 超供程度：81.9%, 超供平均值：5.5, 方差：188.4
0  2.83e+05 4394.00 | 4394.00    0.0   2888     0 |    1.39   9.33   0.03  -0.55
0  3.23e+05 4407.23 |
成功率：98.9%, 提交量大于阈值的概率：0.86370%, 超供率：96.5%, 超供程度：81.6%, 超供平均值：5.5, 方差：187.3
0  3.23e+05 4407.23 | 4407.23    0.0   2888     0 |    1.39   9.27   0.03  -0.55
0  3.64e+05 4437.97 |
成功率：99.0%, 提交量大于阈值的概率：0.86628%, 超供率：96.5%, 超供程度：81.3%, 超供平均值：5.5, 方差：186.3
0  3.64e+05 4437.97 | 4437.97    0.0   2888     0 |    1.40   8.54   0.13  -0.55
0  4.04e+05 4437.97 | 4437.64    0.0   2888     0 |    1.40   8.25   0.06  -0.55
0  4.68e+05 4437.97 | 4430.86    0.0   2888     0 |    1.40   9.21  -0.00  -0.55
0  5.31e+05 4438.42 |
成功率：99.1%, 提交量大于阈值的概率：0.88055%, 超供率：97.0%, 超供程度：82.0%, 超供平均值：5.5, 方差：187.2
0  5.31e+05 4438.42 | 4438.42    0.0   2888     0 |    1.41   9.49   0.03  -0.56
0  5.72e+05 4459.78 |
成功率：99.0%, 提交量大于阈值的概率：0.90111%, 超供率：96.8%, 超供程度：81.9%, 超供平均值：5.5, 方差：185.5
0  5.72e+05 4459.78 | 4459.78    0.0   2888     0 |    1.43   8.29   0.02  -0.57
0  6.12e+05 4461.56 |
成功率：99.0%, 提交量大于阈值的概率：0.88442%, 超供率：96.8%, 超供程度：81.9%, 超供平均值：5.5, 方差：185.1
0  6.12e+05 4461.56 | 4461.56    0.0   2888     0 |    1.43   8.77   0.11  -0.58
0  6.52e+05 4461.56 | 4432.85    0.0   2888     0 |    1.42   9.57  -0.02  -0.59
0  7.16e+05 4461.56 | 4458.19    0.0   2888     0 |    1.44   9.88  -0.04  -0.60
0  7.79e+05 4505.25 |
成功率：98.9%, 提交量大于阈值的概率：0.87615%, 超供率：96.7%, 超供程度：81.5%, 超供平均值：5.5, 方差：183.7
0  7.79e+05 4505.25 | 4505.25    0.0   2887     0 |    1.46   8.54   0.06  -0.62
0  8.20e+05 4505.25 | 4494.59    0.0   2887     0 |    1.45   9.19   0.06  -0.62
0  8.83e+05 4505.25 | 4492.84    0.0   2886     0 |    1.46   7.66   0.12  -0.63
0  9.47e+05 4505.25 | 4491.14    0.0   2887     0 |    1.46   8.68   0.01  -0.64
0  1.01e+06 4520.10 |
成功率：99.0%, 提交量大于阈值的概率：0.81326%, 超供率：97.0%, 超供程度：81.6%, 超供平均值：5.5, 方差：183.8
0  1.01e+06 4520.10 | 4520.10    0.0   2886     0 |    1.48   8.78   0.01  -0.65
0  1.05e+06 4523.67 |
成功率：98.9%, 提交量大于阈值的概率：0.81036%, 超供率：96.9%, 超供程度：81.7%, 超供平均值：5.5, 方差：183.5
0  1.05e+06 4523.67 | 4523.67    0.0   2887     0 |    1.48   9.38   0.03  -0.66
0  1.09e+06 4523.67 | 4520.89    0.0   2887     0 |    1.48   9.33   0.07  -0.66
0  1.16e+06 4523.67 | 4509.92    0.0   2886     0 |    1.49   8.71   0.04  -0.67
0  1.23e+06 4537.31 |
成功率：98.9%, 提交量大于阈值的概率：0.80655%, 超供率：96.8%, 超供程度：81.7%, 超供平均值：5.5, 方差：183.2
0  1.23e+06 4537.31 | 4537.31    0.0   2886     0 |    1.49  10.10   0.05  -0.67
0  1.27e+06 4563.06 |
成功率：98.9%, 提交量大于阈值的概率：0.83710%, 超供率：96.9%, 超供程度：81.6%, 超供平均值：5.5, 方差：180.5
0  1.27e+06 4563.06 | 4563.06    0.0   2886     0 |    1.50   9.26  -0.08  -0.68
0  1.31e+06 4564.43 |
成功率：99.0%, 提交量大于阈值的概率：0.82125%, 超供率：96.8%, 超供程度：81.6%, 超供平均值：5.5, 方差：180.8
0  1.31e+06 4564.43 | 4564.43    0.0   2886     0 |    1.50  10.34   0.12  -0.68
0  1.35e+06 4578.93 |
成功率：99.0%, 提交量大于阈值的概率：0.82774%, 超供率：96.7%, 超供程度：81.7%, 超供平均值：5.5, 方差：181.8
0  1.35e+06 4578.93 | 4578.93    0.0   2887     0 |    1.50   8.57   0.10  -0.68
0  1.39e+06 4594.54 |
成功率：98.9%, 提交量大于阈值的概率：0.84473%, 超供率：96.6%, 超供程度：81.8%, 超供平均值：5.5, 方差：181.6
0  1.39e+06 4594.54 | 4594.54    0.0   2887     0 |    1.51  10.31  -0.10  -0.69
0  1.43e+06 4610.58 |
成功率：99.0%, 提交量大于阈值的概率：0.85669%, 超供率：96.9%, 超供程度：82.0%, 超供平均值：5.5, 方差：180.9
0  1.43e+06 4610.58 | 4610.58    0.0   2887     0 |    1.50   9.39   0.09  -0.69
0  1.47e+06 4610.58 | 4609.99    0.0   2888     0 |    1.52   9.44   0.07  -0.70
0  1.54e+06 4651.83 |
成功率：98.8%, 提交量大于阈值的概率：0.87351%, 超供率：96.2%, 超供程度：80.8%, 超供平均值：5.5, 方差：176.9
0  1.54e+06 4651.83 | 4651.83    0.0   2886     0 |    1.53   8.94  -0.00  -0.71
0  1.58e+06 4656.09 |
成功率：98.8%, 提交量大于阈值的概率：0.87693%, 超供率：96.2%, 超供程度：80.8%, 超供平均值：5.5, 方差：178.1
0  1.58e+06 4656.09 | 4656.09    0.0   2886     0 |    1.54   8.86   0.05  -0.73
0  1.62e+06 4656.09 | 4655.70    0.0   2886     0 |    1.54   9.31   0.06  -0.73
0  1.69e+06 4670.03 |
成功率：98.7%, 提交量大于阈值的概率：0.80554%, 超供率：96.0%, 超供程度：80.2%, 超供平均值：5.4, 方差：176.8
0  1.69e+06 4670.03 | 4670.03    0.0   2885     0 |    1.54   9.76   0.11  -0.74
0  1.73e+06 4678.93 |
成功率：98.6%, 提交量大于阈值的概率：0.80690%, 超供率：95.8%, 超供程度：79.9%, 超供平均值：5.4, 方差：175.9
0  1.73e+06 4678.93 | 4678.93    0.0   2885     0 |    1.54   8.37   0.06  -0.74
0  1.77e+06 4706.42 |
成功率：98.5%, 提交量大于阈值的概率：0.81424%, 超供率：95.6%, 超供程度：79.8%, 超供平均值：5.4, 方差：173.2
0  1.77e+06 4706.42 | 4706.42    0.0   2885     0 |    1.54   8.84   0.09  -0.74
0  1.81e+06 4706.42 | 4697.27    0.0   2885     0 |    1.55   8.32   0.13  -0.74
0  1.87e+06 4706.42 | 4696.42    0.0   2885     0 |    1.55   9.28   0.09  -0.74
0  1.93e+06 4726.74 |
成功率：98.3%, 提交量大于阈值的概率：0.73412%, 超供率：94.8%, 超供程度：77.4%, 超供平均值：5.3, 方差：170.3
0  1.93e+06 4726.74 | 4726.74    0.0   2885     0 |    1.56   8.33   0.03  -0.75
0  1.97e+06 4742.91 |
成功率：98.3%, 提交量大于阈值的概率：0.74515%, 超供率：94.8%, 超供程度：77.6%, 超供平均值：5.3, 方差：169.8
0  1.97e+06 4742.91 | 4742.91    0.0   2885     0 |    1.57   9.15   0.07  -0.75
0  2.01e+06 4753.74 |
成功率：98.2%, 提交量大于阈值的概率：0.74127%, 超供率：94.4%, 超供程度：77.2%, 超供平均值：5.3, 方差：168.4
0  2.01e+06 4753.74 | 4753.74    0.0   2885     0 |    1.58   9.13   0.05  -0.75
0  2.06e+06 4779.14 |
成功率：98.1%, 提交量大于阈值的概率：0.74350%, 超供率：94.3%, 超供程度：77.7%, 超供平均值：5.3, 方差：167.7
0  2.06e+06 4779.14 | 4779.14    0.0   2885     0 |    1.58   9.38   0.04  -0.75
0  2.10e+06 4779.14 | 4773.06    0.0   2885     0 |    1.58   7.15   0.07  -0.75
0  2.16e+06 4792.93 |
成功率：98.0%, 提交量大于阈值的概率：0.74666%, 超供率：94.2%, 超供程度：77.9%, 超供平均值：5.3, 方差：166.1
0  2.16e+06 4792.93 | 4792.93    0.0   2885     0 |    1.58   8.95   0.06  -0.75
0  2.20e+06 4821.82 |
成功率：97.8%, 提交量大于阈值的概率：0.73330%, 超供率：93.8%, 超供程度：77.6%, 超供平均值：5.3, 方差：163.9
0  2.20e+06 4821.82 | 4821.82    0.0   2885     0 |    1.60   8.31   0.07  -0.75
0  2.24e+06 4856.26 |
成功率：97.6%, 提交量大于阈值的概率：0.73094%, 超供率：93.3%, 超供程度：76.8%, 超供平均值：5.2, 方差：159.9
0  2.24e+06 4856.26 | 4856.26    0.0   2885     0 |    1.60   8.65   0.12  -0.75
0  2.28e+06 4856.26 | 4841.58    0.0   2884     0 |    1.59   8.85   0.18  -0.76
0  2.34e+06 4903.96 |
成功率：97.3%, 提交量大于阈值的概率：0.73684%, 超供率：93.2%, 超供程度：77.5%, 超供平均值：5.3, 方差：155.7
0  2.34e+06 4903.96 | 4903.96    0.0   2884     0 |    1.61   7.90   0.14  -0.76
0  2.38e+06 4915.73 |
成功率：97.2%, 提交量大于阈值的概率：0.73514%, 超供率：92.6%, 超供程度：76.7%, 超供平均值：5.2, 方差：153.2
0  2.38e+06 4915.73 | 4915.73    0.0   2884     0 |    1.61   9.64  -0.09  -0.76
0  2.42e+06 4969.98 |
成功率：96.8%, 提交量大于阈值的概率：0.73338%, 超供率：91.4%, 超供程度：75.4%, 超供平均值：5.1, 方差：148.9
0  2.42e+06 4969.98 | 4969.98    0.0   2885     0 |    1.64   8.54   0.01  -0.76
0  2.46e+06 4983.38 |
成功率：96.7%, 提交量大于阈值的概率：0.72564%, 超供率：91.3%, 超供程度：75.5%, 超供平均值：5.2, 方差：148.3
0  2.46e+06 4983.38 | 4983.38    0.0   2885     0 |    1.64   8.30   0.09  -0.76
0  2.51e+06 5021.13 |
成功率：96.5%, 提交量大于阈值的概率：0.69557%, 超供率：90.6%, 超供程度：75.4%, 超供平均值：5.1, 方差：144.9
0  2.51e+06 5021.13 | 5021.13    0.0   2885     0 |    1.64   6.98   0.10  -0.76
0  2.55e+06 5021.13 | 4997.15    0.0   2885     0 |    1.64   8.55   0.08  -0.76
0  2.61e+06 5021.13 | 4999.76    0.0   2885     0 |    1.65   8.01   0.01  -0.78
0  2.67e+06 5035.00 |
成功率：96.3%, 提交量大于阈值的概率：0.71386%, 超供率：90.0%, 超供程度：75.6%, 超供平均值：5.2, 方差：143.4
0  2.67e+06 5035.00 | 5035.00    0.0   2885     0 |    1.65   8.16   0.00  -0.79
0  2.71e+06 5083.21 |
成功率：95.7%, 提交量大于阈值的概率：0.57913%, 超供率：88.1%, 超供程度：73.8%, 超供平均值：5.0, 方差：137.2
0  2.71e+06 5083.21 | 5083.21    0.0   2885     0 |    1.67   7.23   0.18  -0.79
0  2.75e+06 5134.30 |
成功率：95.4%, 提交量大于阈值的概率：0.55846%, 超供率：87.7%, 超供程度：73.7%, 超供平均值：5.0, 方差：133.3
0  2.75e+06 5134.30 | 5134.30    0.0   2886     0 |    1.68   8.31   0.10  -0.80
0  2.79e+06 5134.30 | 5104.10    0.0   2887     0 |    1.68   9.07   0.00  -0.80
0  2.86e+06 5134.30 | 5097.38    0.0   2887     0 |    1.68   7.63   0.05  -0.81
0  2.92e+06 5134.30 | 5103.27    0.0   2887     0 |    1.69   7.34   0.07  -0.81
0  2.98e+06 5137.92 |
成功率：94.8%, 提交量大于阈值的概率：0.49784%, 超供率：86.7%, 超供程度：72.4%, 超供平均值：4.9, 方差：127.1
0  2.98e+06 5137.92 | 5137.92    0.0   2887     0 |    1.69   7.65   0.06  -0.82
0  3.02e+06 5137.92 | 5126.29    0.0   2887     0 |    1.70   6.57   0.11  -0.83
0  3.09e+06 5150.80 |
成功率：94.5%, 提交量大于阈值的概率：0.48398%, 超供率：85.6%, 超供程度：71.3%, 超供平均值：4.9, 方差：122.9
0  3.09e+06 5150.80 | 5150.80    0.0   2885     0 |    1.70   7.75   0.05  -0.84
0  3.13e+06 5150.91 |
成功率：94.1%, 提交量大于阈值的概率：0.37961%, 超供率：84.3%, 超供程度：70.5%, 超供平均值：4.8, 方差：119.4
0  3.13e+06 5150.91 | 5150.91    0.0   2885     0 |    1.70   7.42  -0.01  -0.85
0  3.17e+06 5150.91 | 5132.76    0.0   2885     0 |    1.70   7.92   0.13  -0.85
0  3.23e+06 5150.91 | 5100.51    0.0   2887     0 |    1.70   8.12   0.06  -0.87
0  3.30e+06 5150.91 | 5105.76    0.0   2887     0 |    1.70   8.51   0.03  -0.88
0  3.36e+06 5150.91 | 5108.33    0.0   2887     0 |    1.69   8.78  -0.04  -0.88
0  3.42e+06 5150.91 | 5144.49    0.0   2887     0 |    1.70   7.07   0.06  -0.89
0  3.49e+06 5150.91 | 5138.94    0.0   2887     0 |    1.71   8.45   0.00  -0.91
0  3.55e+06 5153.56 |
成功率：94.0%, 提交量大于阈值的概率：0.34636%, 超供率：81.2%, 超供程度：67.1%, 超供平均值：4.6, 方差：120.4
0  3.55e+06 5153.56 | 5153.56    0.0   2887     0 |    1.72   8.60  -0.02  -0.92
0  3.59e+06 5153.56 | 5147.15    0.0   2887     0 |    1.71   7.60   0.13  -0.92
0  3.65e+06 5153.56 | 5148.88    0.0   2887     0 |    1.72   6.19   0.09  -0.94
0  3.72e+06 5153.56 | 5127.41    0.0   2887     0 |    1.72   6.63  -0.03  -0.94
0  3.78e+06 5153.56 | 5117.18    0.0   2885     0 |    1.72   5.93   0.13  -0.96
0  3.84e+06 5153.56 | 5148.08    0.0   2887     0 |    1.74   7.62  -0.00  -0.97
0  3.91e+06 5188.11 |
成功率：93.7%, 提交量大于阈值的概率：0.29632%, 超供率：77.8%, 超供程度：63.6%, 超供平均值：4.4, 方差：116.5
0  3.91e+06 5188.11 | 5188.11    0.0   2887     0 |    1.75   6.32   0.03  -0.98
0  3.94e+06 5214.87 |
成功率：94.2%, 提交量大于阈值的概率：0.37163%, 超供率：79.6%, 超供程度：64.9%, 超供平均值：4.4, 方差：119.6
0  3.94e+06 5214.87 | 5214.87    0.0   2887     0 |    1.75   7.49  -0.05  -0.99
0  3.98e+06 5214.87 | 5182.60    0.0   2887     0 |    1.75   6.20   0.06  -1.00
0  4.05e+06 5214.87 | 5177.91    0.0   2887     0 |    1.75   7.60   0.10  -1.01
0  4.11e+06 5214.87 | 5120.92    0.0   2888     0 |    1.74   5.67   0.05  -1.02
0  4.17e+06 5214.87 | 5165.38    0.0   2888     0 |    1.75   6.06   0.12  -1.02
0  4.24e+06 5214.87 | 5162.80    0.0   2888     0 |    1.76   5.96   0.12  -1.03
0  4.30e+06 5214.92 |
成功率：94.3%, 提交量大于阈值的概率：0.45426%, 超供率：83.7%, 超供程度：67.5%, 超供平均值：4.6, 方差：120.5
0  4.30e+06 5214.92 | 5214.92    0.0   2887     0 |    1.75   8.78  -0.02  -1.04
0  4.33e+06 5214.92 | 5207.93    0.0   2887     0 |    1.74   5.98  -0.03  -1.04
0  4.40e+06 5214.92 | 5195.25    0.0   2887     0 |    1.74   6.08   0.05  -1.05
0  4.46e+06 5214.92 | 5208.30    0.0   2887     0 |    1.75   7.48   0.00  -1.05
0  4.53e+06 5214.92 | 5208.20    0.0   2886     0 |    1.74   6.70   0.07  -1.07
0  4.59e+06 5214.92 | 5210.64    0.0   2886     0 |    1.75   7.49   0.10  -1.08
0  4.65e+06 5214.92 | 5189.31    0.0   2886     0 |    1.74   6.46   0.03  -1.09
0  4.72e+06 5214.92 | 5200.01    0.0   2886     0 |    1.75   7.04   0.05  -1.10
