################################################################################
ID     Step    maxR |    avgR   stdR   avgS  stdS |    expR   objC   etc.
0  5.77e+03 3462.32 |
成功率：99.1%, 提交量大于阈值的概率：0.21875%, 超供率：95.6%, 超供程度：82.8%, 超供平均值：5.7, 方差：186.8
0  5.77e+03 3462.32 | 3462.32    0.0   2886     0 |    1.12   4.48   0.05  -0.50
0  6.35e+04 3530.63 |
成功率：99.7%, 提交量大于阈值的概率：0.21011%, 超供率：97.0%, 超供程度：83.5%, 超供平均值：5.7, 方差：188.4
0  6.35e+04 3530.63 | 3530.63    0.0   2886     0 |    1.14   2.99   0.14  -0.52
0  1.27e+05 3548.61 |
成功率：99.4%, 提交量大于阈值的概率：0.15776%, 超供率：96.7%, 超供程度：83.9%, 超供平均值：5.7, 方差：182.4
0  1.27e+05 3548.61 | 3548.61    0.0   2885     0 |    1.17   3.01  -0.03  -0.51
0  1.90e+05 3609.42 |
成功率：99.8%, 提交量大于阈值的概率：0.11160%, 超供率：97.5%, 超供程度：84.0%, 超供平均值：5.7, 方差：183.9
0  1.90e+05 3609.42 | 3609.42    0.0   2886     0 |    1.19   3.31  -0.03  -0.52
0  2.48e+05 3626.61 |
成功率：99.8%, 提交量大于阈值的概率：0.08222%, 超供率：97.4%, 超供程度：83.5%, 超供平均值：5.6, 方差：183.3
0  2.48e+05 3626.61 | 3626.61    0.0   2885     0 |    1.20   3.68   0.04  -0.54
0  3.06e+05 3640.91 |
成功率：99.8%, 提交量大于阈值的概率：0.07194%, 超供率：98.2%, 超供程度：83.1%, 超供平均值：5.6, 方差：182.1
0  3.06e+05 3640.91 | 3640.91    0.0   2885     0 |    1.21   3.32  -0.01  -0.56
0  3.64e+05 3644.06 |
成功率：99.7%, 提交量大于阈值的概率：0.06463%, 超供率：98.0%, 超供程度：82.8%, 超供平均值：5.6, 方差：181.2
0  3.64e+05 3644.06 | 3644.06    0.0   2883     0 |    1.21   3.01   0.06  -0.57
0  4.21e+05 3650.26 |
成功率：99.7%, 提交量大于阈值的概率：0.05730%, 超供率：98.1%, 超供程度：82.6%, 超供平均值：5.5, 方差：181.5
0  4.21e+05 3650.26 | 3650.26    0.0   2885     0 |    1.22   3.77   0.04  -0.59
0  4.85e+05 3659.63 |
成功率：99.6%, 提交量大于阈值的概率：0.05003%, 超供率：97.8%, 超供程度：81.0%, 超供平均值：5.4, 方差：177.1
0  4.85e+05 3659.63 | 3659.63    0.0   2885     0 |    1.22   3.47  -0.03  -0.59
0  5.42e+05 3659.63 | 3646.15    0.0   2885     0 |    1.23   3.96   0.00  -0.62
0  6.29e+05 3659.63 | 3648.63    0.0   2883     0 |    1.23   3.62   0.01  -0.64
0  7.15e+05 3659.63 | 3659.47    0.0   2885     0 |    1.24   3.70   0.04  -0.67
0  8.02e+05 3659.63 | 3659.20    0.0   2883     0 |    1.25   3.87   0.11  -0.69
0  8.89e+05 3662.93 |
成功率：99.5%, 提交量大于阈值的概率：0.04563%, 超供率：97.6%, 超供程度：80.6%, 超供平均值：5.4, 方差：175.6
0  8.89e+05 3662.93 | 3662.93    0.0   2884     0 |    1.25   3.43   0.00  -0.71
0  9.46e+05 3668.33 |
成功率：99.5%, 提交量大于阈值的概率：0.04269%, 超供率：97.6%, 超供程度：80.4%, 超供平均值：5.4, 方差：175.8
0  9.46e+05 3668.33 | 3668.33    0.0   2885     0 |    1.25   3.90   0.11  -0.73
0  9.98e+05 3668.33 | 3664.65    0.0   2883     0 |    1.25   3.87  -0.01  -0.74
0  1.08e+06 3672.89 |
成功率：99.6%, 提交量大于阈值的概率：0.03530%, 超供率：97.8%, 超供程度：81.0%, 超供平均值：5.4, 方差：176.7
0  1.08e+06 3672.89 | 3672.89    0.0   2883     0 |    1.25   3.38  -0.00  -0.75
0  1.14e+06 3682.77 |
成功率：99.6%, 提交量大于阈值的概率：0.03970%, 超供率：97.7%, 超供程度：79.9%, 超供平均值：5.4, 方差：175.0
0  1.14e+06 3682.77 | 3682.77    0.0   2883     0 |    1.26   3.73   0.11  -0.76
0  1.20e+06 3689.80 |
成功率：99.6%, 提交量大于阈值的概率：0.03678%, 超供率：97.5%, 超供程度：78.9%, 超供平均值：5.3, 方差：173.8
0  1.20e+06 3689.80 | 3689.80    0.0   2883     0 |    1.26   3.11   0.09  -0.78
0  1.26e+06 3690.25 |
成功率：99.5%, 提交量大于阈值的概率：0.03386%, 超供率：97.1%, 超供程度：78.6%, 超供平均值：5.3, 方差：172.3
0  1.26e+06 3690.25 | 3690.25    0.0   2883     0 |    1.26   3.30   0.07  -0.79
0  1.32e+06 3690.25 | 3684.02    0.0   2885     0 |    1.26   3.69  -0.01  -0.81
0  1.40e+06 3690.25 | 3680.08    0.0   2885     0 |    1.26   4.23   0.16  -0.83
0  1.48e+06 3690.25 | 3677.24    0.0   2885     0 |    1.26   3.71   0.09  -0.84
0  1.56e+06 3690.25 | 3675.75    0.0   2884     0 |    1.26   3.98   0.09  -0.85
0  1.64e+06 3690.25 | 3672.88    0.0   2883     0 |    1.26   3.56   0.11  -0.87
0  1.73e+06 3690.25 | 3671.78    0.0   2883     0 |    1.26   3.83   0.15  -0.89
0  1.81e+06 3690.25 | 3669.03    0.0   2883     0 |    1.26   3.58   0.03  -0.90
0  1.90e+06 3690.25 | 3676.00    0.0   2883     0 |    1.26   4.08   0.07  -0.91
0  1.98e+06 3690.25 | 3675.52    0.0   2883     0 |    1.26   3.75   0.01  -0.93
0  2.07e+06 3690.25 | 3674.08    0.0   2883     0 |    1.26   4.23   0.04  -0.95
0  2.16e+06 3690.25 | 3680.26    0.0   2883     0 |    1.26   3.71   0.08  -0.97
0  2.24e+06 3690.25 | 3681.93    0.0   2883     0 |    1.26   3.55   0.06  -1.00
0  2.33e+06 3690.25 | 3678.63    0.0   2883     0 |    1.26   3.68   0.05  -1.03
0  2.42e+06 3690.25 | 3673.64    0.0   2884     0 |    1.26   3.69  -0.04  -1.05
0  2.50e+06 3690.25 | 3668.16    0.0   2883     0 |    1.26   3.42   0.08  -1.07
0  2.59e+06 3690.25 | 3670.82    0.0   2883     0 |    1.26   3.38   0.02  -1.09
0  2.68e+06 3690.25 | 3655.78    0.0   2884     0 |    1.25   3.82   0.04  -1.12
0  2.76e+06 3690.25 | 3662.01    0.0   2884     0 |    1.26   3.81   0.17  -1.11
0  2.85e+06 3690.25 | 3663.93    0.0   2884     0 |    1.26   3.80   0.12  -1.11
0  2.94e+06 3690.25 | 3660.75    0.0   2884     0 |    1.26   3.78   0.10  -1.13
0  3.02e+06 3690.25 | 3672.25    0.0   2884     0 |    1.27   3.22  -0.02  -1.15
0  3.11e+06 3690.25 | 3670.47    0.0   2884     0 |    1.26   3.68   0.04  -1.16
0  3.20e+06 3690.25 | 3669.84    0.0   2884     0 |    1.26   3.22  -0.00  -1.17
0  3.28e+06 3690.25 | 3670.87    0.0   2884     0 |    1.26   3.59   0.05  -1.18
0  3.36e+06 3690.25 | 3671.38    0.0   2884     0 |    1.26   3.43   0.02  -1.17
0  3.45e+06 3690.25 | 3672.27    0.0   2884     0 |    1.26   3.44   0.06  -1.17
0  3.54e+06 3690.25 | 3665.90    0.0   2884     0 |    1.26   3.59   0.09  -1.18
0  3.62e+06 3690.25 | 3667.08    0.0   2884     0 |    1.26   3.51  -0.03  -1.18
0  3.71e+06 3690.25 | 3661.75    0.0   2884     0 |    1.26   3.79   0.05  -1.18
0  3.80e+06 3690.25 | 3669.08    0.0   2884     0 |    1.26   4.17  -0.02  -1.17
0  3.88e+06 3690.25 | 3663.90    0.0   2884     0 |    1.26   4.02   0.08  -1.18
0  3.97e+06 3690.25 | 3671.10    0.0   2884     0 |    1.27   3.86  -0.01  -1.18
0  4.06e+06 3690.25 | 3669.96    0.0   2884     0 |    1.26   3.78   0.06  -1.17
0  4.14e+06 3690.25 | 3663.58    0.0   2884     0 |    1.26   3.50   0.10  -1.18
0  4.23e+06 3690.25 | 3659.35    0.0   2884     0 |    1.26   3.75  -0.03  -1.18
0  4.32e+06 3690.25 | 3656.97    0.0   2885     0 |    1.26   4.18   0.08  -1.18
0  4.40e+06 3690.25 | 3658.29    0.0   2885     0 |    1.26   3.51   0.10  -1.17
0  4.49e+06 3690.25 | 3663.96    0.0   2886     0 |    1.26   3.34   0.09  -1.17
0  4.57e+06 3690.25 | 3666.45    0.0   2886     0 |    1.26   3.80  -0.03  -1.17
0  4.66e+06 3690.25 | 3672.26    0.0   2885     0 |    1.26   3.76  -0.10  -1.17
0  4.75e+06 3690.25 | 3671.07    0.0   2885     0 |    1.26   3.54   0.01  -1.17
0  4.83e+06 3690.25 | 3665.74    0.0   2885     0 |    1.26   3.43   0.02  -1.17
0  4.92e+06 3690.25 | 3672.30    0.0   2885     0 |    1.27   3.52   0.04  -1.17
0  5.01e+06 3690.25 | 3671.07    0.0   2886     0 |    1.27   3.57   0.08  -1.17
0  5.09e+06 3690.25 | 3669.37    0.0   2886     0 |    1.27   3.33   0.10  -1.17
0  5.18e+06 3690.25 | 3674.69    0.0   2886     0 |    1.27   3.88   0.06  -1.17
0  5.26e+06 3690.25 | 3687.32    0.0   2886     0 |    1.27   3.32   0.05  -1.17
0  5.34e+06 3690.25 | 3678.05    0.0   2886     0 |    1.27   3.79   0.05  -1.17
0  5.43e+06 3690.25 | 3676.75    0.0   2886     0 |    1.26   3.97  -0.00  -1.17
0  5.52e+06 3690.25 | 3680.56    0.0   2885     0 |    1.27   3.64   0.13  -1.17
0  5.60e+06 3690.25 | 3687.23    0.0   2887     0 |    1.27   3.32   0.10  -1.18
0  5.69e+06 3690.25 | 3683.20    0.0   2886     0 |    1.27   3.65   0.08  -1.18
0  5.78e+06 3690.25 | 3684.80    0.0   2886     0 |    1.27   3.95   0.01  -1.17
0  5.86e+06 3690.25 | 3682.64    0.0   2886     0 |    1.27   3.97   0.01  -1.17
0  5.94e+06 3690.25 | 3658.66    0.0   2885     0 |    1.26   3.74   0.01  -1.17
0  6.03e+06 3690.25 | 3654.90    0.0   2885     0 |    1.26   3.20   0.01  -1.16
0  6.12e+06 3690.25 | 3648.71    0.0   2885     0 |    1.26   3.61   0.00  -1.16
0  6.20e+06 3690.25 | 3647.51    0.0   2886     0 |    1.25   3.90  -0.01  -1.16
0  6.29e+06 3690.25 | 3676.84    0.0   2887     0 |    1.27   3.80   0.07  -1.16
0  6.38e+06 3690.25 | 3659.45    0.0   2886     0 |    1.27   3.52   0.03  -1.16
0  6.46e+06 3690.25 | 3657.94    0.0   2886     0 |    1.26   3.55   0.10  -1.17
0  6.55e+06 3690.25 | 3665.76    0.0   2886     0 |    1.26   3.25   0.03  -1.17
0  6.64e+06 3690.25 | 3651.15    0.0   2886     0 |    1.26   3.65   0.12  -1.17
0  6.72e+06 3690.25 | 3663.67    0.0   2886     0 |    1.26   3.50   0.09  -1.17
0  6.80e+06 3690.25 | 3675.80    0.0   2887     0 |    1.26   3.16   0.12  -1.16
0  6.89e+06 3691.05 |
成功率：99.9%, 提交量大于阈值的概率：0.05424%, 超供率：95.9%, 超供程度：80.1%, 超供平均值：5.4, 方差：190.2
0  6.89e+06 3691.05 | 3691.05    0.0   2887     0 |    1.27   3.76  -0.01  -1.16
0  6.95e+06 3691.05 | 3682.22    0.0   2887     0 |    1.27   3.53  -0.07  -1.16
0  7.03e+06 3691.05 | 3683.14    0.0   2886     0 |    1.27   3.56   0.02  -1.17
0  7.12e+06 3691.05 | 3677.84    0.0   2886     0 |    1.27   4.04   0.08  -1.17
0  7.21e+06 3691.05 | 3675.69    0.0   2886     0 |    1.27   3.28   0.06  -1.17
0  7.29e+06 3691.05 | 3671.74    0.0   2884     0 |    1.27   3.49   0.05  -1.17
0  7.38e+06 3691.05 | 3665.42    0.0   2885     0 |    1.26   3.15   0.02  -1.17
0  7.47e+06 3691.05 | 3678.19    0.0   2886     0 |    1.27   3.50   0.04  -1.17
0  7.55e+06 3691.05 | 3681.97    0.0   2886     0 |    1.27   3.67   0.02  -1.18
0  7.64e+06 3691.05 | 3683.81    0.0   2886     0 |    1.27   3.34   0.10  -1.18
0  7.73e+06 3691.05 | 3683.08    0.0   2886     0 |    1.27   3.17  -0.04  -1.17
0  7.81e+06 3691.05 | 3689.29    0.0   2886     0 |    1.27   3.58   0.14  -1.17
0  7.90e+06 3691.05 | 3688.72    0.0   2885     0 |    1.27   3.48   0.02  -1.16
0  7.99e+06 3696.05 |
成功率：99.9%, 提交量大于阈值的概率：0.05864%, 超供率：96.1%, 超供程度：79.3%, 超供平均值：5.3, 方差：188.2
0  7.99e+06 3696.05 | 3696.05    0.0   2886     0 |    1.27   3.52   0.06  -1.15
0  8.04e+06 3696.05 | 3693.08    0.0   2886     0 |    1.27   3.70   0.12  -1.16
0  8.13e+06 3696.05 | 3689.23    0.0   2886     0 |    1.27   3.60   0.09  -1.16
0  8.22e+06 3696.05 | 3685.22    0.0   2885     0 |    1.27   3.30  -0.03  -1.17
0  8.30e+06 3696.05 | 3678.46    0.0   2885     0 |    1.27   3.56   0.16  -1.17
0  8.39e+06 3696.05 | 3672.80    0.0   2885     0 |    1.27   3.83   0.06  -1.17
0  8.48e+06 3696.05 | 3673.48    0.0   2885     0 |    1.27   3.85   0.01  -1.17
0  8.56e+06 3696.05 | 3673.84    0.0   2885     0 |    1.27   3.82  -0.01  -1.17
0  8.65e+06 3696.05 | 3675.03    0.0   2886     0 |    1.27   3.52   0.00  -1.17
0  8.74e+06 3696.05 | 3659.19    0.0   2885     0 |    1.26   3.57   0.08  -1.18
0  8.82e+06 3696.05 | 3653.75    0.0   2886     0 |    1.26   4.07   0.05  -1.17
0  8.91e+06 3696.05 | 3654.67    0.0   2885     0 |    1.26   3.61   0.05  -1.16
0  9.00e+06 3696.05 | 3654.01    0.0   2886     0 |    1.26   3.37  -0.02  -1.17
0  9.08e+06 3696.05 | 3658.31    0.0   2885     0 |    1.26   3.47   0.03  -1.18
0  9.17e+06 3696.05 | 3657.35    0.0   2884     0 |    1.26   3.79   0.06  -1.18
0  9.26e+06 3696.05 | 3666.16    0.0   2885     0 |    1.26   3.79   0.04  -1.19
0  9.34e+06 3696.05 | 3668.03    0.0   2884     0 |    1.26   3.52   0.04  -1.18
0  9.43e+06 3696.05 | 3660.24    0.0   2884     0 |    1.26   3.93   0.06  -1.18
0  9.51e+06 3696.05 | 3657.54    0.0   2884     0 |    1.26   3.97   0.04  -1.17
0  9.60e+06 3696.05 | 3668.18    0.0   2886     0 |    1.26   3.92   0.15  -1.18
0  9.69e+06 3696.05 | 3650.81    0.0   2884     0 |    1.26   3.56   0.10  -1.18
0  9.77e+06 3696.05 | 3658.01    0.0   2884     0 |    1.26   3.77   0.08  -1.18
0  9.86e+06 3696.05 | 3654.50    0.0   2884     0 |    1.25   3.56  -0.00  -1.17
0  9.95e+06 3696.05 | 3648.90    0.0   2884     0 |    1.26   3.92   0.11  -1.18
0  1.00e+07 3696.05 | 3654.07    0.0   2885     0 |    1.26   3.59  -0.00  -1.17
0  1.01e+07 3696.05 | 3661.30    0.0   2886     0 |    1.26   3.52   0.15  -1.17
0  1.02e+07 3696.05 | 3648.30    0.0   2885     0 |    1.26   3.68   0.11  -1.17
0  1.03e+07 3696.05 | 3654.43    0.0   2885     0 |    1.26   3.70   0.13  -1.17
0  1.04e+07 3696.05 | 3648.72    0.0   2884     0 |    1.26   3.58   0.01  -1.17
0  1.05e+07 3696.05 | 3641.62    0.0   2884     0 |    1.26   3.89   0.04  -1.16
0  1.06e+07 3696.05 | 3650.02    0.0   2884     0 |    1.26   3.80  -0.02  -1.18
0  1.06e+07 3696.05 | 3648.52    0.0   2884     0 |    1.26   4.47   0.01  -1.17
0  1.07e+07 3696.05 | 3644.17    0.0   2884     0 |    1.26   3.68   0.17  -1.16
0  1.08e+07 3696.05 | 3650.53    0.0   2884     0 |    1.26   4.00   0.02  -1.17
0  1.09e+07 3696.05 | 3645.46    0.0   2883     0 |    1.26   4.48   0.04  -1.17
0  1.10e+07 3696.05 | 3647.61    0.0   2885     0 |    1.26   4.33   0.09  -1.17
0  1.11e+07 3696.05 | 3650.19    0.0   2885     0 |    1.26   4.04   0.18  -1.18
0  1.12e+07 3696.05 | 3648.92    0.0   2885     0 |    1.25   3.66   0.10  -1.18
0  1.12e+07 3696.05 | 3648.78    0.0   2885     0 |    1.26   3.56   0.02  -1.18
0  1.13e+07 3696.05 | 3654.46    0.0   2884     0 |    1.26   4.08   0.16  -1.18
0  1.14e+07 3696.05 | 3641.30    0.0   2884     0 |    1.25   4.02   0.06  -1.17
0  1.15e+07 3696.05 | 3653.82    0.0   2885     0 |    1.26   3.68   0.07  -1.17
0  1.16e+07 3696.05 | 3659.50    0.0   2885     0 |    1.26   3.68   0.13  -1.17
0  1.17e+07 3696.05 | 3670.12    0.0   2885     0 |    1.26   3.60   0.05  -1.17
0  1.18e+07 3696.05 | 3669.37    0.0   2884     0 |    1.26   3.60   0.05  -1.18
0  1.18e+07 3696.05 | 3662.60    0.0   2884     0 |    1.26   3.46   0.06  -1.18
0  1.19e+07 3696.05 | 3660.06    0.0   2884     0 |    1.26   3.53   0.04  -1.16
0  1.20e+07 3696.05 | 3653.34    0.0   2885     0 |    1.26   3.68   0.07  -1.16
0  1.21e+07 3696.05 | 3658.45    0.0   2884     0 |    1.26   4.10   0.04  -1.15
0  1.22e+07 3696.05 | 3652.78    0.0   2885     0 |    1.26   3.68   0.09  -1.16
0  1.23e+07 3696.05 | 3660.54    0.0   2885     0 |    1.26   4.18   0.02  -1.16
0  1.24e+07 3696.05 | 3659.01    0.0   2884     0 |    1.26   3.45  -0.05  -1.16
0  1.24e+07 3696.05 | 3662.99    0.0   2885     0 |    1.26   3.57   0.05  -1.16
0  1.25e+07 3696.05 | 3665.95    0.0   2884     0 |    1.26   3.53   0.04  -1.17
0  1.26e+07 3696.05 | 3658.24    0.0   2885     0 |    1.26   3.40   0.11  -1.17
0  1.27e+07 3696.05 | 3657.71    0.0   2884     0 |    1.25   3.61   0.17  -1.17
0  1.28e+07 3696.05 | 3654.54    0.0   2885     0 |    1.26   4.14   0.11  -1.17
0  1.29e+07 3696.05 | 3654.35    0.0   2884     0 |    1.26   3.55   0.05  -1.16
0  1.30e+07 3696.05 | 3659.71    0.0   2884     0 |    1.26   3.92   0.09  -1.16
0  1.30e+07 3696.05 | 3658.26    0.0   2884     0 |    1.26   3.94   0.19  -1.17
0  1.31e+07 3696.05 | 3661.20    0.0   2884     0 |    1.26   3.63   0.06  -1.16
0  1.32e+07 3696.05 | 3662.09    0.0   2884     0 |    1.27   3.35   0.03  -1.16
0  1.33e+07 3696.05 | 3661.55    0.0   2885     0 |    1.27   3.76   0.04  -1.17
0  1.34e+07 3696.05 | 3660.36    0.0   2886     0 |    1.27   3.44   0.10  -1.17
0  1.35e+07 3696.05 | 3665.42    0.0   2886     0 |    1.27   3.09   0.05  -1.17
0  1.36e+07 3696.05 | 3665.63    0.0   2885     0 |    1.26   3.55   0.03  -1.16
0  1.36e+07 3696.05 | 3669.70    0.0   2885     0 |    1.26   3.99   0.08  -1.16
0  1.37e+07 3696.05 | 3661.64    0.0   2884     0 |    1.26   3.70   0.02  -1.17
0  1.38e+07 3696.05 | 3661.41    0.0   2884     0 |    1.26   4.30   0.13  -1.16
0  1.39e+07 3696.05 | 3660.26    0.0   2884     0 |    1.26   3.64   0.09  -1.16
0  1.40e+07 3696.05 | 3658.36    0.0   2884     0 |    1.26   3.19   0.19  -1.17
0  1.41e+07 3696.05 | 3651.34    0.0   2883     0 |    1.26   3.85   0.13  -1.16
0  1.42e+07 3696.05 | 3656.48    0.0   2884     0 |    1.26   3.51   0.10  -1.17
0  1.42e+07 3696.05 | 3657.80    0.0   2884     0 |    1.26   3.92   0.15  -1.16
0  1.43e+07 3696.05 | 3660.77    0.0   2884     0 |    1.26   3.72   0.01  -1.17
0  1.44e+07 3696.05 | 3656.79    0.0   2884     0 |    1.26   3.73   0.02  -1.17
0  1.45e+07 3696.05 | 3642.22    0.0   2883     0 |    1.25   3.95   0.07  -1.16
0  1.46e+07 3696.05 | 3644.31    0.0   2884     0 |    1.25   3.54   0.04  -1.16
0  1.47e+07 3696.05 | 3656.17    0.0   2884     0 |    1.26   4.07   0.14  -1.16
0  1.48e+07 3696.05 | 3665.12    0.0   2884     0 |    1.26   3.57  -0.04  -1.17
0  1.49e+07 3696.05 | 3673.95    0.0   2884     0 |    1.26   3.70   0.15  -1.16
0  1.49e+07 3696.05 | 3675.76    0.0   2884     0 |    1.27   4.15   0.01  -1.16
0  1.50e+07 3696.05 | 3670.22    0.0   2885     0 |    1.26   3.39   0.04  -1.16
0  1.51e+07 3696.05 | 3672.34    0.0   2885     0 |    1.27   3.87   0.13  -1.17
0  1.52e+07 3696.05 | 3674.06    0.0   2885     0 |    1.27   3.22   0.11  -1.17
0  1.53e+07 3696.05 | 3672.58    0.0   2885     0 |    1.27   3.64   0.15  -1.17
0  1.54e+07 3696.05 | 3671.40    0.0   2884     0 |    1.27   3.38   0.07  -1.17
0  1.54e+07 3696.05 | 3663.89    0.0   2884     0 |    1.26   4.28   0.07  -1.17
0  1.55e+07 3696.05 | 3651.69    0.0   2883     0 |    1.26   3.66   0.15  -1.16
0  1.56e+07 3696.05 | 3660.04    0.0   2883     0 |    1.26   3.64   0.03  -1.16
0  1.57e+07 3696.05 | 3675.70    0.0   2884     0 |    1.27   3.33   0.05  -1.17
0  1.58e+07 3696.05 | 3673.75    0.0   2884     0 |    1.27   3.96   0.14  -1.17
0  1.59e+07 3696.05 | 3666.90    0.0   2883     0 |    1.26   3.81   0.10  -1.16
0  1.60e+07 3696.05 | 3666.06    0.0   2884     0 |    1.27   3.29   0.01  -1.17
0  1.60e+07 3696.05 | 3670.26    0.0   2884     0 |    1.27   3.41   0.09  -1.17
0  1.61e+07 3696.05 | 3680.53    0.0   2884     0 |    1.27   3.89   0.15  -1.18
0  1.62e+07 3696.05 | 3678.12    0.0   2884     0 |    1.27   3.58   0.12  -1.17
0  1.63e+07 3696.05 | 3677.23    0.0   2884     0 |    1.26   3.36   0.12  -1.17
0  1.64e+07 3696.05 | 3669.79    0.0   2884     0 |    1.26   3.33  -0.01  -1.17
0  1.65e+07 3696.05 | 3672.54    0.0   2886     0 |    1.27   3.57   0.00  -1.17
0  1.66e+07 3696.05 | 3660.35    0.0   2886     0 |    1.26   3.90   0.16  -1.17
0  1.67e+07 3696.05 | 3655.14    0.0   2884     0 |    1.26   3.56  -0.04  -1.17
0  1.67e+07 3696.05 | 3672.45    0.0   2884     0 |    1.27   3.61   0.05  -1.17
0  1.68e+07 3696.05 | 3683.55    0.0   2884     0 |    1.27   3.42   0.03  -1.17
0  1.69e+07 3696.05 | 3690.06    0.0   2884     0 |    1.27   3.35   0.06  -1.17
0  1.70e+07 3696.05 | 3683.33    0.0   2885     0 |    1.27   3.38   0.09  -1.16
0  1.71e+07 3712.60 |
成功率：100.0%, 提交量大于阈值的概率：0.06888%, 超供率：92.7%, 超供程度：74.3%, 超供平均值：5.0, 方差：195.0
0  1.71e+07 3712.60 | 3712.60    0.0   2886     0 |    1.26   3.58   0.07  -1.17
0  1.71e+07 3719.11 |
成功率：99.9%, 提交量大于阈值的概率：0.07769%, 超供率：91.2%, 超供程度：73.0%, 超供平均值：4.9, 方差：193.8
0  1.71e+07 3719.11 | 3719.11    0.0   2886     0 |    1.28   3.40   0.05  -1.16
0  1.72e+07 3732.97 |
成功率：99.9%, 提交量大于阈值的概率：0.08209%, 超供率：91.1%, 超供程度：71.2%, 超供平均值：4.8, 方差：191.8
0  1.72e+07 3732.97 | 3732.97    0.0   2886     0 |    1.29   3.44   0.08  -1.17
0  1.73e+07 3732.97 | 3715.70    0.0   2886     0 |    1.28   3.58   0.09  -1.17
0  1.73e+07 3732.97 | 3713.46    0.0   2886     0 |    1.28   3.53   0.12  -1.17
0  1.74e+07 3732.97 | 3694.00    0.0   2886     0 |    1.27   3.18   0.04  -1.17
0  1.75e+07 3732.97 | 3677.30    0.0   2884     0 |    1.27   3.75  -0.02  -1.18
0  1.76e+07 3732.97 | 3668.29    0.0   2884     0 |    1.27   3.73   0.15  -1.16
0  1.77e+07 3732.97 | 3662.74    0.0   2884     0 |    1.26   3.56   0.06  -1.16
0  1.78e+07 3732.97 | 3671.09    0.0   2884     0 |    1.27   3.36   0.10  -1.17
0  1.79e+07 3732.97 | 3662.58    0.0   2884     0 |    1.27   3.46   0.10  -1.17
0  1.79e+07 3732.97 | 3673.58    0.0   2884     0 |    1.27   3.65   0.03  -1.17
0  1.80e+07 3732.97 | 3683.20    0.0   2884     0 |    1.27   3.75  -0.06  -1.17
0  1.81e+07 3732.97 | 3668.22    0.0   2884     0 |    1.26   3.55   0.15  -1.17
0  1.82e+07 3732.97 | 3658.85    0.0   2884     0 |    1.27   3.28   0.04  -1.17
0  1.83e+07 3732.97 | 3675.09    0.0   2884     0 |    1.26   3.13  -0.01  -1.18
0  1.84e+07 3732.97 | 3673.99    0.0   2884     0 |    1.27   3.83   0.10  -1.17
0  1.85e+07 3732.97 | 3670.09    0.0   2884     0 |    1.27   3.48   0.13  -1.17
0  1.86e+07 3732.97 | 3678.26    0.0   2884     0 |    1.27   3.40   0.06  -1.17
0  1.86e+07 3732.97 | 3670.80    0.0   2884     0 |    1.26   3.14  -0.12  -1.18
0  1.87e+07 3732.97 | 3668.55    0.0   2884     0 |    1.27   3.28   0.19  -1.18
0  1.88e+07 3732.97 | 3652.66    0.0   2884     0 |    1.26   3.55   0.01  -1.16
0  1.89e+07 3732.97 | 3664.52    0.0   2884     0 |    1.27   3.54  -0.07  -1.16
0  1.90e+07 3732.97 | 3668.85    0.0   2884     0 |    1.27   3.26   0.12  -1.17
0  1.91e+07 3732.97 | 3666.21    0.0   2884     0 |    1.26   3.62   0.06  -1.17
0  1.92e+07 3732.97 | 3661.49    0.0   2883     0 |    1.27   3.37   0.09  -1.17
0  1.92e+07 3732.97 | 3662.03    0.0   2883     0 |    1.26   3.32   0.08  -1.16
0  1.93e+07 3732.97 | 3659.21    0.0   2883     0 |    1.26   3.51   0.19  -1.16
0  1.94e+07 3732.97 | 3673.29    0.0   2884     0 |    1.26   3.13   0.13  -1.16
0  1.95e+07 3732.97 | 3666.25    0.0   2883     0 |    1.27   3.73   0.08  -1.16
0  1.96e+07 3732.97 | 3676.24    0.0   2884     0 |    1.27   2.78   0.06  -1.16
0  1.97e+07 3732.97 | 3661.88    0.0   2884     0 |    1.27   3.35   0.00  -1.17
0  1.98e+07 3732.97 | 3662.07    0.0   2884     0 |    1.26   3.84  -0.08  -1.17
0  1.99e+07 3732.97 | 3677.83    0.0   2884     0 |    1.27   3.68   0.03  -1.17
0  1.99e+07 3732.97 | 3683.15    0.0   2886     0 |    1.27   3.15  -0.01  -1.17
0  2.00e+07 3732.97 | 3682.61    0.0   2884     0 |    1.26   3.50   0.01  -1.17
0  2.01e+07 3732.97 | 3676.86    0.0   2886     0 |    1.27   3.14   0.04  -1.16
0  2.02e+07 3732.97 | 3702.09    0.0   2887     0 |    1.28   3.51   0.08  -1.16
0  2.03e+07 3732.97 | 3698.60    0.0   2887     0 |    1.27   3.46  -0.03  -1.16
0  2.04e+07 3732.97 | 3704.06    0.0   2887     0 |    1.26   3.34   0.01  -1.16
0  2.05e+07 3732.97 | 3687.08    0.0   2887     0 |    1.27   3.37   0.10  -1.16
0  2.05e+07 3732.97 | 3685.74    0.0   2883     0 |    1.27   3.61   0.18  -1.17
0  2.06e+07 3732.97 | 3693.47    0.0   2884     0 |    1.27   3.54   0.09  -1.17
0  2.07e+07 3732.97 | 3705.13    0.0   2884     0 |    1.27   3.30   0.18  -1.18
0  2.08e+07 3732.97 | 3698.79    0.0   2884     0 |    1.27   3.15   0.12  -1.18
0  2.09e+07 3732.97 | 3683.38    0.0   2884     0 |    1.27   3.18   0.04  -1.17
0  2.10e+07 3732.97 | 3670.00    0.0   2884     0 |    1.27   3.54   0.06  -1.17
0  2.11e+07 3732.97 | 3683.90    0.0   2884     0 |    1.27   3.52   0.15  -1.16
0  2.11e+07 3732.97 | 3690.97    0.0   2884     0 |    1.27   3.66   0.09  -1.16
0  2.12e+07 3732.97 | 3681.51    0.0   2883     0 |    1.27   3.06   0.09  -1.17
0  2.13e+07 3732.97 | 3685.30    0.0   2883     0 |    1.27   3.62   0.15  -1.17
0  2.14e+07 3732.97 | 3685.02    0.0   2884     0 |    1.27   3.29   0.19  -1.16
0  2.15e+07 3732.97 | 3685.13    0.0   2884     0 |    1.27   2.93   0.07  -1.16
0  2.16e+07 3732.97 | 3679.72    0.0   2883     0 |    1.27   3.77  -0.01  -1.17
0  2.17e+07 3732.97 | 3686.38    0.0   2883     0 |    1.27   3.42   0.07  -1.16
0  2.17e+07 3732.97 | 3695.76    0.0   2884     0 |    1.27   3.41   0.16  -1.17
0  2.18e+07 3732.97 | 3691.19    0.0   2883     0 |    1.27   3.14  -0.01  -1.17
0  2.19e+07 3732.97 | 3681.48    0.0   2884     0 |    1.27   3.25   0.09  -1.17
0  2.20e+07 3732.97 | 3671.79    0.0   2883     0 |    1.27   3.58   0.09  -1.18
0  2.21e+07 3732.97 | 3675.09    0.0   2884     0 |    1.27   3.20   0.27  -1.17
0  2.22e+07 3732.97 | 3682.94    0.0   2883     0 |    1.27   3.50   0.19  -1.16
0  2.23e+07 3732.97 | 3684.60    0.0   2884     0 |    1.27   3.69   0.01  -1.17
0  2.23e+07 3732.97 | 3669.50    0.0   2884     0 |    1.27   3.26   0.11  -1.17
0  2.24e+07 3732.97 | 3679.02    0.0   2883     0 |    1.27   3.04   0.02  -1.18
0  2.25e+07 3732.97 | 3682.57    0.0   2884     0 |    1.27   3.10   0.04  -1.17
0  2.26e+07 3732.97 | 3683.34    0.0   2883     0 |    1.27   3.26   0.04  -1.17
0  2.27e+07 3732.97 | 3682.68    0.0   2884     0 |    1.27   3.14   0.06  -1.17
0  2.28e+07 3732.97 | 3667.72    0.0   2884     0 |    1.26   3.35   0.09  -1.17
0  2.29e+07 3732.97 | 3665.72    0.0   2884     0 |    1.26   3.45   0.18  -1.17
0  2.29e+07 3732.97 | 3651.44    0.0   2883     0 |    1.26   3.09   0.01  -1.17
0  2.30e+07 3732.97 | 3656.60    0.0   2883     0 |    1.26   3.21   0.10  -1.17
0  2.31e+07 3732.97 | 3670.04    0.0   2884     0 |    1.26   3.63   0.02  -1.17
0  2.32e+07 3732.97 | 3681.18    0.0   2884     0 |    1.27   3.09   0.04  -1.17
0  2.33e+07 3732.97 | 3676.37    0.0   2884     0 |    1.26   3.15   0.10  -1.17
0  2.34e+07 3732.97 | 3669.44    0.0   2884     0 |    1.26   3.79   0.11  -1.17
0  2.35e+07 3732.97 | 3673.00    0.0   2884     0 |    1.26   3.21   0.08  -1.17
0  2.36e+07 3732.97 | 3691.71    0.0   2884     0 |    1.27   3.51   0.07  -1.16
0  2.36e+07 3732.97 | 3695.16    0.0   2886     0 |    1.27   3.19   0.05  -1.16
0  2.37e+07 3732.97 | 3677.01    0.0   2884     0 |    1.27   3.28  -0.01  -1.16
0  2.38e+07 3732.97 | 3684.59    0.0   2886     0 |    1.27   3.48   0.15  -1.17
0  2.39e+07 3732.97 | 3691.46    0.0   2886     0 |    1.27   3.19   0.16  -1.16
0  2.40e+07 3732.97 | 3681.66    0.0   2886     0 |    1.27   3.52   0.10  -1.16
0  2.41e+07 3732.97 | 3667.69    0.0   2886     0 |    1.27   3.50   0.15  -1.17
0  2.42e+07 3732.97 | 3685.80    0.0   2886     0 |    1.27   3.24   0.11  -1.16
0  2.42e+07 3732.97 | 3679.10    0.0   2886     0 |    1.27   3.43   0.04  -1.17
0  2.43e+07 3732.97 | 3685.41    0.0   2886     0 |    1.27   2.93   0.09  -1.17
0  2.44e+07 3732.97 | 3673.34    0.0   2884     0 |    1.26   2.92   0.13  -1.16
0  2.45e+07 3732.97 | 3658.43    0.0   2884     0 |    1.26   3.07   0.06  -1.17
0  2.46e+07 3732.97 | 3660.64    0.0   2886     0 |    1.26   3.55   0.05  -1.16
0  2.47e+07 3732.97 | 3655.68    0.0   2885     0 |    1.26   2.81   0.12  -1.16
0  2.48e+07 3732.97 | 3673.56    0.0   2887     0 |    1.26   3.33   0.04  -1.16
0  2.48e+07 3732.97 | 3669.28    0.0   2885     0 |    1.27   3.44  -0.01  -1.17
0  2.49e+07 3732.97 | 3669.53    0.0   2884     0 |    1.26   3.30   0.02  -1.16
0  2.50e+07 3732.97 | 3664.21    0.0   2884     0 |    1.26   3.03   0.06  -1.17
0  2.51e+07 3732.97 | 3664.50    0.0   2886     0 |    1.26   3.71   0.15  -1.18
0  2.52e+07 3732.97 | 3663.06    0.0   2886     0 |    1.26   3.00   0.05  -1.17
0  2.53e+07 3732.97 | 3672.33    0.0   2886     0 |    1.26   3.03   0.15  -1.18
0  2.54e+07 3732.97 | 3689.94    0.0   2886     0 |    1.27   2.77   0.13  -1.17
0  2.54e+07 3732.97 | 3675.38    0.0   2886     0 |    1.27   2.98   0.08  -1.17
0  2.55e+07 3732.97 | 3690.17    0.0   2886     0 |    1.27   2.91   0.01  -1.17
0  2.56e+07 3732.97 | 3713.70    0.0   2886     0 |    1.27   3.26   0.09  -1.16
0  2.57e+07 3732.97 | 3688.76    0.0   2886     0 |    1.27   2.98   0.10  -1.17
0  2.58e+07 3732.97 | 3700.66    0.0   2886     0 |    1.27   3.37   0.10  -1.16
0  2.59e+07 3732.97 | 3682.56    0.0   2886     0 |    1.27   3.42   0.16  -1.17
0  2.60e+07 3732.97 | 3689.31    0.0   2886     0 |    1.27   3.52   0.01  -1.16
0  2.60e+07 3732.97 | 3680.72    0.0   2886     0 |    1.27   2.92   0.13  -1.16
0  2.61e+07 3732.97 | 3693.43    0.0   2886     0 |    1.27   3.15   0.06  -1.17
0  2.62e+07 3732.97 | 3634.61    0.0   2883     0 |    1.26   3.46   0.06  -1.17
0  2.63e+07 3732.97 | 3637.69    0.0   2883     0 |    1.26   3.19   0.15  -1.16
0  2.64e+07 3732.97 | 3630.34    0.0   2883     0 |    1.25   3.47   0.13  -1.16
0  2.65e+07 3732.97 | 3631.32    0.0   2883     0 |    1.25   3.43   0.03  -1.16
0  2.65e+07 3732.97 | 3631.43    0.0   2883     0 |    1.25   3.51   0.05  -1.16
0  2.66e+07 3732.97 | 3644.63    0.0   2884     0 |    1.26   3.80   0.14  -1.16
0  2.67e+07 3732.97 | 3649.88    0.0   2883     0 |    1.26   3.16   0.18  -1.17
0  2.68e+07 3732.97 | 3646.71    0.0   2883     0 |    1.26   3.77   0.17  -1.17
0  2.69e+07 3732.97 | 3647.07    0.0   2884     0 |    1.26   3.04   0.07  -1.18
0  2.70e+07 3732.97 | 3654.56    0.0   2884     0 |    1.26   3.51   0.08  -1.17
0  2.71e+07 3732.97 | 3654.82    0.0   2884     0 |    1.26   3.60   0.01  -1.17
0  2.71e+07 3732.97 | 3664.00    0.0   2885     0 |    1.26   3.40   0.10  -1.16
0  2.72e+07 3732.97 | 3662.44    0.0   2885     0 |    1.27   3.13   0.04  -1.16
0  2.73e+07 3732.97 | 3661.25    0.0   2886     0 |    1.27   3.01   0.04  -1.16
0  2.74e+07 3732.97 | 3657.20    0.0   2884     0 |    1.26   3.59   0.07  -1.16
0  2.75e+07 3732.97 | 3636.87    0.0   2883     0 |    1.26   3.17   0.09  -1.15
0  2.76e+07 3732.97 | 3640.32    0.0   2884     0 |    1.26   3.73   0.06  -1.15
0  2.77e+07 3732.97 | 3642.31    0.0   2884     0 |    1.26   3.30   0.17  -1.15
0  2.77e+07 3732.97 | 3632.69    0.0   2884     0 |    1.26   3.50   0.12  -1.15
0  2.78e+07 3732.97 | 3646.40    0.0   2884     0 |    1.26   3.25   0.14  -1.16
0  2.79e+07 3732.97 | 3643.29    0.0   2884     0 |    1.26   3.41   0.06  -1.16
0  2.80e+07 3732.97 | 3651.77    0.0   2884     0 |    1.26   3.42   0.09  -1.16
0  2.81e+07 3732.97 | 3645.04    0.0   2883     0 |    1.26   3.50   0.10  -1.17
0  2.82e+07 3732.97 | 3652.43    0.0   2884     0 |    1.26   3.77   0.03  -1.17
0  2.83e+07 3732.97 | 3654.03    0.0   2884     0 |    1.26   3.28   0.16  -1.17
0  2.83e+07 3732.97 | 3651.37    0.0   2884     0 |    1.26   3.22   0.05  -1.16
0  2.84e+07 3732.97 | 3652.14    0.0   2883     0 |    1.26   2.95   0.07  -1.16
0  2.85e+07 3732.97 | 3653.26    0.0   2884     0 |    1.26   3.03   0.08  -1.16
0  2.86e+07 3732.97 | 3647.04    0.0   2884     0 |    1.26   3.21   0.02  -1.16
0  2.87e+07 3732.97 | 3646.35    0.0   2884     0 |    1.26   3.36   0.12  -1.16
0  2.88e+07 3732.97 | 3654.08    0.0   2884     0 |    1.26   3.31   0.08  -1.17
0  2.88e+07 3732.97 | 3659.90    0.0   2884     0 |    1.26   3.70   0.21  -1.16
0  2.89e+07 3732.97 | 3664.68    0.0   2884     0 |    1.27   2.89   0.12  -1.16
0  2.90e+07 3732.97 | 3668.10    0.0   2883     0 |    1.27   3.49   0.14  -1.16
0  2.91e+07 3732.97 | 3661.02    0.0   2883     0 |    1.27   3.51   0.21  -1.16
0  2.92e+07 3732.97 | 3661.53    0.0   2884     0 |    1.26   3.04   0.01  -1.17
0  2.93e+07 3732.97 | 3663.27    0.0   2885     0 |    1.26   3.24   0.13  -1.17
0  2.94e+07 3732.97 | 3650.77    0.0   2884     0 |    1.26   3.12   0.05  -1.17
0  2.94e+07 3732.97 | 3638.42    0.0   2884     0 |    1.25   3.14   0.03  -1.17
0  2.95e+07 3732.97 | 3637.52    0.0   2884     0 |    1.25   3.61   0.14  -1.16
0  2.96e+07 3732.97 | 3632.76    0.0   2883     0 |    1.26   3.18   0.03  -1.16
0  2.97e+07 3732.97 | 3638.46    0.0   2883     0 |    1.26   3.17   0.07  -1.17
0  2.98e+07 3732.97 | 3633.85    0.0   2883     0 |    1.26   3.61   0.06  -1.17
0  2.99e+07 3732.97 | 3645.06    0.0   2884     0 |    1.26   3.40   0.16  -1.17
0  3.00e+07 3732.97 | 3645.16    0.0   2883     0 |    1.26   3.59   0.15  -1.18
0  3.00e+07 3732.97 | 3640.01    0.0   2884     0 |    1.26   3.47   0.09  -1.17
0  3.01e+07 3732.97 | 3656.33    0.0   2884     0 |    1.26   3.18   0.17  -1.15
0  3.02e+07 3732.97 | 3646.02    0.0   2883     0 |    1.26   3.25   0.11  -1.15
