################################################################################
ID     Step    maxR |    avgR   stdR   avgS  stdS |    expR   objC   etc.
0  5.77e+03 2034.27 |
成功率：98.5%, 提交量大于阈值的概率：1.26542%, 超供率：96.4%, 超供程度：84.0%, 超供平均值：5.7, 方差：203.3
0  5.77e+03 2034.27 | 2034.27    0.0   2887     0 |    0.53  36.00  -0.01  -0.50
0  2.89e+04 2049.16 |
成功率：98.5%, 提交量大于阈值的概率：1.27635%, 超供率：96.4%, 超供程度：83.9%, 超供平均值：5.7, 方差：200.4
0  2.89e+04 2049.16 | 2049.16    0.0   2886     0 |    0.55  24.70  -0.04  -0.51
0  5.19e+04 2049.16 | 2026.16    0.0   2887     0 |    0.55  22.83   0.04  -0.50
0  1.04e+05 2049.16 | 1999.72    0.0   2886     0 |    0.58  19.95   0.05  -0.52
0  1.56e+05 2069.92 |
成功率：98.7%, 提交量大于阈值的概率：1.29574%, 超供率：96.7%, 超供程度：83.7%, 超供平均值：5.6, 方差：195.0
0  1.56e+05 2069.92 | 2069.92    0.0   2886     0 |    0.59  19.20  -0.04  -0.55
0  1.79e+05 2078.90 |
成功率：98.7%, 提交量大于阈值的概率：1.29064%, 超供率：96.6%, 超供程度：83.2%, 超供平均值：5.6, 方差：193.5
0  1.79e+05 2078.90 | 2078.90    0.0   2886     0 |    0.58  20.32  -0.07  -0.55
0  2.02e+05 2084.67 |
成功率：98.6%, 提交量大于阈值的概率：1.28948%, 超供率：96.4%, 超供程度：82.9%, 超供平均值：5.6, 方差：193.0
0  2.02e+05 2084.67 | 2084.67    0.0   2886     0 |    0.59  18.72   0.04  -0.56
0  2.25e+05 2096.95 |
成功率：98.6%, 提交量大于阈值的概率：1.28721%, 超供率：96.5%, 超供程度：82.9%, 超供平均值：5.6, 方差：191.9
0  2.25e+05 2096.95 | 2096.95    0.0   2886     0 |    0.60  22.51  -0.10  -0.56
0  2.48e+05 2121.78 |
成功率：98.7%, 提交量大于阈值的概率：1.29130%, 超供率：96.6%, 超供程度：82.7%, 超供平均值：5.6, 方差：190.7
0  2.48e+05 2121.78 | 2121.78    0.0   2886     0 |    0.62  19.77   0.01  -0.57
0  2.71e+05 2121.78 | 2113.50    0.0   2887     0 |    0.62  20.46   0.06  -0.58
0  3.23e+05 2123.32 |
成功率：98.7%, 提交量大于阈值的概率：1.28701%, 超供率：96.6%, 超供程度：82.3%, 超供平均值：5.6, 方差：193.0
0  3.23e+05 2123.32 | 2123.32    0.0   2886     0 |    0.64  18.89   0.03  -0.61
0  3.46e+05 2135.97 |
成功率：98.7%, 提交量大于阈值的概率：1.28945%, 超供率：96.6%, 超供程度：82.3%, 超供平均值：5.6, 方差：190.1
0  3.46e+05 2135.97 | 2135.97    0.0   2886     0 |    0.64  18.01  -0.00  -0.61
0  3.69e+05 2146.63 |
成功率：98.8%, 提交量大于阈值的概率：1.29983%, 超供率：96.6%, 超供程度：82.3%, 超供平均值：5.6, 方差：189.8
0  3.69e+05 2146.63 | 2146.63    0.0   2886     0 |    0.65  18.89   0.10  -0.62
0  3.93e+05 2148.36 |
成功率：98.7%, 提交量大于阈值的概率：1.28616%, 超供率：96.6%, 超供程度：82.3%, 超供平均值：5.5, 方差：189.3
0  3.93e+05 2148.36 | 2148.36    0.0   2885     0 |    0.65  17.68  -0.04  -0.63
0  4.16e+05 2153.23 |
成功率：98.7%, 提交量大于阈值的概率：1.27559%, 超供率：96.6%, 超供程度：82.4%, 超供平均值：5.5, 方差：188.8
0  4.16e+05 2153.23 | 2153.23    0.0   2885     0 |    0.65  19.55   0.09  -0.62
0  4.39e+05 2153.23 | 2146.37    0.0   2885     0 |    0.65  19.23   0.05  -0.63
0  4.91e+05 2187.02 |
成功率：98.7%, 提交量大于阈值的概率：1.29015%, 超供率：96.6%, 超供程度：82.1%, 超供平均值：5.5, 方差：184.1
0  4.91e+05 2187.02 | 2187.02    0.0   2885     0 |    0.68  16.97   0.06  -0.64
0  5.14e+05 2188.21 |
成功率：98.7%, 提交量大于阈值的概率：1.28713%, 超供率：96.6%, 超供程度：82.0%, 超供平均值：5.5, 方差：182.8
0  5.14e+05 2188.21 | 2188.21    0.0   2885     0 |    0.68  18.86   0.09  -0.64
0  5.37e+05 2188.21 | 2175.80    0.0   2885     0 |    0.67  16.10   0.09  -0.65
0  5.89e+05 2188.21 | 2177.15    0.0   2885     0 |    0.68  18.67   0.09  -0.67
0  6.41e+05 2188.21 | 2182.14    0.0   2886     0 |    0.68  16.76   0.02  -0.69
0  6.93e+05 2190.63 |
成功率：98.6%, 提交量大于阈值的概率：1.29787%, 超供率：96.3%, 超供程度：82.0%, 超供平均值：5.5, 方差：180.7
0  6.93e+05 2190.63 | 2190.63    0.0   2885     0 |    0.69  17.84   0.08  -0.71
0  7.16e+05 2190.63 | 2189.31    0.0   2885     0 |    0.69  17.95  -0.08  -0.71
0  7.68e+05 2190.63 | 2174.78    0.0   2886     0 |    0.69  18.01   0.05  -0.72
0  8.20e+05 2190.63 | 2173.16    0.0   2885     0 |    0.69  19.11   0.10  -0.74
0  8.72e+05 2190.63 | 2184.83    0.0   2885     0 |    0.70  18.37   0.06  -0.75
0  9.23e+05 2201.28 |
成功率：98.6%, 提交量大于阈值的概率：1.31662%, 超供率：96.6%, 超供程度：82.1%, 超供平均值：5.5, 方差：187.0
0  9.23e+05 2201.28 | 2201.28    0.0   2885     0 |    0.71  16.75   0.06  -0.76
0  9.47e+05 2201.28 | 2190.02    0.0   2885     0 |    0.71  15.76   0.01  -0.76
0  9.98e+05 2201.28 | 2197.22    0.0   2885     0 |    0.71  18.66   0.01  -0.78
0  1.05e+06 2201.28 | 2195.09    0.0   2885     0 |    0.71  16.72   0.01  -0.79
0  1.10e+06 2208.27 |
成功率：98.7%, 提交量大于阈值的概率：1.30758%, 超供率：96.6%, 超供程度：81.8%, 超供平均值：5.5, 方差：187.9
0  1.10e+06 2208.27 | 2208.27    0.0   2886     0 |    0.71  18.76   0.08  -0.79
0  1.13e+06 2211.86 |
成功率：98.7%, 提交量大于阈值的概率：1.30770%, 超供率：96.6%, 超供程度：81.7%, 超供平均值：5.5, 方差：186.3
0  1.13e+06 2211.86 | 2211.86    0.0   2885     0 |    0.72  19.20  -0.02  -0.79
0  1.15e+06 2211.86 | 2191.98    0.0   2885     0 |    0.72  16.82   0.11  -0.80
0  1.20e+06 2212.51 |
成功率：98.7%, 提交量大于阈值的概率：1.31361%, 超供率：96.6%, 超供程度：81.3%, 超供平均值：5.5, 方差：184.6
0  1.20e+06 2212.51 | 2212.51    0.0   2885     0 |    0.73  18.78   0.02  -0.81
0  1.22e+06 2220.20 |
成功率：98.7%, 提交量大于阈值的概率：1.30756%, 超供率：96.6%, 超供程度：81.2%, 超供平均值：5.5, 方差：181.1
0  1.22e+06 2220.20 | 2220.20    0.0   2885     0 |    0.73  16.24   0.07  -0.82
0  1.25e+06 2224.78 |
成功率：98.7%, 提交量大于阈值的概率：1.31444%, 超供率：96.5%, 超供程度：81.1%, 超供平均值：5.5, 方差：181.8
0  1.25e+06 2224.78 | 2224.78    0.0   2885     0 |    0.73  16.22   0.11  -0.82
0  1.27e+06 2229.90 |
成功率：98.6%, 提交量大于阈值的概率：1.31065%, 超供率：96.6%, 超供程度：81.2%, 超供平均值：5.5, 方差：183.7
0  1.27e+06 2229.90 | 2229.90    0.0   2885     0 |    0.74  16.41   0.11  -0.82
0  1.29e+06 2229.90 | 2225.29    0.0   2885     0 |    0.74  16.86   0.01  -0.82
0  1.34e+06 2253.83 |
成功率：98.5%, 提交量大于阈值的概率：1.30164%, 超供率：96.2%, 超供程度：80.4%, 超供平均值：5.4, 方差：183.8
0  1.34e+06 2253.83 | 2253.83    0.0   2886     0 |    0.74  16.92  -0.02  -0.84
0  1.37e+06 2268.72 |
成功率：98.4%, 提交量大于阈值的概率：1.30339%, 超供率：96.1%, 超供程度：80.1%, 超供平均值：5.4, 方差：183.0
0  1.37e+06 2268.72 | 2268.72    0.0   2887     0 |    0.75  16.93   0.09  -0.84
0  1.39e+06 2268.72 | 2267.13    0.0   2887     0 |    0.75  16.56   0.14  -0.85
0  1.44e+06 2272.24 |
成功率：98.5%, 提交量大于阈值的概率：1.30330%, 超供率：96.1%, 超供程度：79.7%, 超供平均值：5.4, 方差：184.3
0  1.44e+06 2272.24 | 2272.24    0.0   2886     0 |    0.76  15.66   0.10  -0.86
0  1.47e+06 2274.02 |
成功率：98.5%, 提交量大于阈值的概率：1.30277%, 超供率：96.1%, 超供程度：79.7%, 超供平均值：5.4, 方差：184.7
0  1.47e+06 2274.02 | 2274.02    0.0   2886     0 |    0.76  16.77   0.02  -0.86
0  1.49e+06 2285.32 |
成功率：98.4%, 提交量大于阈值的概率：1.29814%, 超供率：96.1%, 超供程度：79.6%, 超供平均值：5.4, 方差：185.2
0  1.49e+06 2285.32 | 2285.32    0.0   2886     0 |    0.76  17.97   0.08  -0.87
0  1.51e+06 2285.32 | 2279.44    0.0   2885     0 |    0.76  15.26   0.04  -0.88
0  1.56e+06 2285.32 | 2276.68    0.0   2885     0 |    0.76  15.59   0.09  -0.89
0  1.62e+06 2285.32 | 2277.02    0.0   2885     0 |    0.76  17.98  -0.00  -0.89
0  1.67e+06 2285.32 | 2282.92    0.0   2885     0 |    0.77  15.81   0.13  -0.90
0  1.72e+06 2285.32 | 2282.49    0.0   2886     0 |    0.76  15.92   0.08  -0.91
0  1.77e+06 2285.32 | 2276.26    0.0   2886     0 |    0.77  16.44   0.07  -0.91
0  1.82e+06 2285.32 | 2276.02    0.0   2886     0 |    0.76  15.30   0.06  -0.93
0  1.88e+06 2285.32 | 2273.72    0.0   2886     0 |    0.76  16.43   0.09  -0.94
0  1.93e+06 2285.32 | 2275.37    0.0   2886     0 |    0.76  17.51   0.01  -0.96
0  1.98e+06 2291.96 |
成功率：98.4%, 提交量大于阈值的概率：1.30903%, 超供率：95.9%, 超供程度：79.5%, 超供平均值：5.4, 方差：173.9
0  1.98e+06 2291.96 | 2291.96    0.0   2885     0 |    0.77  16.55   0.09  -0.97
0  2.00e+06 2291.96 | 2274.62    0.0   2885     0 |    0.77  15.95   0.07  -0.98
0  2.05e+06 2291.96 | 2275.84    0.0   2886     0 |    0.77  17.23   0.07  -0.99
0  2.11e+06 2291.96 | 2283.49    0.0   2886     0 |    0.77  15.19   0.05  -1.00
0  2.16e+06 2291.96 | 2274.66    0.0   2886     0 |    0.77  17.37   0.08  -1.01
0  2.21e+06 2291.96 | 2287.00    0.0   2885     0 |    0.78  17.22   0.06  -1.02
0  2.26e+06 2294.68 |
成功率：98.4%, 提交量大于阈值的概率：1.30133%, 超供率：95.8%, 超供程度：79.3%, 超供平均值：5.4, 方差：175.6
0  2.26e+06 2294.68 | 2294.68    0.0   2885     0 |    0.77  14.83   0.14  -1.02
0  2.29e+06 2294.68 | 2285.30    0.0   2885     0 |    0.77  14.83  -0.01  -1.02
0  2.34e+06 2294.68 | 2274.04    0.0   2885     0 |    0.77  16.55   0.03  -1.03
0  2.39e+06 2294.68 | 2293.45    0.0   2886     0 |    0.78  15.61   0.07  -1.05
0  2.44e+06 2294.68 | 2277.92    0.0   2885     0 |    0.77  17.93   0.13  -1.06
0  2.49e+06 2304.17 |
成功率：98.4%, 提交量大于阈值的概率：1.30034%, 超供率：95.7%, 超供程度：79.0%, 超供平均值：5.3, 方差：173.8
0  2.49e+06 2304.17 | 2304.17    0.0   2885     0 |    0.78  16.06   0.07  -1.08
0  2.52e+06 2313.41 |
成功率：98.4%, 提交量大于阈值的概率：1.29576%, 超供率：95.6%, 超供程度：78.7%, 超供平均值：5.3, 方差：172.9
0  2.52e+06 2313.41 | 2313.41    0.0   2885     0 |    0.78  16.78   0.10  -1.08
0  2.54e+06 2315.07 |
成功率：98.4%, 提交量大于阈值的概率：1.29874%, 超供率：95.6%, 超供程度：78.6%, 超供平均值：5.3, 方差：173.2
0  2.54e+06 2315.07 | 2315.07    0.0   2885     0 |    0.79  15.79   0.06  -1.08
0  2.56e+06 2315.07 | 2305.03    0.0   2885     0 |    0.78  14.87   0.14  -1.09
0  2.61e+06 2318.51 |
成功率：98.3%, 提交量大于阈值的概率：1.30835%, 超供率：95.6%, 超供程度：78.6%, 超供平均值：5.3, 方差：174.9
0  2.61e+06 2318.51 | 2318.51    0.0   2885     0 |    0.79  16.61   0.06  -1.09
0  2.64e+06 2326.59 |
成功率：98.3%, 提交量大于阈值的概率：1.29929%, 超供率：95.5%, 超供程度：78.2%, 超供平均值：5.3, 方差：174.8
0  2.64e+06 2326.59 | 2326.59    0.0   2885     0 |    0.79  14.94   0.00  -1.09
0  2.66e+06 2326.59 | 2312.74    0.0   2885     0 |    0.79  13.44   0.10  -1.10
0  2.71e+06 2326.59 | 2321.66    0.0   2885     0 |    0.79  15.43   0.07  -1.12
0  2.76e+06 2326.59 | 2314.60    0.0   2885     0 |    0.79  16.28   0.10  -1.13
0  2.82e+06 2326.59 | 2319.10    0.0   2885     0 |    0.79  16.99  -0.01  -1.14
0  2.87e+06 2326.59 | 2318.26    0.0   2885     0 |    0.79  17.00  -0.03  -1.14
0  2.92e+06 2326.59 | 2316.92    0.0   2885     0 |    0.79  14.37   0.08  -1.16
0  2.97e+06 2326.59 | 2309.95    0.0   2885     0 |    0.79  15.23   0.03  -1.16
0  3.02e+06 2326.59 | 2318.42    0.0   2885     0 |    0.79  16.35   0.04  -1.16
0  3.08e+06 2326.59 | 2317.47    0.0   2885     0 |    0.79  15.82   0.10  -1.15
0  3.13e+06 2326.74 |
成功率：98.2%, 提交量大于阈值的概率：1.30866%, 超供率：95.5%, 超供程度：79.1%, 超供平均值：5.3, 方差：174.9
0  3.13e+06 2326.74 | 2326.74    0.0   2885     0 |    0.79  14.47   0.09  -1.16
0  3.15e+06 2329.86 |
成功率：98.2%, 提交量大于阈值的概率：1.31373%, 超供率：95.5%, 超供程度：78.9%, 超供平均值：5.3, 方差：174.8
0  3.15e+06 2329.86 | 2329.86    0.0   2885     0 |    0.79  15.95   0.05  -1.16
0  3.17e+06 2332.34 |
成功率：98.2%, 提交量大于阈值的概率：1.30925%, 超供率：95.4%, 超供程度：78.6%, 超供平均值：5.3, 方差：174.9
0  3.17e+06 2332.34 | 2332.34    0.0   2885     0 |    0.79  16.37   0.07  -1.16
0  3.20e+06 2332.34 | 2316.85    0.0   2885     0 |    0.79  16.61   0.11  -1.17
0  3.25e+06 2334.72 |
成功率：98.1%, 提交量大于阈值的概率：1.31180%, 超供率：95.4%, 超供程度：78.6%, 超供平均值：5.3, 方差：176.6
0  3.25e+06 2334.72 | 2334.72    0.0   2885     0 |    0.79  17.28   0.16  -1.17
0  3.27e+06 2353.42 |
成功率：98.0%, 提交量大于阈值的概率：1.31541%, 超供率：95.2%, 超供程度：78.3%, 超供平均值：5.3, 方差：176.8
0  3.27e+06 2353.42 | 2353.42    0.0   2885     0 |    0.80  14.20   0.02  -1.17
0  3.30e+06 2362.31 |
成功率：98.0%, 提交量大于阈值的概率：1.31375%, 超供率：95.1%, 超供程度：78.1%, 超供平均值：5.3, 方差：175.0
0  3.30e+06 2362.31 | 2362.31    0.0   2885     0 |    0.80  15.61  -0.06  -1.17
0  3.32e+06 2368.03 |
成功率：98.0%, 提交量大于阈值的概率：1.30709%, 超供率：95.1%, 超供程度：78.0%, 超供平均值：5.3, 方差：174.7
0  3.32e+06 2368.03 | 2368.03    0.0   2885     0 |    0.80  17.01   0.09  -1.18
0  3.34e+06 2368.03 | 2357.09    0.0   2885     0 |    0.80  17.98  -0.02  -1.18
0  3.39e+06 2368.03 | 2363.88    0.0   2885     0 |    0.81  16.68   0.10  -1.18
0  3.45e+06 2368.03 | 2354.37    0.0   2885     0 |    0.80  16.10   0.03  -1.17
0  3.50e+06 2368.03 | 2353.77    0.0   2885     0 |    0.80  15.78   0.04  -1.17
0  3.55e+06 2368.03 | 2359.45    0.0   2885     0 |    0.80  16.59  -0.01  -1.17
0  3.60e+06 2368.03 | 2348.16    0.0   2885     0 |    0.80  15.87   0.05  -1.18
0  3.65e+06 2375.35 |
成功率：97.9%, 提交量大于阈值的概率：1.30032%, 超供率：95.1%, 超供程度：78.2%, 超供平均值：5.3, 方差：177.9
0  3.65e+06 2375.35 | 2375.35    0.0   2885     0 |    0.81  16.00   0.12  -1.18
0  3.68e+06 2375.35 | 2370.82    0.0   2885     0 |    0.81  14.77   0.06  -1.17
0  3.73e+06 2388.36 |
成功率：97.8%, 提交量大于阈值的概率：1.29285%, 超供率：95.0%, 超供程度：78.1%, 超供平均值：5.3, 方差：178.4
0  3.73e+06 2388.36 | 2388.36    0.0   2885     0 |    0.81  16.62   0.08  -1.17
0  3.75e+06 2388.36 | 2374.94    0.0   2885     0 |    0.81  14.87  -0.05  -1.17
0  3.80e+06 2388.36 | 2378.06    0.0   2885     0 |    0.81  15.23  -0.05  -1.17
0  3.85e+06 2388.36 | 2369.70    0.0   2885     0 |    0.81  13.77   0.03  -1.17
0  3.90e+06 2388.36 | 2378.01    0.0   2885     0 |    0.81  15.73   0.06  -1.17
0  3.95e+06 2388.36 | 2354.21    0.0   2885     0 |    0.80  14.17   0.04  -1.17
0  4.00e+06 2388.36 | 2379.61    0.0   2885     0 |    0.81  16.43   0.04  -1.17
0  4.05e+06 2388.36 | 2377.64    0.0   2885     0 |    0.81  14.94   0.07  -1.17
0  4.10e+06 2408.50 |
成功率：97.6%, 提交量大于阈值的概率：1.29994%, 超供率：94.5%, 超供程度：78.4%, 超供平均值：5.3, 方差：171.2
0  4.10e+06 2408.50 | 2408.50    0.0   2885     0 |    0.82  15.21   0.13  -1.17
0  4.13e+06 2409.76 |
成功率：97.5%, 提交量大于阈值的概率：1.28052%, 超供率：94.4%, 超供程度：78.2%, 超供平均值：5.3, 方差：174.7
0  4.13e+06 2409.76 | 2409.76    0.0   2885     0 |    0.82  13.67   0.03  -1.17
0  4.15e+06 2431.10 |
成功率：97.4%, 提交量大于阈值的概率：1.27893%, 超供率：94.2%, 超供程度：77.9%, 超供平均值：5.3, 方差：174.4
0  4.15e+06 2431.10 | 2431.10    0.0   2885     0 |    0.82  13.04   0.03  -1.18
0  4.17e+06 2431.10 | 2417.38    0.0   2885     0 |    0.83  14.48   0.10  -1.17
0  4.22e+06 2431.10 | 2416.31    0.0   2885     0 |    0.82  13.67   0.06  -1.18
0  4.28e+06 2450.76 |
成功率：97.2%, 提交量大于阈值的概率：1.26530%, 超供率：93.7%, 超供程度：77.3%, 超供平均值：5.2, 方差：173.5
0  4.28e+06 2450.76 | 2450.76    0.0   2885     0 |    0.83  14.55   0.18  -1.17
0  4.30e+06 2450.76 | 2444.40    0.0   2885     0 |    0.83  12.51   0.01  -1.17
0  4.35e+06 2493.74 |
成功率：96.8%, 提交量大于阈值的概率：1.25387%, 超供率：93.0%, 超供程度：76.2%, 超供平均值：5.2, 方差：171.7
0  4.35e+06 2493.74 | 2493.74    0.0   2885     0 |    0.85  13.30   0.04  -1.17
0  4.37e+06 2511.78 |
成功率：96.7%, 提交量大于阈值的概率：1.25659%, 超供率：92.6%, 超供程度：75.8%, 超供平均值：5.1, 方差：170.6
0  4.37e+06 2511.78 | 2511.78    0.0   2885     0 |    0.85  12.92   0.05  -1.17
0  4.40e+06 2515.82 |
成功率：96.7%, 提交量大于阈值的概率：1.26046%, 超供率：92.6%, 超供程度：75.5%, 超供平均值：5.1, 方差：168.5
0  4.40e+06 2515.82 | 2515.82    0.0   2885     0 |    0.85  13.64   0.08  -1.17
0  4.42e+06 2541.81 |
成功率：96.5%, 提交量大于阈值的概率：1.26398%, 超供率：92.3%, 超供程度：75.0%, 超供平均值：5.1, 方差：165.6
0  4.42e+06 2541.81 | 2541.81    0.0   2885     0 |    0.86  12.40   0.05  -1.16
0  4.44e+06 2545.80 |
成功率：96.6%, 提交量大于阈值的概率：1.26489%, 超供率：92.2%, 超供程度：75.0%, 超供平均值：5.1, 方差：165.4
0  4.44e+06 2545.80 | 2545.80    0.0   2885     0 |    0.86  14.80   0.14  -1.17
0  4.47e+06 2553.92 |
成功率：96.5%, 提交量大于阈值的概率：1.26878%, 超供率：92.2%, 超供程度：75.0%, 超供平均值：5.1, 方差：165.4
0  4.47e+06 2553.92 | 2553.92    0.0   2885     0 |    0.86  15.57   0.05  -1.17
0  4.49e+06 2571.01 |
成功率：96.4%, 提交量大于阈值的概率：1.27005%, 超供率：91.9%, 超供程度：74.6%, 超供平均值：5.1, 方差：164.8
0  4.49e+06 2571.01 | 2571.01    0.0   2885     0 |    0.87  12.15   0.03  -1.17
0  4.51e+06 2571.01 | 2560.20    0.0   2885     0 |    0.87  12.36   0.09  -1.17
0  4.56e+06 2571.01 | 2534.26    0.0   2885     0 |    0.87  12.67  -0.04  -1.17
0  4.62e+06 2571.01 | 2546.78    0.0   2885     0 |    0.86  12.78  -0.02  -1.17
0  4.67e+06 2571.01 | 2563.32    0.0   2885     0 |    0.87  11.66   0.07  -1.17
0  4.72e+06 2577.33 |
成功率：96.3%, 提交量大于阈值的概率：1.28084%, 超供率：91.7%, 超供程度：75.0%, 超供平均值：5.1, 方差：163.1
0  4.72e+06 2577.33 | 2577.33    0.0   2885     0 |    0.87  13.20   0.07  -1.18
0  4.74e+06 2579.62 |
成功率：96.2%, 提交量大于阈值的概率：1.27751%, 超供率：91.6%, 超供程度：75.0%, 超供平均值：5.1, 方差：161.3
0  4.74e+06 2579.62 | 2579.62    0.0   2885     0 |    0.88  12.84  -0.03  -1.18
0  4.77e+06 2587.42 |
成功率：96.2%, 提交量大于阈值的概率：1.28631%, 超供率：91.5%, 超供程度：74.9%, 超供平均值：5.1, 方差：161.9
0  4.77e+06 2587.42 | 2587.42    0.0   2885     0 |    0.88  13.18   0.09  -1.18
0  4.79e+06 2620.62 |
成功率：96.0%, 提交量大于阈值的概率：1.27762%, 超供率：91.0%, 超供程度：74.3%, 超供平均值：5.0, 方差：160.1
0  4.79e+06 2620.62 | 2620.62    0.0   2885     0 |    0.89  12.18   0.15  -1.17
0  4.81e+06 2620.62 | 2620.52    0.0   2885     0 |    0.89  11.78   0.05  -1.17
0  4.86e+06 2620.62 | 2599.20    0.0   2885     0 |    0.89  12.03   0.14  -1.17
0  4.92e+06 2620.62 | 2614.10    0.0   2885     0 |    0.89  13.16   0.18  -1.18
0  4.97e+06 2659.03 |
成功率：95.7%, 提交量大于阈值的概率：1.28658%, 超供率：91.0%, 超供程度：74.6%, 超供平均值：5.1, 方差：156.3
0  4.97e+06 2659.03 | 2659.03    0.0   2885     0 |    0.90  12.12   0.11  -1.17
0  4.99e+06 2682.00 |
成功率：95.5%, 提交量大于阈值的概率：1.28700%, 超供率：90.5%, 超供程度：74.3%, 超供平均值：5.0, 方差：156.0
0  4.99e+06 2682.00 | 2682.00    0.0   2885     0 |    0.91  10.73  -0.05  -1.17
0  5.01e+06 2682.00 | 2679.56    0.0   2885     0 |    0.91  13.30   0.02  -1.17
0  5.07e+06 2749.08 |
成功率：95.0%, 提交量大于阈值的概率：1.28473%, 超供率：90.0%, 超供程度：73.8%, 超供平均值：5.0, 方差：151.0
0  5.07e+06 2749.08 | 2749.08    0.0   2885     0 |    0.93  12.13   0.14  -1.17
0  5.09e+06 2749.08 | 2724.44    0.0   2885     0 |    0.93  11.27   0.02  -1.17
0  5.14e+06 2749.08 | 2707.85    0.0   2885     0 |    0.92  12.18   0.08  -1.17
0  5.19e+06 2749.08 | 2705.97    0.0   2885     0 |    0.92  13.08   0.12  -1.17
0  5.25e+06 2749.08 | 2721.09    0.0   2885     0 |    0.92  11.96   0.12  -1.17
0  5.30e+06 2749.08 | 2748.88    0.0   2885     0 |    0.92  11.03   0.12  -1.18
0  5.35e+06 2751.52 |
成功率：94.9%, 提交量大于阈值的概率：1.28969%, 超供率：90.0%, 超供程度：74.2%, 超供平均值：5.0, 方差：150.1
0  5.35e+06 2751.52 | 2751.52    0.0   2885     0 |    0.93  11.01   0.08  -1.18
0  5.37e+06 2758.11 |
成功率：94.9%, 提交量大于阈值的概率：1.28059%, 超供率：90.0%, 超供程度：74.3%, 超供平均值：5.0, 方差：149.8
0  5.37e+06 2758.11 | 2758.11    0.0   2885     0 |    0.93  12.87   0.07  -1.18
0  5.40e+06 2781.12 |
成功率：94.6%, 提交量大于阈值的概率：1.29194%, 超供率：89.8%, 超供程度：74.5%, 超供平均值：5.1, 方差：145.5
0  5.40e+06 2781.12 | 2781.12    0.0   2885     0 |    0.93  10.60   0.10  -1.18
0  5.42e+06 2790.41 |
成功率：94.6%, 提交量大于阈值的概率：1.29129%, 超供率：89.8%, 超供程度：74.6%, 超供平均值：5.1, 方差：144.4
0  5.42e+06 2790.41 | 2790.41    0.0   2885     0 |    0.94  12.90   0.21  -1.18
0  5.44e+06 2790.41 | 2782.47    0.0   2885     0 |    0.94  11.98   0.12  -1.18
0  5.49e+06 2805.91 |
成功率：94.4%, 提交量大于阈值的概率：1.30554%, 超供率：89.8%, 超供程度：74.7%, 超供平均值：5.1, 方差：143.3
0  5.49e+06 2805.91 | 2805.91    0.0   2885     0 |    0.95  12.54   0.12  -1.18
0  5.52e+06 2836.47 |
成功率：94.1%, 提交量大于阈值的概率：1.29885%, 超供率：89.4%, 超供程度：74.5%, 超供平均值：5.1, 方差：141.9
0  5.52e+06 2836.47 | 2836.47    0.0   2885     0 |    0.96  10.95   0.10  -1.18
0  5.54e+06 2838.35 |
成功率：94.0%, 提交量大于阈值的概率：1.29014%, 超供率：89.3%, 超供程度：74.5%, 超供平均值：5.1, 方差：142.6
0  5.54e+06 2838.35 | 2838.35    0.0   2885     0 |    0.96   9.34   0.12  -1.17
0  5.56e+06 2898.70 |
成功率：93.6%, 提交量大于阈值的概率：1.28923%, 超供率：88.7%, 超供程度：74.1%, 超供平均值：5.0, 方差：134.9
0  5.56e+06 2898.70 | 2898.70    0.0   2884     0 |    0.97  11.04   0.05  -1.17
0  5.59e+06 2898.70 | 2896.46    0.0   2885     0 |    0.98  10.06   0.13  -1.17
0  5.64e+06 2975.19 |
成功率：93.0%, 提交量大于阈值的概率：1.28914%, 超供率：87.9%, 超供程度：73.7%, 超供平均值：5.0, 方差：130.0
0  5.64e+06 2975.19 | 2975.19    0.0   2885     0 |    1.00  10.55   0.09  -1.17
0  5.66e+06 2975.19 | 2973.09    0.0   2885     0 |    1.00  10.31   0.16  -1.17
0  5.71e+06 3048.66 |
成功率：92.2%, 提交量大于阈值的概率：1.28081%, 超供率：86.7%, 超供程度：73.1%, 超供平均值：5.0, 方差：122.9
0  5.71e+06 3048.66 | 3048.66    0.0   2885     0 |    1.04   8.73   0.08  -1.17
0  5.74e+06 3072.75 |
成功率：91.8%, 提交量大于阈值的概率：1.27103%, 超供率：86.4%, 超供程度：73.0%, 超供平均值：5.0, 方差：122.2
0  5.74e+06 3072.75 | 3072.75    0.0   2885     0 |    1.03   8.79   0.02  -1.18
0  5.76e+06 3125.17 |
成功率：91.4%, 提交量大于阈值的概率：1.26877%, 超供率：85.8%, 超供程度：72.6%, 超供平均值：4.9, 方差：119.0
0  5.76e+06 3125.17 | 3125.17    0.0   2885     0 |    1.04   9.03  -0.01  -1.18
0  5.78e+06 3139.24 |
成功率：91.1%, 提交量大于阈值的概率：1.25676%, 超供率：85.4%, 超供程度：72.4%, 超供平均值：4.9, 方差：119.2
0  5.78e+06 3139.24 | 3139.24    0.0   2885     0 |    1.07   8.29   0.03  -1.18
0  5.81e+06 3214.55 |
成功率：90.5%, 提交量大于阈值的概率：1.25594%, 超供率：84.6%, 超供程度：71.8%, 超供平均值：4.9, 方差：112.7
0  5.81e+06 3214.55 | 3214.55    0.0   2885     0 |    1.07   7.58   0.04  -1.18
0  5.83e+06 3282.70 |
成功率：90.0%, 提交量大于阈值的概率：1.25068%, 超供率：83.8%, 超供程度：71.3%, 超供平均值：4.8, 方差：107.4
0  5.83e+06 3282.70 | 3282.70    0.0   2885     0 |    1.09   8.29   0.02  -1.18
0  5.85e+06 3306.33 |
成功率：89.8%, 提交量大于阈值的概率：1.25493%, 超供率：83.6%, 超供程度：71.0%, 超供平均值：4.8, 方差：105.1
0  5.85e+06 3306.33 | 3306.33    0.0   2885     0 |    1.10   9.16   0.13  -1.18
0  5.87e+06 3307.53 |
成功率：89.8%, 提交量大于阈值的概率：1.24816%, 超供率：83.7%, 超供程度：71.2%, 超供平均值：4.8, 方差：105.9
0  5.87e+06 3307.53 | 3307.53    0.0   2885     0 |    1.11   8.07   0.05  -1.17
0  5.90e+06 3309.45 |
成功率：90.0%, 提交量大于阈值的概率：1.26345%, 超供率：83.9%, 超供程度：71.3%, 超供平均值：4.8, 方差：105.4
0  5.90e+06 3309.45 | 3309.45    0.0   2885     0 |    1.11   8.19   0.05  -1.17
0  5.92e+06 3356.22 |
成功率：89.4%, 提交量大于阈值的概率：1.23971%, 超供率：83.2%, 超供程度：71.1%, 超供平均值：4.8, 方差：102.7
0  5.92e+06 3356.22 | 3356.22    0.0   2885     0 |    1.13   7.66  -0.05  -1.17
0  5.94e+06 3422.50 |
成功率：88.7%, 提交量大于阈值的概率：1.23018%, 超供率：82.4%, 超供程度：70.7%, 超供平均值：4.8, 方差：98.0
0  5.94e+06 3422.50 | 3422.50    0.0   2885     0 |    1.14   8.43  -0.01  -1.17
0  5.97e+06 3455.95 |
成功率：88.2%, 提交量大于阈值的概率：1.23261%, 超供率：81.9%, 超供程度：70.3%, 超供平均值：4.8, 方差：94.6
0  5.97e+06 3455.95 | 3455.95    0.0   2885     0 |    1.16   8.79   0.24  -1.17
0  5.99e+06 3498.62 |
成功率：87.7%, 提交量大于阈值的概率：1.22555%, 超供率：81.1%, 超供程度：69.9%, 超供平均值：4.8, 方差：91.7
0  5.99e+06 3498.62 | 3498.62    0.0   2885     0 |    1.17   7.82   0.09  -1.17
0  6.01e+06 3523.28 |
成功率：87.4%, 提交量大于阈值的概率：1.21906%, 超供率：80.9%, 超供程度：69.8%, 超供平均值：4.8, 方差：90.0
0  6.01e+06 3523.28 | 3523.28    0.0   2885     0 |    1.18   6.99   0.03  -1.17
0  6.04e+06 3523.28 | 3515.30    0.0   2885     0 |    1.18   7.70   0.05  -1.17
0  6.09e+06 3536.37 |
成功率：87.8%, 提交量大于阈值的概率：1.25580%, 超供率：81.8%, 超供程度：70.2%, 超供平均值：4.8, 方差：88.7
0  6.09e+06 3536.37 | 3536.37    0.0   2885     0 |    1.19   8.66   0.04  -1.17
0  6.11e+06 3621.73 |
成功率：87.0%, 提交量大于阈值的概率：1.23782%, 超供率：80.8%, 超供程度：69.5%, 超供平均值：4.7, 方差：82.8
0  6.11e+06 3621.73 | 3621.73    0.0   2885     0 |    1.20   8.12   0.16  -1.17
0  6.13e+06 3627.67 |
成功率：86.8%, 提交量大于阈值的概率：1.21290%, 超供率：80.5%, 超供程度：69.4%, 超供平均值：4.7, 方差：82.6
0  6.13e+06 3627.67 | 3627.67    0.0   2885     0 |    1.21   6.81   0.13  -1.17
0  6.15e+06 3631.18 |
成功率：87.0%, 提交量大于阈值的概率：1.23387%, 超供率：80.7%, 超供程度：69.5%, 超供平均值：4.7, 方差：81.4
0  6.15e+06 3631.18 | 3631.18    0.0   2885     0 |    1.22   8.17   0.05  -1.17
0  6.17e+06 3649.88 |
成功率：86.7%, 提交量大于阈值的概率：1.22943%, 超供率：80.2%, 超供程度：69.4%, 超供平均值：4.7, 方差：79.7
0  6.17e+06 3649.88 | 3649.88    0.0   2885     0 |    1.21   8.69   0.08  -1.16
0  6.20e+06 3649.88 | 3646.34    0.0   2885     0 |    1.22   6.55   0.03  -1.17
0  6.25e+06 3672.95 |
成功率：86.4%, 提交量大于阈值的概率：1.22341%, 超供率：80.2%, 超供程度：69.4%, 超供平均值：4.7, 方差：76.7
0  6.25e+06 3672.95 | 3672.95    0.0   2885     0 |    1.23   6.97  -0.01  -1.16
0  6.27e+06 3710.45 |
成功率：86.0%, 提交量大于阈值的概率：1.21318%, 超供率：79.9%, 超供程度：69.2%, 超供平均值：4.7, 方差：73.8
0  6.27e+06 3710.45 | 3710.45    0.0   2885     0 |    1.24   7.72   0.04  -1.17
0  6.30e+06 3728.70 |
成功率：85.9%, 提交量大于阈值的概率：1.21480%, 超供率：79.7%, 超供程度：69.0%, 超供平均值：4.7, 方差：72.6
0  6.30e+06 3728.70 | 3728.70    0.0   2885     0 |    1.25   7.25   0.06  -1.16
0  6.32e+06 3777.24 |
成功率：85.3%, 提交量大于阈值的概率：1.20596%, 超供率：79.0%, 超供程度：69.0%, 超供平均值：4.7, 方差：68.9
0  6.32e+06 3777.24 | 3777.24    0.0   2885     0 |    1.26   8.52   0.15  -1.16
0  6.34e+06 3802.19 |
成功率：85.5%, 提交量大于阈值的概率：1.21792%, 超供率：79.2%, 超供程度：69.0%, 超供平均值：4.7, 方差：68.2
0  6.34e+06 3802.19 | 3802.19    0.0   2885     0 |    1.27   7.80   0.09  -1.16
0  6.36e+06 3830.14 |
成功率：85.0%, 提交量大于阈值的概率：1.20446%, 超供率：78.5%, 超供程度：68.7%, 超供平均值：4.7, 方差：65.6
0  6.36e+06 3830.14 | 3830.14    0.0   2885     0 |    1.28   6.92   0.05  -1.16
0  6.39e+06 3861.73 |
成功率：84.6%, 提交量大于阈值的概率：1.17819%, 超供率：77.8%, 超供程度：68.4%, 超供平均值：4.7, 方差：63.7
0  6.39e+06 3861.73 | 3861.73    0.0   2885     0 |    1.29   7.89   0.19  -1.16
0  6.41e+06 3869.51 |
成功率：84.5%, 提交量大于阈值的概率：1.17366%, 超供率：77.5%, 超供程度：68.0%, 超供平均值：4.6, 方差：64.2
0  6.41e+06 3869.51 | 3869.51    0.0   2885     0 |    1.29   7.34   0.04  -1.16
0  6.43e+06 3869.51 | 3851.94    0.0   2885     0 |    1.29   7.12   0.12  -1.16
0  6.49e+06 3886.03 |
成功率：84.2%, 提交量大于阈值的概率：1.15054%, 超供率：76.9%, 超供程度：67.8%, 超供平均值：4.6, 方差：63.3
0  6.49e+06 3886.03 | 3886.03    0.0   2885     0 |    1.31   7.10   0.03  -1.16
0  6.51e+06 3907.32 |
成功率：84.5%, 提交量大于阈值的概率：1.16880%, 超供率：77.2%, 超供程度：67.7%, 超供平均值：4.6, 方差：62.6
0  6.51e+06 3907.32 | 3907.32    0.0   2885     0 |    1.30   6.88  -0.00  -1.16
0  6.53e+06 3919.26 |
成功率：84.3%, 提交量大于阈值的概率：1.15824%, 超供率：76.7%, 超供程度：67.5%, 超供平均值：4.6, 方差：61.7
0  6.53e+06 3919.26 | 3919.26    0.0   2885     0 |    1.32   8.90   0.06  -1.16
0  6.56e+06 3930.17 |
成功率：84.6%, 提交量大于阈值的概率：1.17580%, 超供率：76.7%, 超供程度：67.2%, 超供平均值：4.6, 方差：62.0
0  6.56e+06 3930.17 | 3930.17    0.0   2885     0 |    1.32   6.58   0.11  -1.16
0  6.58e+06 3930.17 | 3922.74    0.0   2885     0 |    1.32   6.87   0.16  -1.16
0  6.63e+06 3950.98 |
成功率：84.4%, 提交量大于阈值的概率：1.17304%, 超供率：76.1%, 超供程度：66.8%, 超供平均值：4.6, 方差：60.8
0  6.63e+06 3950.98 | 3950.98    0.0   2885     0 |    1.32   6.45  -0.00  -1.16
0  6.65e+06 3958.03 |
成功率：84.7%, 提交量大于阈值的概率：1.20320%, 超供率：76.7%, 超供程度：67.1%, 超供平均值：4.6, 方差：60.6
0  6.65e+06 3958.03 | 3958.03    0.0   2885     0 |    1.32   7.85   0.05  -1.16
0  6.68e+06 3961.29 |
成功率：84.6%, 提交量大于阈值的概率：1.18883%, 超供率：76.4%, 超供程度：67.0%, 超供平均值：4.6, 方差：60.7
0  6.68e+06 3961.29 | 3961.29    0.0   2885     0 |    1.32   6.71   0.02  -1.16
0  6.70e+06 4005.51 |
成功率：84.3%, 提交量大于阈值的概率：1.17633%, 超供率：76.0%, 超供程度：66.8%, 超供平均值：4.5, 方差：58.2
0  6.70e+06 4005.51 | 4005.51    0.0   2885     0 |    1.34   6.46   0.06  -1.15
0  6.72e+06 4052.73 |
成功率：83.5%, 提交量大于阈值的概率：1.12560%, 超供率：75.3%, 超供程度：66.6%, 超供平均值：4.5, 方差：54.7
0  6.72e+06 4052.73 | 4052.73    0.0   2885     0 |    1.36   7.57   0.02  -1.15
0  6.75e+06 4052.73 | 4030.66    0.0   2885     0 |    1.35   6.72   0.10  -1.15
0  6.79e+06 4052.73 | 4046.72    0.0   2885     0 |    1.35   6.87   0.09  -1.15
0  6.84e+06 4052.73 | 4049.48    0.0   2885     0 |    1.35   7.09   0.12  -1.16
0  6.89e+06 4076.25 |
成功率：83.6%, 提交量大于阈值的概率：1.13537%, 超供率：75.3%, 超供程度：66.1%, 超供平均值：4.5, 方差：53.9
0  6.89e+06 4076.25 | 4076.25    0.0   2885     0 |    1.36   7.46   0.00  -1.16
0  6.91e+06 4123.22 |
成功率：83.0%, 提交量大于阈值的概率：1.09515%, 超供率：74.5%, 超供程度：65.7%, 超供平均值：4.5, 方差：51.1
0  6.91e+06 4123.22 | 4123.22    0.0   2885     0 |    1.38   6.90   0.09  -1.16
0  6.94e+06 4123.32 |
成功率：83.3%, 提交量大于阈值的概率：1.13150%, 超供率：74.8%, 超供程度：65.9%, 超供平均值：4.5, 方差：51.7
0  6.94e+06 4123.32 | 4123.32    0.0   2885     0 |    1.38   6.39   0.06  -1.16
0  6.96e+06 4123.32 | 4114.19    0.0   2885     0 |    1.38   7.00   0.12  -1.16
0  7.01e+06 4136.92 |
成功率：83.3%, 提交量大于阈值的概率：1.12548%, 超供率：74.5%, 超供程度：65.6%, 超供平均值：4.5, 方差：51.2
0  7.01e+06 4136.92 | 4136.92    0.0   2885     0 |    1.38   6.61  -0.01  -1.15
0  7.03e+06 4136.92 | 4127.88    0.0   2885     0 |    1.38   7.00   0.07  -1.15
0  7.09e+06 4136.92 | 4133.65    0.0   2885     0 |    1.38   6.52   0.03  -1.16
0  7.14e+06 4170.70 |
成功率：83.7%, 提交量大于阈值的概率：1.17157%, 超供率：74.9%, 超供程度：65.1%, 超供平均值：4.5, 方差：50.8
0  7.14e+06 4170.70 | 4170.70    0.0   2885     0 |    1.39   7.13   0.14  -1.16
0  7.16e+06 4170.70 | 4156.27    0.0   2885     0 |    1.39   6.39   0.14  -1.17
0  7.21e+06 4170.70 | 4160.58    0.0   2885     0 |    1.39   6.40  -0.01  -1.16
0  7.26e+06 4172.52 |
成功率：84.0%, 提交量大于阈值的概率：1.21293%, 超供率：75.3%, 超供程度：65.3%, 超供平均值：4.5, 方差：50.7
0  7.26e+06 4172.52 | 4172.52    0.0   2885     0 |    1.40   7.67   0.19  -1.16
0  7.28e+06 4219.96 |
成功率：83.5%, 提交量大于阈值的概率：1.18102%, 超供率：74.6%, 超供程度：64.9%, 超供平均值：4.4, 方差：48.5
0  7.28e+06 4219.96 | 4219.96    0.0   2885     0 |    1.41   7.32   0.07  -1.16
0  7.31e+06 4234.96 |
成功率：83.4%, 提交量大于阈值的概率：1.18675%, 超供率：74.3%, 超供程度：64.7%, 超供平均值：4.4, 方差：47.8
0  7.31e+06 4234.96 | 4234.96    0.0   2885     0 |    1.42   6.73   0.17  -1.16
0  7.33e+06 4238.55 |
成功率：83.4%, 提交量大于阈值的概率：1.20016%, 超供率：74.3%, 超供程度：64.6%, 超供平均值：4.4, 方差：47.8
0  7.33e+06 4238.55 | 4238.55    0.0   2885     0 |    1.42   6.31   0.01  -1.16
0  7.35e+06 4238.55 | 4221.86    0.0   2885     0 |    1.41   6.16   0.06  -1.15
0  7.40e+06 4238.55 | 4223.72    0.0   2885     0 |    1.40   7.35   0.03  -1.16
0  7.46e+06 4255.51 |
成功率：83.2%, 提交量大于阈值的概率：1.17911%, 超供率：73.8%, 超供程度：64.1%, 超供平均值：4.4, 方差：47.3
0  7.46e+06 4255.51 | 4255.51    0.0   2885     0 |    1.42   6.72   0.16  -1.16
0  7.48e+06 4269.00 |
成功率：83.1%, 提交量大于阈值的概率：1.17500%, 超供率：73.8%, 超供程度：64.0%, 超供平均值：4.4, 方差：46.7
0  7.48e+06 4269.00 | 4269.00    0.0   2885     0 |    1.42   6.90   0.05  -1.17
0  7.50e+06 4269.00 | 4223.55    0.0   2885     0 |    1.42   7.08   0.03  -1.17
0  7.55e+06 4269.00 | 4210.66    0.0   2885     0 |    1.41   6.96   0.06  -1.16
0  7.61e+06 4269.00 | 4241.42    0.0   2885     0 |    1.41   7.37   0.00  -1.16
0  7.66e+06 4287.61 |
成功率：83.5%, 提交量大于阈值的概率：1.20605%, 超供率：73.6%, 超供程度：63.8%, 超供平均值：4.4, 方差：47.0
0  7.66e+06 4287.61 | 4287.61    0.0   2885     0 |    1.43   7.36  -0.00  -1.17
0  7.68e+06 4311.09 |
成功率：82.8%, 提交量大于阈值的概率：1.14387%, 超供率：72.7%, 超供程度：63.3%, 超供平均值：4.3, 方差：45.2
0  7.68e+06 4311.09 | 4311.09    0.0   2885     0 |    1.44   7.83   0.02  -1.17
0  7.70e+06 4311.09 | 4305.24    0.0   2885     0 |    1.44   7.16   0.12  -1.16
0  7.76e+06 4311.09 | 4286.90    0.0   2885     0 |    1.44   6.16   0.05  -1.16
0  7.81e+06 4364.82 |
成功率：82.0%, 提交量大于阈值的概率：1.04790%, 超供率：71.5%, 超供程度：62.4%, 超供平均值：4.3, 方差：41.2
0  7.81e+06 4364.82 | 4364.82    0.0   2885     0 |    1.45   6.39   0.14  -1.16
0  7.83e+06 4376.35 |
成功率：81.7%, 提交量大于阈值的概率：1.00359%, 超供率：71.1%, 超供程度：62.2%, 超供平均值：4.3, 方差：40.0
0  7.83e+06 4376.35 | 4376.35    0.0   2885     0 |    1.45   6.80   0.09  -1.16
0  7.85e+06 4379.82 |
成功率：81.8%, 提交量大于阈值的概率：1.04520%, 超供率：70.9%, 超供程度：62.1%, 超供平均值：4.3, 方差：40.2
0  7.85e+06 4379.82 | 4379.82    0.0   2885     0 |    1.46   6.54   0.06  -1.16
0  7.88e+06 4379.82 | 4378.60    0.0   2885     0 |    1.47   6.10   0.06  -1.16
0  7.93e+06 4386.62 |
成功率：81.7%, 提交量大于阈值的概率：1.03668%, 超供率：70.5%, 超供程度：61.5%, 超供平均值：4.2, 方差：39.7
0  7.93e+06 4386.62 | 4386.62    0.0   2885     0 |    1.47   6.26   0.07  -1.16
0  7.95e+06 4411.64 |
成功率：81.1%, 提交量大于阈值的概率：0.94387%, 超供率：69.8%, 超供程度：61.2%, 超供平均值：4.2, 方差：37.8
0  7.95e+06 4411.64 | 4411.64    0.0   2885     0 |    1.47   5.89   0.03  -1.16
0  7.97e+06 4411.64 | 4396.45    0.0   2885     0 |    1.47   6.30   0.15  -1.15
0  8.03e+06 4411.80 |
成功率：81.2%, 提交量大于阈值的概率：0.96954%, 超供率：69.4%, 超供程度：60.8%, 超供平均值：4.2, 方差：38.4
0  8.03e+06 4411.80 | 4411.80    0.0   2885     0 |    1.47   7.42   0.09  -1.16
0  8.05e+06 4422.64 |
成功率：81.2%, 提交量大于阈值的概率：0.98188%, 超供率：69.2%, 超供程度：60.5%, 超供平均值：4.1, 方差：38.3
0  8.05e+06 4422.64 | 4422.64    0.0   2885     0 |    1.47   6.66   0.08  -1.15
0  8.07e+06 4422.64 | 4415.80    0.0   2885     0 |    1.48   6.61   0.13  -1.15
0  8.11e+06 4444.48 |
成功率：80.8%, 提交量大于阈值的概率：0.90189%, 超供率：68.6%, 超供程度：60.2%, 超供平均值：4.1, 方差：36.8
0  8.11e+06 4444.48 | 4444.48    0.0   2885     0 |    1.48   7.10   0.00  -1.15
0  8.14e+06 4463.78 |
成功率：80.7%, 提交量大于阈值的概率：0.88523%, 超供率：68.4%, 超供程度：60.0%, 超供平均值：4.1, 方差：35.9
0  8.14e+06 4463.78 | 4463.78    0.0   2885     0 |    1.48   7.78   0.16  -1.14
0  8.15e+06 4463.78 | 4460.08    0.0   2885     0 |    1.48   6.07   0.17  -1.14
0  8.21e+06 4463.78 | 4454.22    0.0   2885     0 |    1.48   7.12   0.05  -1.15
0  8.25e+06 4489.10 |
成功率：80.4%, 提交量大于阈值的概率：0.80909%, 超供率：67.9%, 超供程度：59.8%, 超供平均值：4.1, 方差：34.6
0  8.25e+06 4489.10 | 4489.10    0.0   2886     0 |    1.50   7.88   0.09  -1.15
0  8.27e+06 4489.10 | 4477.94    0.0   2885     0 |    1.49   6.54  -0.00  -1.14
0  8.33e+06 4489.94 |
成功率：81.2%, 提交量大于阈值的概率：0.97822%, 超供率：68.7%, 超供程度：60.1%, 超供平均值：4.1, 方差：36.0
0  8.33e+06 4489.94 | 4489.94    0.0   2885     0 |    1.50   6.90   0.14  -1.15
0  8.35e+06 4496.25 |
成功率：81.3%, 提交量大于阈值的概率：0.98497%, 超供率：68.8%, 超供程度：60.1%, 超供平均值：4.1, 方差：35.9
0  8.35e+06 4496.25 | 4496.25    0.0   2885     0 |    1.50   7.83   0.06  -1.15
0  8.37e+06 4506.02 |
成功率：81.2%, 提交量大于阈值的概率：0.95555%, 超供率：68.7%, 超供程度：60.2%, 超供平均值：4.1, 方差：35.7
0  8.37e+06 4506.02 | 4506.02    0.0   2885     0 |    1.49   6.16   0.03  -1.15
0  8.40e+06 4506.02 | 4493.32    0.0   2885     0 |    1.50   7.49   0.14  -1.15
0  8.45e+06 4509.65 |
成功率：80.6%, 提交量大于阈值的概率：0.88870%, 超供率：68.1%, 超供程度：60.2%, 超供平均值：4.1, 方差：34.1
0  8.45e+06 4509.65 | 4509.65    0.0   2885     0 |    1.50   6.44   0.10  -1.15
0  8.47e+06 4509.65 | 4496.54    0.0   2885     0 |    1.50   6.25   0.03  -1.16
0  8.52e+06 4509.65 | 4477.46    0.0   2885     0 |    1.50   6.83   0.13  -1.16
0  8.57e+06 4509.65 | 4504.23    0.0   2885     0 |    1.50   6.60   0.11  -1.17
0  8.62e+06 4509.65 | 4488.96    0.0   2885     0 |    1.49   6.65   0.15  -1.16
0  8.67e+06 4509.65 | 4453.37    0.0   2885     0 |    1.49   6.84   0.08  -1.16
0  8.72e+06 4509.65 | 4429.21    0.0   2885     0 |    1.48   6.89   0.11  -1.16
0  8.78e+06 4509.65 | 4470.32    0.0   2885     0 |    1.49   6.56   0.04  -1.17
0  8.82e+06 4509.65 | 4463.96    0.0   2885     0 |    1.49   6.86   0.12  -1.16
0  8.87e+06 4509.65 | 4479.26    0.0   2885     0 |    1.50   6.86   0.27  -1.16
0  8.93e+06 4509.65 | 4473.22    0.0   2885     0 |    1.49   5.85  -0.02  -1.15
0  8.98e+06 4509.65 | 4482.62    0.0   2885     0 |    1.49   6.23   0.02  -1.15
0  9.03e+06 4509.65 | 4474.59    0.0   2885     0 |    1.49   6.85   0.05  -1.15
0  9.08e+06 4511.25 |
成功率：80.3%, 提交量大于阈值的概率：0.74743%, 超供率：67.5%, 超供程度：60.4%, 超供平均值：4.1, 方差：33.6
0  9.08e+06 4511.25 | 4511.25    0.0   2885     0 |    1.50   6.37   0.18  -1.15
0  9.10e+06 4511.25 | 4472.35    0.0   2886     0 |    1.49   6.77   0.07  -1.15
0  9.15e+06 4511.25 | 4483.30    0.0   2886     0 |    1.49   6.79   0.04  -1.16
0  9.19e+06 4511.25 | 4489.89    0.0   2886     0 |    1.49   6.82   0.09  -1.16
0  9.24e+06 4511.25 | 4488.07    0.0   2886     0 |    1.49   7.21   0.14  -1.15
0  9.30e+06 4511.25 | 4390.84    0.0   2886     0 |    1.48   6.97   0.11  -1.15
0  9.34e+06 4511.25 | 4382.84    0.0   2886     0 |    1.47   7.72   0.04  -1.14
0  9.39e+06 4511.25 | 4445.23    0.0   2885     0 |    1.49   6.27   0.09  -1.15
0  9.44e+06 4511.25 | 4503.93    0.0   2885     0 |    1.50   7.31   0.06  -1.14
0  9.49e+06 4511.25 | 4482.09    0.0   2885     0 |    1.50   6.88   0.20  -1.15
0  9.53e+06 4527.02 |
成功率：80.0%, 提交量大于阈值的概率：0.72649%, 超供率：65.8%, 超供程度：58.5%, 超供平均值：4.0, 方差：33.4
0  9.53e+06 4527.02 | 4527.02    0.0   2886     0 |    1.50   6.77   0.19  -1.15
0  9.56e+06 4542.26 |
成功率：80.6%, 提交量大于阈值的概率：0.81983%, 超供率：66.3%, 超供程度：58.6%, 超供平均值：4.0, 方差：34.3
0  9.56e+06 4542.26 | 4542.26    0.0   2885     0 |    1.51   6.88   0.12  -1.14
0  9.57e+06 4542.26 | 4537.66    0.0   2886     0 |    1.50   6.91   0.08  -1.14
0  9.63e+06 4542.26 | 4535.66    0.0   2885     0 |    1.50   6.86   0.07  -1.15
0  9.68e+06 4542.26 | 4508.34    0.0   2886     0 |    1.50   6.79   0.16  -1.15
0  9.73e+06 4542.26 | 4476.83    0.0   2886     0 |    1.49   6.00   0.01  -1.15
0  9.78e+06 4542.26 | 4488.32    0.0   2886     0 |    1.50   7.69   0.14  -1.16
0  9.83e+06 4542.26 | 4523.08    0.0   2886     0 |    1.51   6.94   0.05  -1.16
0  9.87e+06 4542.26 | 4536.90    0.0   2886     0 |    1.51   6.05   0.07  -1.16
0  9.92e+06 4542.26 | 4527.18    0.0   2886     0 |    1.51   6.55   0.12  -1.16
0  9.97e+06 4542.26 | 4516.19    0.0   2886     0 |    1.51   7.24   0.08  -1.16
0  1.00e+07 4542.26 | 4502.71    0.0   2886     0 |    1.50   6.73   0.25  -1.15
0  1.01e+07 4542.26 | 4491.63    0.0   2886     0 |    1.50   6.12   0.12  -1.16
0  1.01e+07 4542.26 | 4520.76    0.0   2886     0 |    1.51   6.26   0.07  -1.16
0  1.02e+07 4542.26 | 4534.22    0.0   2886     0 |    1.51   5.84   0.05  -1.15
0  1.02e+07 4542.26 | 4510.66    0.0   2885     0 |    1.50   6.93   0.08  -1.16
0  1.03e+07 4542.26 | 4510.55    0.0   2886     0 |    1.51   6.62   0.13  -1.15
0  1.03e+07 4542.26 | 4528.79    0.0   2886     0 |    1.50   7.35   0.14  -1.15
0  1.04e+07 4542.26 | 4526.97    0.0   2886     0 |    1.51   5.80   0.07  -1.16
0  1.04e+07 4543.26 |
成功率：79.8%, 提交量大于阈值的概率：0.64964%, 超供率：63.8%, 超供程度：56.4%, 超供平均值：3.9, 方差：32.5
0  1.04e+07 4543.26 | 4543.26    0.0   2886     0 |    1.51   6.52  -0.00  -1.16
0  1.04e+07 4543.26 | 4523.64    0.0   2886     0 |    1.51   7.46   0.07  -1.16
0  1.05e+07 4543.26 | 4538.11    0.0   2886     0 |    1.51   7.15   0.14  -1.16
0  1.05e+07 4555.30 |
成功率：80.1%, 提交量大于阈值的概率：0.73889%, 超供率：63.9%, 超供程度：56.3%, 超供平均值：3.9, 方差：33.7
0  1.05e+07 4555.30 | 4555.30    0.0   2886     0 |    1.52   6.56   0.06  -1.16
0  1.06e+07 4562.09 |
成功率：80.4%, 提交量大于阈值的概率：0.77908%, 超供率：64.0%, 超供程度：56.0%, 超供平均值：3.8, 方差：34.8
0  1.06e+07 4562.09 | 4562.09    0.0   2886     0 |    1.52   5.88   0.11  -1.17
0  1.06e+07 4564.62 |
成功率：80.1%, 提交量大于阈值的概率：0.74076%, 超供率：63.8%, 超供程度：56.0%, 超供平均值：3.8, 方差：33.2
0  1.06e+07 4564.62 | 4564.62    0.0   2886     0 |    1.52   6.84   0.14  -1.17
0  1.06e+07 4564.62 | 4549.38    0.0   2886     0 |    1.52   7.16   0.00  -1.16
0  1.07e+07 4564.62 | 4559.44    0.0   2886     0 |    1.52   6.54   0.01  -1.16
0  1.07e+07 4567.19 |
成功率：80.3%, 提交量大于阈值的概率：0.76907%, 超供率：63.7%, 超供程度：56.4%, 超供平均值：3.9, 方差：33.9
0  1.07e+07 4567.19 | 4567.19    0.0   2886     0 |    1.52   6.68  -0.01  -1.16
0  1.07e+07 4567.19 | 4564.85    0.0   2886     0 |    1.52   6.36   0.15  -1.15
0  1.08e+07 4567.61 |
成功率：80.5%, 提交量大于阈值的概率：0.82047%, 超供率：63.8%, 超供程度：56.1%, 超供平均值：3.9, 方差：34.4
0  1.08e+07 4567.61 | 4567.61    0.0   2886     0 |    1.53   7.03   0.12  -1.16
0  1.08e+07 4580.41 |
成功率：80.6%, 提交量大于阈值的概率：0.86322%, 超供率：63.8%, 超供程度：56.3%, 超供平均值：3.9, 方差：34.5
0  1.08e+07 4580.41 | 4580.41    0.0   2886     0 |    1.53   6.57   0.05  -1.16
0  1.08e+07 4580.41 | 4574.76    0.0   2886     0 |    1.52   6.04   0.06  -1.16
0  1.09e+07 4580.41 | 4571.61    0.0   2886     0 |    1.53   6.51   0.06  -1.16
0  1.09e+07 4580.41 | 4575.94    0.0   2886     0 |    1.52   5.79   0.03  -1.16
0  1.10e+07 4580.41 | 4559.82    0.0   2886     0 |    1.52   6.58   0.07  -1.17
0  1.10e+07 4580.41 | 4554.95    0.0   2886     0 |    1.52   6.27   0.12  -1.16
0  1.11e+07 4580.41 | 4559.80    0.0   2886     0 |    1.52   6.87   0.04  -1.16
0  1.11e+07 4580.41 | 4530.26    0.0   2886     0 |    1.52   6.65   0.12  -1.16
0  1.12e+07 4580.41 | 4529.54    0.0   2886     0 |    1.51   5.91   0.18  -1.16
0  1.12e+07 4580.41 | 4532.44    0.0   2886     0 |    1.51   6.82   0.15  -1.15
0  1.13e+07 4580.41 | 4552.33    0.0   2886     0 |    1.52   6.67   0.12  -1.16
0  1.13e+07 4580.41 | 4535.24    0.0   2886     0 |    1.52   5.26   0.07  -1.16
0  1.14e+07 4580.41 | 4533.22    0.0   2886     0 |    1.52   5.86   0.08  -1.16
0  1.14e+07 4580.41 | 4547.44    0.0   2886     0 |    1.52   7.08   0.13  -1.16
0  1.15e+07 4580.41 | 4525.06    0.0   2886     0 |    1.52   6.13   0.03  -1.16
0  1.15e+07 4580.41 | 4527.63    0.0   2885     0 |    1.52   7.56   0.22  -1.17
0  1.16e+07 4580.41 | 4546.04    0.0   2885     0 |    1.52   6.12   0.19  -1.16
0  1.16e+07 4580.41 | 4532.55    0.0   2885     0 |    1.52   6.48   0.14  -1.16
0  1.17e+07 4580.41 | 4547.30    0.0   2885     0 |    1.52   6.98   0.08  -1.17
0  1.17e+07 4580.41 | 4541.21    0.0   2886     0 |    1.52   6.40   0.12  -1.17
0  1.18e+07 4580.41 | 4526.74    0.0   2886     0 |    1.52   6.48   0.09  -1.17
0  1.18e+07 4580.41 | 4525.13    0.0   2885     0 |    1.52   6.29   0.18  -1.17
0  1.19e+07 4580.41 | 4521.11    0.0   2886     0 |    1.52   6.61   0.17  -1.17
0  1.19e+07 4580.41 | 4528.89    0.0   2885     0 |    1.52   6.51   0.05  -1.16
0  1.20e+07 4580.41 | 4535.35    0.0   2886     0 |    1.52   6.46   0.12  -1.16
0  1.20e+07 4580.41 | 4559.16    0.0   2885     0 |    1.53   6.99   0.16  -1.16
0  1.21e+07 4580.41 | 4566.10    0.0   2886     0 |    1.53   7.26   0.12  -1.16
0  1.21e+07 4580.41 | 4540.96    0.0   2886     0 |    1.53   6.12   0.07  -1.16
0  1.22e+07 4580.41 | 4561.78    0.0   2886     0 |    1.53   6.25   0.27  -1.16
0  1.22e+07 4580.41 | 4571.41    0.0   2886     0 |    1.53   6.79   0.06  -1.16
0  1.23e+07 4581.45 |
成功率：80.7%, 提交量大于阈值的概率：0.79675%, 超供率：63.4%, 超供程度：55.6%, 超供平均值：3.8, 方差：35.9
0  1.23e+07 4581.45 | 4581.45    0.0   2886     0 |    1.53   6.54  -0.02  -1.17
0  1.23e+07 4581.45 | 4580.85    0.0   2886     0 |    1.54   6.62   0.03  -1.17
0  1.24e+07 4587.88 |
成功率：80.5%, 提交量大于阈值的概率：0.77241%, 超供率：62.4%, 超供程度：54.7%, 超供平均值：3.8, 方差：35.6
0  1.24e+07 4587.88 | 4587.88    0.0   2887     0 |    1.53   6.21   0.11  -1.16
0  1.24e+07 4587.88 | 4585.89    0.0   2886     0 |    1.53   5.91   0.14  -1.17
0  1.24e+07 4587.88 | 4568.26    0.0   2886     0 |    1.54   6.96   0.14  -1.17
0  1.25e+07 4587.88 | 4573.22    0.0   2886     0 |    1.54   6.58   0.11  -1.16
0  1.25e+07 4587.88 | 4559.29    0.0   2886     0 |    1.54   6.07  -0.05  -1.16
0  1.26e+07 4587.88 | 4559.20    0.0   2887     0 |    1.54   5.74   0.12  -1.17
0  1.26e+07 4587.88 | 4566.01    0.0   2887     0 |    1.53   5.44   0.10  -1.17
0  1.27e+07 4587.88 | 4569.52    0.0   2887     0 |    1.54   6.04   0.04  -1.16
0  1.27e+07 4587.88 | 4577.50    0.0   2887     0 |    1.54   7.03   0.02  -1.17
0  1.28e+07 4587.88 | 4581.63    0.0   2887     0 |    1.54   5.33   0.13  -1.17
0  1.28e+07 4591.14 |
成功率：80.4%, 提交量大于阈值的概率：0.78045%, 超供率：60.7%, 超供程度：53.1%, 超供平均值：3.7, 方差：36.4
0  1.28e+07 4591.14 | 4591.14    0.0   2887     0 |    1.54   5.86   0.19  -1.17
0  1.28e+07 4593.76 |
成功率：80.9%, 提交量大于阈值的概率：0.83821%, 超供率：61.2%, 超供程度：53.2%, 超供平均值：3.7, 方差：38.2
0  1.28e+07 4593.76 | 4593.76    0.0   2887     0 |    1.54   6.87   0.07  -1.17
0  1.28e+07 4593.76 | 4585.50    0.0   2887     0 |    1.54   6.05   0.03  -1.16
0  1.29e+07 4593.76 | 4579.99    0.0   2887     0 |    1.54   6.94   0.12  -1.16
0  1.29e+07 4593.76 | 4585.77    0.0   2887     0 |    1.54   5.79   0.06  -1.16
0  1.30e+07 4601.52 |
成功率：80.4%, 提交量大于阈值的概率：0.80459%, 超供率：61.2%, 超供程度：53.5%, 超供平均值：3.7, 方差：34.8
0  1.30e+07 4601.52 | 4601.52    0.0   2887     0 |    1.55   6.05   0.07  -1.16
0  1.30e+07 4601.52 | 4592.83    0.0   2886     0 |    1.55   5.26   0.02  -1.15
0  1.31e+07 4605.35 |
成功率：80.5%, 提交量大于阈值的概率：0.79914%, 超供率：61.5%, 超供程度：53.6%, 超供平均值：3.7, 方差：34.1
0  1.31e+07 4605.35 | 4605.35    0.0   2886     0 |    1.55   6.45   0.06  -1.16
0  1.31e+07 4605.35 | 4603.83    0.0   2886     0 |    1.55   5.95   0.10  -1.16
0  1.31e+07 4617.08 |
成功率：80.6%, 提交量大于阈值的概率：0.83259%, 超供率：61.4%, 超供程度：53.6%, 超供平均值：3.7, 方差：34.6
0  1.31e+07 4617.08 | 4617.08    0.0   2887     0 |    1.55   7.00   0.16  -1.16
0  1.31e+07 4617.08 | 4615.26    0.0   2887     0 |    1.55   6.83   0.11  -1.16
0  1.32e+07 4617.08 | 4616.72    0.0   2887     0 |    1.55   6.79   0.04  -1.17
0  1.32e+07 4617.08 | 4602.52    0.0   2886     0 |    1.55   7.16   0.09  -1.16
0  1.33e+07 4617.08 | 4597.94    0.0   2887     0 |    1.55   5.62   0.01  -1.16
0  1.33e+07 4617.08 | 4588.82    0.0   2887     0 |    1.54   6.19   0.19  -1.16
0  1.34e+07 4617.08 | 4582.09    0.0   2886     0 |    1.55   6.28  -0.01  -1.16
0  1.34e+07 4617.08 | 4580.10    0.0   2886     0 |    1.54   5.58   0.20  -1.16
0  1.35e+07 4617.08 | 4592.58    0.0   2886     0 |    1.54   5.98   0.24  -1.16
0  1.35e+07 4617.08 | 4592.70    0.0   2886     0 |    1.55   6.02   0.03  -1.16
0  1.36e+07 4617.08 | 4592.72    0.0   2886     0 |    1.55   7.31  -0.00  -1.15
0  1.36e+07 4617.08 | 4599.47    0.0   2886     0 |    1.55   5.81   0.04  -1.16
0  1.37e+07 4617.08 | 4604.99    0.0   2886     0 |    1.55   5.84   0.21  -1.16
0  1.37e+07 4617.08 | 4603.75    0.0   2886     0 |    1.55   6.10   0.11  -1.16
0  1.38e+07 4617.08 | 4586.08    0.0   2886     0 |    1.55   6.41   0.11  -1.16
0  1.38e+07 4617.08 | 4606.43    0.0   2886     0 |    1.55   7.27   0.12  -1.16
0  1.38e+07 4617.08 | 4585.62    0.0   2886     0 |    1.55   6.58   0.06  -1.16
0  1.39e+07 4617.08 | 4588.93    0.0   2886     0 |    1.55   7.33  -0.04  -1.15
0  1.39e+07 4617.08 | 4557.90    0.0   2886     0 |    1.54   6.44   0.08  -1.16
0  1.40e+07 4617.08 | 4546.50    0.0   2886     0 |    1.53   7.16   0.17  -1.16
0  1.40e+07 4617.08 | 4545.18    0.0   2886     0 |    1.53   5.69  -0.03  -1.16
0  1.41e+07 4617.08 | 4560.26    0.0   2886     0 |    1.54   5.87   0.09  -1.17
0  1.41e+07 4617.08 | 4577.32    0.0   2886     0 |    1.55   5.90   0.09  -1.16
0  1.42e+07 4617.08 | 4570.67    0.0   2886     0 |    1.55   5.83   0.07  -1.16
0  1.42e+07 4617.08 | 4557.66    0.0   2886     0 |    1.54   7.83   0.11  -1.16
0  1.43e+07 4617.08 | 4568.84    0.0   2887     0 |    1.54   6.19  -0.02  -1.16
0  1.43e+07 4617.08 | 4554.39    0.0   2886     0 |    1.54   7.23   0.14  -1.17
0  1.44e+07 4617.08 | 4571.56    0.0   2886     0 |    1.55   6.20   0.10  -1.17
0  1.44e+07 4617.08 | 4588.51    0.0   2886     0 |    1.55   6.03   0.17  -1.16
0  1.45e+07 4617.08 | 4573.53    0.0   2887     0 |    1.54   5.88   0.10  -1.15
0  1.45e+07 4617.08 | 4580.95    0.0   2887     0 |    1.55   6.09   0.03  -1.15
0  1.46e+07 4617.08 | 4577.82    0.0   2887     0 |    1.54   6.47   0.06  -1.15
0  1.46e+07 4617.08 | 4569.01    0.0   2887     0 |    1.55   6.03   0.13  -1.16
0  1.47e+07 4617.08 | 4586.16    0.0   2887     0 |    1.55   5.68   0.05  -1.16
0  1.47e+07 4617.08 | 4597.40    0.0   2887     0 |    1.55   5.84   0.17  -1.16
0  1.48e+07 4617.08 | 4592.15    0.0   2887     0 |    1.55   6.72   0.03  -1.16
0  1.48e+07 4617.08 | 4593.46    0.0   2887     0 |    1.56   6.37   0.02  -1.17
0  1.49e+07 4617.08 | 4606.00    0.0   2887     0 |    1.56   5.97   0.20  -1.16
0  1.49e+07 4617.08 | 4597.60    0.0   2887     0 |    1.56   5.56   0.06  -1.16
0  1.50e+07 4621.40 |
成功率：81.1%, 提交量大于阈值的概率：0.88648%, 超供率：61.3%, 超供程度：54.7%, 超供平均值：3.8, 方差：35.6
0  1.50e+07 4621.40 | 4621.40    0.0   2887     0 |    1.57   6.14   0.06  -1.16
0  1.50e+07 4621.40 | 4613.88    0.0   2887     0 |    1.56   6.33   0.08  -1.16
