################################################################################
ID     Step    maxR |    avgR   stdR   avgS  stdS |    expR   objC   etc.
0  5.77e+03 2043.06 |
成功率：98.5%, 提交量大于阈值的概率：1.26417%, 超供率：96.4%, 超供程度：83.8%, 超供平均值：5.7, 方差：202.4
0  5.77e+03 2043.06 | 2043.06    0.0   2887     0 |    0.53   2.00  -0.10  -0.50
0  2.89e+04 2158.95 |
成功率：98.5%, 提交量大于阈值的概率：1.27708%, 超供率：96.2%, 超供程度：81.4%, 超供平均值：5.5, 方差：191.2
0  2.89e+04 2158.95 | 2158.95    0.0   2887     0 |    0.62   1.41   0.05  -0.51
0  5.19e+04 2301.50 |
成功率：98.2%, 提交量大于阈值的概率：1.28034%, 超供率：95.9%, 超供程度：78.7%, 超供平均值：5.3, 方差：176.7
0  5.19e+04 2301.50 | 2301.50    0.0   2886     0 |    0.69   1.39  -0.06  -0.52
0  7.50e+04 2442.09 |
成功率：98.0%, 提交量大于阈值的概率：1.29988%, 超供率：95.5%, 超供程度：76.3%, 超供平均值：5.2, 方差：168.4
0  7.50e+04 2442.09 | 2442.09    0.0   2886     0 |    0.74   1.11   0.06  -0.53
0  9.81e+04 2584.14 |
成功率：97.5%, 提交量大于阈值的概率：1.29638%, 超供率：94.5%, 超供程度：73.3%, 超供平均值：5.0, 方差：160.0
0  9.81e+04 2584.14 | 2584.14    0.0   2886     0 |    0.79   0.95   0.11  -0.55
0  1.21e+05 2695.47 |
成功率：97.1%, 提交量大于阈值的概率：1.29891%, 超供率：93.7%, 超供程度：71.5%, 超供平均值：4.9, 方差：155.8
0  1.21e+05 2695.47 | 2695.47    0.0   2886     0 |    0.84   0.86   0.04  -0.57
0  1.39e+05 2811.56 |
成功率：96.4%, 提交量大于阈值的概率：1.29625%, 超供率：92.5%, 超供程度：69.3%, 超供平均值：4.8, 方差：149.9
0  1.39e+05 2811.56 | 2811.56    0.0   2886     0 |    0.88   0.93  -0.07  -0.58
0  1.56e+05 2972.84 |
成功率：95.6%, 提交量大于阈值的概率：1.30371%, 超供率：91.1%, 超供程度：67.5%, 超供平均值：4.7, 方差：138.4
0  1.56e+05 2972.84 | 2972.84    0.0   2887     0 |    0.93   0.72   0.06  -0.59
0  1.73e+05 3134.48 |
成功率：94.4%, 提交量大于阈值的概率：1.30189%, 超供率：89.1%, 超供程度：65.9%, 超供平均值：4.5, 方差：125.1
0  1.73e+05 3134.48 | 3134.48    0.0   2887     0 |    0.97   0.78   0.09  -0.60
0  1.90e+05 3369.88 |
成功率：92.6%, 提交量大于阈值的概率：1.28694%, 超供率：86.5%, 超供程度：64.5%, 超供平均值：4.4, 方差：109.2
0  1.90e+05 3369.88 | 3369.88    0.0   2887     0 |    1.05   0.70   0.11  -0.61
0  2.08e+05 3666.71 |
成功率：90.2%, 提交量大于阈值的概率：1.28155%, 超供率：83.2%, 超供程度：63.3%, 超供平均值：4.4, 方差：88.7
0  2.08e+05 3666.71 | 3666.71    0.0   2887     0 |    1.13   0.59   0.13  -0.63
0  2.25e+05 3970.22 |
成功率：87.6%, 提交量大于阈值的概率：1.26792%, 超供率：80.1%, 超供程度：62.5%, 超供平均值：4.3, 方差：69.2
0  2.25e+05 3970.22 | 3970.22    0.0   2887     0 |    1.21   0.49   0.10  -0.64
0  2.42e+05 4282.97 |
成功率：84.6%, 提交量大于阈值的概率：1.20043%, 超供率：76.9%, 超供程度：62.1%, 超供平均值：4.3, 方差：50.8
0  2.42e+05 4282.97 | 4282.97    0.0   2887     0 |    1.29   0.36   0.15  -0.66
0  2.60e+05 4553.52 |
成功率：82.1%, 提交量大于阈值的概率：1.11497%, 超供率：74.3%, 超供程度：62.2%, 超供平均值：4.3, 方差：37.0
0  2.60e+05 4553.52 | 4553.52    0.0   2887     0 |    1.37   0.33   0.25  -0.68
0  2.77e+05 4723.96 |
成功率：80.1%, 提交量大于阈值的概率：0.63934%, 超供率：71.9%, 超供程度：62.1%, 超供平均值：4.3, 方差：28.8
0  2.77e+05 4723.96 | 4723.96    0.0   2887     0 |    1.43   0.26   0.12  -0.71
0  2.94e+05 4733.64 |
成功率：79.1%, 提交量大于阈值的概率：0.27205%, 超供率：70.6%, 超供程度：62.2%, 超供平均值：4.3, 方差：25.5
0  2.94e+05 4733.64 | 4733.64    0.0   2887     0 |    1.46   0.21   0.05  -0.73
0  3.12e+05 4733.64 | 4668.73    0.0   2887     0 |    1.47   0.19   0.09  -0.75
0  3.58e+05 4733.64 | 4648.38    0.0   2887     0 |    1.50   0.18   0.08  -0.82
0  4.04e+05 4893.59 |
成功率：80.0%, 提交量大于阈值的概率：0.52111%, 超供率：67.7%, 超供程度：57.8%, 超供平均值：4.0, 方差：27.0
0  4.04e+05 4893.59 | 4893.59    0.0   2887     0 |    1.55   0.19   0.11  -0.87
0  4.21e+05 4898.12 |
成功率：79.8%, 提交量大于阈值的概率：0.44082%, 超供率：67.1%, 超供程度：57.7%, 超供平均值：4.0, 方差：26.5
0  4.21e+05 4898.12 | 4898.12    0.0   2887     0 |    1.57   0.23  -0.05  -0.88
0  4.39e+05 4898.12 | 4834.82    0.0   2887     0 |    1.58   0.17   0.11  -0.90
0  4.85e+05 4959.16 |
成功率：79.9%, 提交量大于阈值的概率：0.41353%, 超供率：65.2%, 超供程度：56.0%, 超供平均值：3.8, 方差：26.4
0  4.85e+05 4959.16 | 4959.16    0.0   2887     0 |    1.61   0.17  -0.12  -0.94
0  5.02e+05 4959.16 | 4955.90    0.0   2887     0 |    1.62   0.20   0.10  -0.96
0  5.48e+05 4959.16 | 4952.99    0.0   2887     0 |    1.63   0.18   0.02  -1.00
0  5.95e+05 4959.16 | 4931.51    0.0   2887     0 |    1.65   0.19  -0.02  -1.04
0  6.41e+05 4978.49 |
成功率：79.4%, 提交量大于阈值的概率：0.22598%, 超供率：62.3%, 超供程度：53.4%, 超供平均值：3.7, 方差：25.2
0  6.41e+05 4978.49 | 4978.49    0.0   2887     0 |    1.67   0.16   0.13  -1.07
0  6.58e+05 5006.55 |
成功率：79.8%, 提交量大于阈值的概率：0.34159%, 超供率：62.8%, 超供程度：53.6%, 超供平均值：3.7, 方差：26.1
0  6.58e+05 5006.55 | 5006.55    0.0   2887     0 |    1.66   0.16  -0.05  -1.08
0  6.76e+05 5018.39 |
成功率：79.8%, 提交量大于阈值的概率：0.31550%, 超供率：62.8%, 超供程度：53.5%, 超供平均值：3.7, 方差：26.0
0  6.76e+05 5018.39 | 5018.39    0.0   2887     0 |    1.68   0.16   0.03  -1.09
0  6.93e+05 5018.39 | 5007.80    0.0   2887     0 |    1.67   0.16   0.14  -1.10
0  7.39e+05 5040.29 |
成功率：80.1%, 提交量大于阈值的概率：0.43382%, 超供率：62.9%, 超供程度：53.5%, 超供平均值：3.7, 方差：27.3
0  7.39e+05 5040.29 | 5040.29    0.0   2887     0 |    1.68   0.18   0.16  -1.12
0  7.56e+05 5040.29 | 5017.52    0.0   2887     0 |    1.69   0.16   0.10  -1.13
0  8.03e+05 5040.29 | 4990.80    0.0   2887     0 |    1.69   0.13   0.02  -1.15
0  8.49e+05 5050.32 |
成功率：79.7%, 提交量大于阈值的概率：0.29604%, 超供率：61.3%, 超供程度：51.9%, 超供平均值：3.6, 方差：25.6
0  8.49e+05 5050.32 | 5050.32    0.0   2887     0 |    1.70   0.16  -0.07  -1.16
0  8.66e+05 5064.30 |
成功率：79.8%, 提交量大于阈值的概率：0.33816%, 超供率：60.8%, 超供程度：51.2%, 超供平均值：3.5, 方差：25.6
0  8.66e+05 5064.30 | 5064.30    0.0   2887     0 |    1.71   0.15   0.14  -1.17
0  8.83e+05 5064.30 | 5060.17    0.0   2887     0 |    1.71   0.14  -0.00  -1.17
0  9.30e+05 5072.05 |
成功率：79.8%, 提交量大于阈值的概率：0.31474%, 超供率：59.8%, 超供程度：50.4%, 超供平均值：3.4, 方差：25.2
0  9.30e+05 5072.05 | 5072.05    0.0   2887     0 |    1.72   0.12   0.06  -1.18
0  9.47e+05 5072.05 | 5057.24    0.0   2887     0 |    1.72   0.13   0.00  -1.18
0  9.93e+05 5081.59 |
成功率：79.6%, 提交量大于阈值的概率：0.24905%, 超供率：59.1%, 超供程度：50.0%, 超供平均值：3.4, 方差：25.0
0  9.93e+05 5081.59 | 5081.59    0.0   2887     0 |    1.73   0.12   0.08  -1.18
0  1.01e+06 5105.73 |
成功率：80.0%, 提交量大于阈值的概率：0.41690%, 超供率：59.3%, 超供程度：50.0%, 超供平均值：3.4, 方差：26.1
0  1.01e+06 5105.73 | 5105.73    0.0   2887     0 |    1.73   0.13   0.01  -1.18
0  1.03e+06 5119.21 |
成功率：80.2%, 提交量大于阈值的概率：0.47451%, 超供率：59.4%, 超供程度：49.9%, 超供平均值：3.4, 方差：26.3
0  1.03e+06 5119.21 | 5119.21    0.0   2887     0 |    1.73   0.14   0.10  -1.19
0  1.05e+06 5119.21 | 5107.09    0.0   2887     0 |    1.74   0.14  -0.04  -1.19
0  1.09e+06 5119.21 | 5090.05    0.0   2887     0 |    1.73   0.12   0.04  -1.18
0  1.14e+06 5126.33 |
成功率：80.0%, 提交量大于阈值的概率：0.36190%, 超供率：58.6%, 超供程度：49.1%, 超供平均值：3.4, 方差：25.9
0  1.14e+06 5126.33 | 5126.33    0.0   2887     0 |    1.74   0.13   0.02  -1.19
0  1.15e+06 5128.66 |
成功率：80.0%, 提交量大于阈值的概率：0.38297%, 超供率：58.6%, 超供程度：48.9%, 超供平均值：3.3, 方差：25.9
0  1.15e+06 5128.66 | 5128.66    0.0   2887     0 |    1.75   0.14   0.10  -1.19
0  1.17e+06 5128.66 | 5128.29    0.0   2887     0 |    1.75   0.14  -0.01  -1.19
0  1.22e+06 5145.01 |
成功率：80.4%, 提交量大于阈值的概率：0.55745%, 超供率：59.1%, 超供程度：49.1%, 超供平均值：3.4, 方差：27.1
0  1.22e+06 5145.01 | 5145.01    0.0   2887     0 |    1.75   0.15  -0.09  -1.19
0  1.24e+06 5145.01 | 5087.38    0.0   2887     0 |    1.75   0.12   0.04  -1.19
0  1.28e+06 5145.01 | 5129.13    0.0   2887     0 |    1.75   0.13   0.00  -1.19
0  1.33e+06 5150.44 |
成功率：80.0%, 提交量大于阈值的概率：0.39254%, 超供率：57.8%, 超供程度：48.0%, 超供平均值：3.3, 方差：25.8
0  1.33e+06 5150.44 | 5150.44    0.0   2887     0 |    1.76   0.16   0.11  -1.19
0  1.35e+06 5150.44 | 5139.38    0.0   2887     0 |    1.76   0.12   0.07  -1.19
0  1.39e+06 5150.44 | 5140.83    0.0   2887     0 |    1.76   0.14   0.05  -1.18
0  1.44e+06 5150.44 | 5140.10    0.0   2887     0 |    1.76   0.17   0.03  -1.18
0  1.48e+06 5150.44 | 5125.06    0.0   2887     0 |    1.76   0.11   0.14  -1.18
0  1.53e+06 5169.00 |
成功率：80.0%, 提交量大于阈值的概率：0.38849%, 超供率：56.6%, 超供程度：47.0%, 超供平均值：3.2, 方差：24.6
0  1.53e+06 5169.00 | 5169.00    0.0   2887     0 |    1.76   0.14  -0.06  -1.18
0  1.55e+06 5169.00 | 5153.81    0.0   2887     0 |    1.76   0.12   0.04  -1.18
0  1.59e+06 5192.27 |
成功率：80.4%, 提交量大于阈值的概率：0.53477%, 超供率：56.7%, 超供程度：47.0%, 超供平均值：3.2, 方差：25.9
0  1.59e+06 5192.27 | 5192.27    0.0   2887     0 |    1.77   0.11   0.10  -1.17
0  1.61e+06 5192.27 | 5183.19    0.0   2887     0 |    1.77   0.11   0.02  -1.18
0  1.66e+06 5192.27 | 5186.28    0.0   2887     0 |    1.77   0.12   0.02  -1.18
0  1.70e+06 5192.27 | 5182.25    0.0   2887     0 |    1.77   0.14  -0.00  -1.18
0  1.75e+06 5192.27 | 5187.64    0.0   2887     0 |    1.77   0.14  -0.04  -1.18
0  1.80e+06 5192.27 | 5176.31    0.0   2887     0 |    1.77   0.14   0.09  -1.18
0  1.84e+06 5192.27 | 5136.77    0.0   2887     0 |    1.76   0.14  -0.06  -1.18
0  1.89e+06 5193.50 |
成功率：80.0%, 提交量大于阈值的概率：0.32698%, 超供率：55.7%, 超供程度：46.0%, 超供平均值：3.1, 方差：25.3
0  1.89e+06 5193.50 | 5193.50    0.0   2887     0 |    1.77   0.11   0.05  -1.17
0  1.91e+06 5193.50 | 5160.70    0.0   2887     0 |    1.77   0.14   0.06  -1.17
0  1.95e+06 5198.72 |
成功率：80.0%, 提交量大于阈值的概率：0.30990%, 超供率：55.7%, 超供程度：46.1%, 超供平均值：3.1, 方差：24.9
0  1.95e+06 5198.72 | 5198.72    0.0   2887     0 |    1.78   0.12   0.04  -1.17
0  1.97e+06 5198.72 | 5176.49    0.0   2887     0 |    1.78   0.12   0.04  -1.17
0  2.02e+06 5198.72 | 5180.23    0.0   2887     0 |    1.77   0.15   0.03  -1.16
0  2.06e+06 5198.72 | 5171.85    0.0   2887     0 |    1.77   0.14   0.09  -1.16
0  2.11e+06 5198.72 | 5193.17    0.0   2887     0 |    1.78   0.11   0.02  -1.16
0  2.15e+06 5202.16 |
成功率：79.8%, 提交量大于阈值的概率：0.27696%, 超供率：54.4%, 超供程度：45.1%, 超供平均值：3.1, 方差：24.5
0  2.15e+06 5202.16 | 5202.16    0.0   2887     0 |    1.78   0.12   0.03  -1.16
0  2.17e+06 5202.16 | 5193.01    0.0   2887     0 |    1.78   0.13  -0.05  -1.16
0  2.22e+06 5225.63 |
成功率：80.6%, 提交量大于阈值的概率：0.63132%, 超供率：55.2%, 超供程度：45.5%, 超供平均值：3.1, 方差：26.5
0  2.22e+06 5225.63 | 5225.63    0.0   2887     0 |    1.79   0.12   0.08  -1.16
0  2.23e+06 5225.63 | 5218.47    0.0   2887     0 |    1.79   0.12   0.02  -1.16
0  2.28e+06 5225.63 | 5191.79    0.0   2887     0 |    1.78   0.12  -0.01  -1.15
0  2.33e+06 5225.63 | 5200.18    0.0   2887     0 |    1.79   0.13  -0.01  -1.16
0  2.37e+06 5228.30 |
成功率：80.5%, 提交量大于阈值的概率：0.57634%, 超供率：54.7%, 超供程度：45.3%, 超供平均值：3.1, 方差：26.7
0  2.37e+06 5228.30 | 5228.30    0.0   2887     0 |    1.79   0.12  -0.03  -1.16
0  2.39e+06 5228.30 | 5223.33    0.0   2887     0 |    1.79   0.10   0.02  -1.16
0  2.44e+06 5228.30 | 5226.33    0.0   2887     0 |    1.79   0.15   0.11  -1.16
0  2.48e+06 5228.30 | 5218.60    0.0   2887     0 |    1.80   0.12  -0.00  -1.16
0  2.53e+06 5230.04 |
成功率：80.0%, 提交量大于阈值的概率：0.33180%, 超供率：53.1%, 超供程度：44.2%, 超供平均值：3.0, 方差：24.9
0  2.53e+06 5230.04 | 5230.04    0.0   2887     0 |    1.80   0.11  -0.07  -1.15
0  2.55e+06 5242.67 |
成功率：80.2%, 提交量大于阈值的概率：0.44115%, 超供率：53.3%, 超供程度：44.1%, 超供平均值：3.0, 方差：25.2
0  2.55e+06 5242.67 | 5242.67    0.0   2887     0 |    1.80   0.10  -0.02  -1.16
0  2.56e+06 5242.67 | 5238.66    0.0   2887     0 |    1.80   0.12  -0.03  -1.16
0  2.61e+06 5242.67 | 5238.78    0.0   2887     0 |    1.80   0.11   0.00  -1.15
0  2.66e+06 5251.27 |
成功率：80.5%, 提交量大于阈值的概率：0.56825%, 超供率：53.7%, 超供程度：44.2%, 超供平均值：3.0, 方差：25.8
0  2.66e+06 5251.27 | 5251.27    0.0   2887     0 |    1.80   0.13   0.04  -1.15
0  2.67e+06 5251.27 | 5248.75    0.0   2887     0 |    1.80   0.12   0.05  -1.15
0  2.72e+06 5255.46 |
成功率：80.3%, 提交量大于阈值的概率：0.49628%, 超供率：53.2%, 超供程度：44.0%, 超供平均值：3.0, 方差：25.4
0  2.72e+06 5255.46 | 5255.46    0.0   2887     0 |    1.80   0.13  -0.04  -1.15
0  2.74e+06 5255.46 | 5227.11    0.0   2887     0 |    1.79   0.12   0.06  -1.16
0  2.78e+06 5255.46 | 5214.61    0.0   2887     0 |    1.79   0.11  -0.05  -1.16
0  2.83e+06 5255.46 | 5235.02    0.0   2887     0 |    1.80   0.12  -0.05  -1.16
0  2.88e+06 5267.94 |
成功率：80.5%, 提交量大于阈值的概率：0.59991%, 超供率：53.2%, 超供程度：43.7%, 超供平均值：3.0, 方差：26.1
0  2.88e+06 5267.94 | 5267.94    0.0   2887     0 |    1.81   0.10   0.10  -1.16
0  2.89e+06 5271.06 |
成功率：80.4%, 提交量大于阈值的概率：0.52423%, 超供率：52.8%, 超供程度：43.4%, 超供平均值：3.0, 方差：25.4
0  2.89e+06 5271.06 | 5271.06    0.0   2887     0 |    1.81   0.12  -0.07  -1.16
0  2.91e+06 5271.06 | 5268.23    0.0   2887     0 |    1.81   0.13   0.10  -1.16
0  2.96e+06 5271.06 | 5242.62    0.0   2887     0 |    1.80   0.12   0.08  -1.17
0  3.00e+06 5271.06 | 5247.92    0.0   2887     0 |    1.80   0.10   0.10  -1.16
0  3.05e+06 5271.06 | 5255.51    0.0   2887     0 |    1.81   0.11   0.14  -1.15
0  3.09e+06 5271.06 | 5265.84    0.0   2887     0 |    1.80   0.11   0.01  -1.15
0  3.14e+06 5271.06 | 5268.45    0.0   2887     0 |    1.81   0.11  -0.09  -1.15
0  3.19e+06 5271.06 | 5244.36    0.0   2887     0 |    1.80   0.09  -0.04  -1.15
0  3.23e+06 5271.06 | 4404.11    0.0   2887     0 |    1.52   0.17  -0.02  -1.15
0  3.28e+06 5271.06 | 4327.46    0.0   2887     0 |    1.49   0.12   0.09  -1.14
0  3.33e+06 5271.06 | 4453.67    0.0   2887     0 |    1.53   0.11   0.01  -1.12
0  3.37e+06 5271.06 | 4606.78    0.0   2887     0 |    1.59   0.11   0.02  -1.11
0  3.42e+06 5271.06 | 4751.07    0.0   2887     0 |    1.64   0.11  -0.05  -1.10
0  3.46e+06 5271.06 | 4852.19    0.0   2887     0 |    1.67   0.12   0.03  -1.10
0  3.51e+06 5271.06 | 4898.52    0.0   2887     0 |    1.68   0.08   0.15  -1.10
0  3.56e+06 5271.06 | 4976.92    0.0   2887     0 |    1.72   0.11   0.01  -1.10
0  3.60e+06 5271.06 | 5056.33    0.0   2887     0 |    1.74   0.11   0.04  -1.09
0  3.65e+06 5271.06 | 3950.09    0.0   2887     0 |    1.36   0.22   0.04  -1.08
0  3.69e+06 5271.06 | 3997.22    0.0   2887     0 |    1.38   0.21   0.11  -1.06
0  3.74e+06 5271.06 | 4089.09    0.0   2887     0 |    1.41   0.20   0.07  -1.05
0  3.78e+06 5271.06 | 4150.75    0.0   2887     0 |    1.43   0.22   0.03  -1.05
0  3.83e+06 5271.06 | 3322.07    0.0   2887     0 |    1.06   0.27   0.14  -1.04
0  3.87e+06 5271.06 | 3070.26    0.0   2887     0 |    1.06   0.30   0.05  -1.04
0  3.92e+06 5271.06 | 3505.49    0.0   2887     0 |    1.21   0.25  -0.01  -1.03
0  3.97e+06 5271.06 | 5008.07    0.0   2887     0 |    1.72   0.16  -0.07  -1.02
0  4.01e+06 5271.06 | 5139.66    0.0   2887     0 |    1.77   0.13  -0.00  -1.02
0  4.06e+06 5271.06 | 4865.72    0.0   2887     0 |    1.68   0.16  -0.00  -1.02
0  4.11e+06 5271.06 | 4742.45    0.0   2887     0 |    1.63   0.16  -0.00  -1.02
0  4.15e+06 5271.06 | 4869.32    0.0   2887     0 |    1.67   0.12   0.04  -1.02
0  4.20e+06 5271.06 | 5075.32    0.0   2887     0 |    1.76   0.15   0.08  -1.01
0  4.24e+06 5271.06 | 3504.47    0.0   2887     0 |    1.21   0.27  -0.11  -1.02
0  4.29e+06 5271.06 | 4010.92    0.0   2887     0 |    1.39   0.19  -0.02  -1.01
0  4.34e+06 5271.06 | 4142.12    0.0   2887     0 |    1.43   0.17   0.04  -1.00
0  4.38e+06 5271.06 | 4329.02    0.0   2887     0 |    1.49   0.16   0.07  -1.00
0  4.43e+06 5271.06 | 4488.33    0.0   2887     0 |    1.56   0.14  -0.05  -1.00
0  4.47e+06 5271.06 | 4717.77    0.0   2887     0 |    1.62   0.11   0.13  -0.99
0  4.52e+06 5271.06 | 4926.71    0.0   2887     0 |    1.69   0.10   0.08  -0.99
0  4.57e+06 5271.06 | 5150.67    0.0   2887     0 |    1.77   0.10  -0.01  -0.98
0  4.61e+06 5277.86 |
成功率：82.5%, 提交量大于阈值的概率：1.14178%, 超供率：28.5%, 超供程度：24.9%, 超供平均值：1.7, 方差：33.6
0  4.61e+06 5277.86 | 5277.86    0.0   2887     0 |    1.82   0.09  -0.02  -0.99
0  4.63e+06 5332.26 |
成功率：82.2%, 提交量大于阈值的概率：1.12263%, 超供率：28.6%, 超供程度：25.2%, 超供平均值：1.7, 方差：32.1
0  4.63e+06 5332.26 | 5332.26    0.0   2887     0 |    1.83   0.08   0.11  -0.99
0  4.65e+06 5410.76 |
成功率：81.4%, 提交量大于阈值的概率：0.99375%, 超供率：28.7%, 超供程度：25.5%, 超供平均值：1.7, 方差：29.6
0  4.65e+06 5410.76 | 5410.76    0.0   2887     0 |    1.86   0.10  -0.02  -0.99
0  4.67e+06 5410.76 | 3443.04    0.0   2887     0 |    1.19   0.33  -0.05  -0.99
0  4.71e+06 5410.76 | 3761.67    0.0   2887     0 |    1.29   0.34   0.03  -0.99
0  4.76e+06 5410.76 | 4004.55    0.0   2887     0 |    1.36   0.29   0.09  -0.99
0  4.80e+06 5410.76 | 4206.07    0.0   2887     0 |    1.44   0.30  -0.01  -0.99
0  4.85e+06 5410.76 | 4371.12    0.0   2887     0 |    1.51   0.30   0.01  -0.98
0  4.90e+06 5410.76 | 4648.76    0.0   2887     0 |    1.60   0.21   0.04  -0.98
0  4.94e+06 5410.76 | 4814.51    0.0   2887     0 |    1.66   0.19   0.05  -0.99
0  4.99e+06 5410.76 | 4927.86    0.0   2887     0 |    1.68   0.22   0.08  -0.98
0  5.03e+06 5410.76 | 5102.98    0.0   2887     0 |    1.75   0.19  -0.03  -0.99
0  5.08e+06 5410.76 | 5219.30    0.0   2887     0 |    1.79   0.12   0.04  -0.99
0  5.13e+06 5410.76 | 5309.07    0.0   2887     0 |    1.82   0.15  -0.04  -0.99
0  5.17e+06 5410.76 | 5371.20    0.0   2887     0 |    1.84   0.13   0.00  -1.00
0  5.22e+06 5410.76 | 5403.97    0.0   2887     0 |    1.85   0.13   0.05  -1.01
0  5.27e+06 5416.52 |
成功率：80.2%, 提交量大于阈值的概率：0.43734%, 超供率：42.7%, 超供程度：34.3%, 超供平均值：2.3, 方差：24.9
0  5.27e+06 5416.52 | 5416.52    0.0   2887     0 |    1.86   0.13   0.02  -1.01
0  5.28e+06 5423.17 |
成功率：80.0%, 提交量大于阈值的概率：0.36174%, 超供率：41.9%, 超供程度：33.8%, 超供平均值：2.3, 方差：24.4
0  5.28e+06 5423.17 | 5423.17    0.0   2887     0 |    1.86   0.12  -0.00  -1.02
0  5.30e+06 5424.59 |
成功率：79.9%, 提交量大于阈值的概率：0.31176%, 超供率：41.5%, 超供程度：33.4%, 超供平均值：2.3, 方差：24.1
0  5.30e+06 5424.59 | 5424.59    0.0   2887     0 |    1.86   0.11   0.08  -1.02
0  5.32e+06 5437.86 |
成功率：80.1%, 提交量大于阈值的概率：0.35095%, 超供率：41.9%, 超供程度：33.8%, 超供平均值：2.3, 方差：24.6
0  5.32e+06 5437.86 | 5437.86    0.0   2887     0 |    1.87   0.11  -0.03  -1.02
0  5.34e+06 5454.07 |
成功率：80.6%, 提交量大于阈值的概率：0.61411%, 超供率：42.4%, 超供程度：34.0%, 超供平均值：2.3, 方差：25.9
0  5.34e+06 5454.07 | 5454.07    0.0   2887     0 |    1.87   0.12   0.07  -1.02
0  5.35e+06 5454.54 |
成功率：80.5%, 提交量大于阈值的概率：0.55132%, 超供率：42.1%, 超供程度：33.6%, 超供平均值：2.3, 方差：25.3
0  5.35e+06 5454.54 | 5454.54    0.0   2887     0 |    1.88   0.14  -0.06  -1.03
0  5.37e+06 5457.30 |
成功率：80.5%, 提交量大于阈值的概率：0.59508%, 超供率：42.3%, 超供程度：33.8%, 超供平均值：2.3, 方差：25.5
0  5.37e+06 5457.30 | 5457.30    0.0   2887     0 |    1.87   0.14   0.02  -1.03
0  5.39e+06 5457.30 | 5449.94    0.0   2887     0 |    1.87   0.12   0.11  -1.03
0  5.43e+06 5457.30 | 5450.29    0.0   2887     0 |    1.87   0.10   0.10  -1.03
0  5.48e+06 5457.30 | 5456.90    0.0   2887     0 |    1.88   0.10  -0.00  -1.04
0  5.53e+06 5464.04 |
成功率：80.1%, 提交量大于阈值的概率：0.38630%, 超供率：41.0%, 超供程度：32.7%, 超供平均值：2.2, 方差：24.2
0  5.53e+06 5464.04 | 5464.04    0.0   2887     0 |    1.88   0.11   0.03  -1.04
0  5.54e+06 5464.04 | 5463.80    0.0   2887     0 |    1.88   0.10   0.10  -1.04
0  5.59e+06 5470.81 |
成功率：80.2%, 提交量大于阈值的概率：0.36099%, 超供率：41.2%, 超供程度：33.1%, 超供平均值：2.2, 方差：24.7
0  5.59e+06 5470.81 | 5470.81    0.0   2887     0 |    1.88   0.12   0.06  -1.05
0  5.61e+06 5475.87 |
成功率：80.2%, 提交量大于阈值的概率：0.36664%, 超供率：41.0%, 超供程度：32.8%, 超供平均值：2.2, 方差：24.5
0  5.61e+06 5475.87 | 5475.87    0.0   2887     0 |    1.88   0.13   0.10  -1.05
0  5.62e+06 5482.55 |
成功率：80.3%, 提交量大于阈值的概率：0.38658%, 超供率：41.2%, 超供程度：33.0%, 超供平均值：2.2, 方差：24.9
0  5.62e+06 5482.55 | 5482.55    0.0   2887     0 |    1.88   0.11   0.02  -1.05
0  5.64e+06 5482.55 | 5482.04    0.0   2887     0 |    1.88   0.12  -0.02  -1.06
0  5.69e+06 5489.96 |
成功率：80.3%, 提交量大于阈值的概率：0.42124%, 超供率：41.0%, 超供程度：32.6%, 超供平均值：2.2, 方差：24.7
0  5.69e+06 5489.96 | 5489.96    0.0   2887     0 |    1.89   0.09   0.04  -1.06
0  5.70e+06 5489.96 | 5484.98    0.0   2887     0 |    1.89   0.10  -0.03  -1.06
0  5.75e+06 5489.96 | 5480.61    0.0   2887     0 |    1.89   0.13  -0.03  -1.06
0  5.80e+06 5489.96 | 5487.15    0.0   2887     0 |    1.89   0.09   0.09  -1.06
0  5.84e+06 5489.96 | 5479.90    0.0   2887     0 |    1.89   0.09   0.05  -1.06
0  5.89e+06 5498.79 |
成功率：80.3%, 提交量大于阈值的概率：0.44682%, 超供率：40.9%, 超供程度：32.5%, 超供平均值：2.2, 方差：25.2
0  5.89e+06 5498.79 | 5498.79    0.0   2887     0 |    1.89   0.10   0.04  -1.07
0  5.91e+06 5498.79 | 5420.35    0.0   2887     0 |    1.78   0.10  -0.03  -1.07
0  5.95e+06 5498.79 | 5466.73    0.0   2887     0 |    1.88   0.11  -0.00  -1.07
0  6.00e+06 5498.79 | 5485.69    0.0   2887     0 |    1.89   0.11   0.08  -1.07
0  6.04e+06 5498.79 | 5491.04    0.0   2887     0 |    1.89   0.11   0.12  -1.06
0  6.09e+06 5504.49 |
成功率：81.0%, 提交量大于阈值的概率：0.86084%, 超供率：39.1%, 超供程度：31.5%, 超供平均值：2.1, 方差：27.0
0  6.09e+06 5504.49 | 5504.49    0.0   2887     0 |    1.90   0.08   0.02  -1.06
0  6.10e+06 5506.86 |
成功率：81.1%, 提交量大于阈值的概率：0.90884%, 超供率：39.5%, 超供程度：31.6%, 超供平均值：2.1, 方差：27.2
0  6.10e+06 5506.86 | 5506.86    0.0   2887     0 |    1.90   0.10  -0.03  -1.06
0  6.12e+06 5506.86 | 5504.51    0.0   2887     0 |    1.89   0.10   0.09  -1.06
0  6.17e+06 5506.86 | 5392.62    0.0   2887     0 |    1.86   0.11  -0.02  -1.07
0  6.21e+06 5506.86 | 5466.96    0.0   2887     0 |    1.88   0.13  -0.05  -1.06
0  6.26e+06 5506.86 | 5496.49    0.0   2887     0 |    1.89   0.12  -0.03  -1.07
0  6.31e+06 5506.86 | 4925.26    0.0   2887     0 |    1.89   0.12  -0.10  -1.07
0  6.35e+06 5506.86 | 5329.19    0.0   2887     0 |    1.84   0.09   0.08  -1.08
0  6.40e+06 5506.86 | 5425.30    0.0   2887     0 |    1.86   0.12   0.00  -1.08
0  6.44e+06 5506.86 | 5476.57    0.0   2887     0 |    1.88   0.11   0.13  -1.08
0  6.49e+06 5506.86 | 5502.83    0.0   2887     0 |    1.90   0.08  -0.04  -1.08
0  6.54e+06 5506.86 | 5486.75    0.0   2887     0 |    1.89   0.10   0.02  -1.08
0  6.58e+06 5518.96 |
成功率：81.0%, 提交量大于阈值的概率：0.82833%, 超供率：35.3%, 超供程度：30.8%, 超供平均值：2.1, 方差：27.0
0  6.58e+06 5518.96 | 5518.96    0.0   2887     0 |    1.90   0.09  -0.04  -1.08
0  6.60e+06 5522.22 |
成功率：81.1%, 提交量大于阈值的概率：0.89555%, 超供率：35.1%, 超供程度：30.2%, 超供平均值：2.0, 方差：26.7
0  6.60e+06 5522.22 | 5522.22    0.0   2887     0 |    1.90   0.11   0.06  -1.09
0  6.62e+06 5522.22 | 5067.15    0.0   2887     0 |    1.64   0.16   0.20  -1.09
0  6.66e+06 5522.22 | 4142.88    0.0   2887     0 |    1.35   0.22  -0.19  -1.09
0  6.71e+06 5522.22 | 4213.12    0.0   2887     0 |    1.45   0.18  -0.02  -1.08
0  6.76e+06 5522.22 | 4265.26    0.0   2887     0 |    1.47   0.17  -0.05  -1.09
0  6.80e+06 5522.22 | 4277.66    0.0   2887     0 |    1.48   0.15  -0.07  -1.10
0  6.85e+06 5522.22 | 4339.03    0.0   2887     0 |    1.49   0.14   0.01  -1.08
0  6.89e+06 5522.22 | 4419.71    0.0   2887     0 |    1.52   0.16   0.06  -1.07
0  6.94e+06 5522.22 | 4470.10    0.0   2887     0 |    1.54   0.16   0.04  -1.06
0  6.99e+06 5522.22 | 4565.28    0.0   2887     0 |    1.57   0.14  -0.04  -1.06
0  7.03e+06 5522.22 | 4652.02    0.0   2887     0 |    1.60   0.11   0.06  -1.06
0  7.08e+06 5522.22 | 4767.96    0.0   2887     0 |    1.64   0.13  -0.00  -1.06
0  7.13e+06 5522.22 | 4859.49    0.0   2887     0 |    1.67   0.14   0.07  -1.05
0  7.17e+06 5522.22 | 4936.58    0.0   2887     0 |    1.70   0.12   0.10  -1.04
0  7.22e+06 5522.22 | 5025.96    0.0   2887     0 |    1.73   0.11  -0.03  -1.04
0  7.26e+06 5522.22 | 5099.38    0.0   2887     0 |    1.76   0.10   0.17  -1.04
0  7.31e+06 5522.22 | 5161.20    0.0   2887     0 |    1.78   0.10   0.00  -1.05
0  7.36e+06 5522.22 | 5187.63    0.0   2887     0 |    1.79   0.10   0.10  -1.05
0  7.40e+06 5522.22 | 5250.26    0.0   2887     0 |    1.81   0.11   0.11  -1.06
0  7.45e+06 5522.22 | 5278.81    0.0   2887     0 |    1.82   0.11  -0.00  -1.06
0  7.49e+06 5522.22 | 5287.52    0.0   2887     0 |    1.82   0.10  -0.02  -1.06
0  7.54e+06 5522.22 | 5328.01    0.0   2887     0 |    1.84   0.10  -0.04  -1.06
0  7.59e+06 5522.22 | 5376.05    0.0   2887     0 |    1.85   0.10   0.09  -1.06
0  7.63e+06 5522.22 | 5412.87    0.0   2887     0 |    1.86   0.11  -0.03  -1.06
0  7.68e+06 5522.22 | 5433.45    0.0   2887     0 |    1.87   0.11   0.01  -1.07
0  7.73e+06 5522.22 | 5479.49    0.0   2887     0 |    1.88   0.10  -0.05  -1.08
0  7.77e+06 5522.22 | 5495.83    0.0   2887     0 |    1.89   0.09   0.04  -1.08
0  7.82e+06 5530.05 |
成功率：80.9%, 提交量大于阈值的概率：0.68779%, 超供率：33.2%, 超供程度：28.2%, 超供平均值：1.9, 方差：26.4
0  7.82e+06 5530.05 | 5530.05    0.0   2887     0 |    1.90   0.09  -0.02  -1.09
0  7.84e+06 5536.34 |
成功率：80.8%, 提交量大于阈值的概率：0.62866%, 超供率：33.0%, 超供程度：28.1%, 超供平均值：1.9, 方差：25.8
0  7.84e+06 5536.34 | 5536.34    0.0   2887     0 |    1.91   0.11   0.09  -1.09
0  7.85e+06 5543.64 |
成功率：81.0%, 提交量大于阈值的概率：0.74416%, 超供率：33.2%, 超供程度：28.3%, 超供平均值：1.9, 方差：26.4
0  7.85e+06 5543.64 | 5543.64    0.0   2887     0 |    1.91   0.10   0.04  -1.09
0  7.87e+06 5549.26 |
成功率：80.9%, 提交量大于阈值的概率：0.70701%, 超供率：33.3%, 超供程度：28.5%, 超供平均值：1.9, 方差：26.5
0  7.87e+06 5549.26 | 5549.26    0.0   2887     0 |    1.91   0.09  -0.04  -1.09
0  7.89e+06 5551.91 |
成功率：80.8%, 提交量大于阈值的概率：0.63992%, 超供率：33.3%, 超供程度：28.7%, 超供平均值：1.9, 方差：26.2
0  7.89e+06 5551.91 | 5551.91    0.0   2887     0 |    1.91   0.10   0.04  -1.08
0  7.90e+06 5565.55 |
成功率：80.7%, 提交量大于阈值的概率：0.58889%, 超供率：33.8%, 超供程度：29.0%, 超供平均值：2.0, 方差：25.9
0  7.90e+06 5565.55 | 5565.55    0.0   2887     0 |    1.91   0.09   0.08  -1.08
0  7.92e+06 5565.55 | 5560.80    0.0   2887     0 |    1.91   0.10  -0.11  -1.09
0  7.97e+06 5567.45 |
成功率：80.9%, 提交量大于阈值的概率：0.73535%, 超供率：33.8%, 超供程度：29.2%, 超供平均值：2.0, 方差：26.4
0  7.97e+06 5567.45 | 5567.45    0.0   2887     0 |    1.91   0.10   0.06  -1.09
0  7.99e+06 5569.13 |
成功率：80.8%, 提交量大于阈值的概率：0.67817%, 超供率：34.0%, 超供程度：29.4%, 超供平均值：2.0, 方差：26.3
0  7.99e+06 5569.13 | 5569.13    0.0   2887     0 |    1.92   0.10   0.10  -1.09
0  8.00e+06 5585.80 |
成功率：80.7%, 提交量大于阈值的概率：0.57722%, 超供率：33.5%, 超供程度：28.8%, 超供平均值：1.9, 方差：25.7
0  8.00e+06 5585.80 | 5585.80    0.0   2887     0 |    1.92   0.09  -0.03  -1.09
0  8.02e+06 5585.80 | 5235.59    0.0   2887     0 |    1.92   0.10  -0.08  -1.09
0  8.07e+06 5585.80 | 5418.25    0.0   2887     0 |    1.86   0.11   0.15  -1.09
0  8.11e+06 5585.80 | 5463.46    0.0   2887     0 |    1.88   0.08   0.09  -1.09
0  8.16e+06 5585.80 | 5503.70    0.0   2887     0 |    1.90   0.09  -0.01  -1.10
0  8.20e+06 5585.80 | 5537.39    0.0   2887     0 |    1.91   0.10   0.09  -1.10
0  8.25e+06 5585.80 | 5554.07    0.0   2887     0 |    1.91   0.09  -0.12  -1.11
0  8.30e+06 5585.80 | 5565.19    0.0   2887     0 |    1.91   0.09   0.01  -1.11
0  8.34e+06 5585.80 | 5578.94    0.0   2887     0 |    1.92   0.11   0.03  -1.12
0  8.39e+06 5585.80 | 5578.55    0.0   2887     0 |    1.92   0.08   0.06  -1.12
0  8.44e+06 5585.80 | 5580.92    0.0   2887     0 |    1.92   0.08   0.06  -1.12
0  8.48e+06 5585.80 | 5581.81    0.0   2887     0 |    1.92   0.07   0.06  -1.12
0  8.53e+06 5592.31 |
成功率：80.9%, 提交量大于阈值的概率：0.84340%, 超供率：32.0%, 超供程度：27.0%, 超供平均值：1.8, 方差：25.8
0  8.53e+06 5592.31 | 5592.31    0.0   2887     0 |    1.93   0.08   0.07  -1.12
0  8.55e+06 5608.36 |
成功率：80.7%, 提交量大于阈值的概率：0.69118%, 超供率：31.9%, 超供程度：27.3%, 超供平均值：1.8, 方差：25.3
0  8.55e+06 5608.36 | 5608.36    0.0   2887     0 |    1.93   0.09  -0.03  -1.11
0  8.56e+06 5611.73 |
成功率：80.6%, 提交量大于阈值的概率：0.54082%, 超供率：32.0%, 超供程度：27.7%, 超供平均值：1.9, 方差：24.9
0  8.56e+06 5611.73 | 5611.73    0.0   2887     0 |    1.93   0.07   0.07  -1.11
0  8.58e+06 5611.73 | 5609.51    0.0   2887     0 |    1.93   0.11  -0.02  -1.11
0  8.63e+06 5611.73 | 5609.26    0.0   2887     0 |    1.93   0.10   0.13  -1.12
0  8.67e+06 5611.73 | 5611.51    0.0   2887     0 |    1.93   0.08   0.06  -1.11
0  8.72e+06 5611.73 | 5525.12    0.0   2887     0 |    1.91   0.11  -0.07  -1.11
0  8.76e+06 5611.73 | 5567.27    0.0   2887     0 |    1.92   0.10   0.10  -1.11
0  8.81e+06 5611.73 | 5593.46    0.0   2887     0 |    1.93   0.08  -0.01  -1.12
0  8.86e+06 5611.91 |
成功率：80.5%, 提交量大于阈值的概率：0.56055%, 超供率：29.1%, 超供程度：27.0%, 超供平均值：1.8, 方差：24.8
0  8.86e+06 5611.91 | 5611.91    0.0   2887     0 |    1.94   0.08  -0.05  -1.12
0  8.87e+06 5611.91 | 5603.79    0.0   2887     0 |    1.94   0.08  -0.02  -1.12
0  8.92e+06 5631.02 |
成功率：80.6%, 提交量大于阈值的概率：0.51560%, 超供率：29.7%, 超供程度：27.5%, 超供平均值：1.8, 方差：25.2
0  8.92e+06 5631.02 | 5631.02    0.0   2887     0 |    1.94   0.07   0.08  -1.12
0  8.94e+06 5636.18 |
成功率：80.5%, 提交量大于阈值的概率：0.38236%, 超供率：29.6%, 超供程度：27.5%, 超供平均值：1.8, 方差：24.7
0  8.94e+06 5636.18 | 5636.18    0.0   2887     0 |    1.94   0.09  -0.01  -1.12
0  8.96e+06 5643.88 |
成功率：80.6%, 提交量大于阈值的概率：0.45684%, 超供率：29.8%, 超供程度：27.4%, 超供平均值：1.8, 方差：24.8
0  8.96e+06 5643.88 | 5643.88    0.0   2887     0 |    1.94   0.09   0.01  -1.12
0  8.97e+06 5643.88 | 5393.08    0.0   2887     0 |    1.85   0.11  -0.01  -1.13
0  9.02e+06 5643.88 | 5509.82    0.0   2887     0 |    1.90   0.10  -0.03  -1.14
0  9.07e+06 5643.88 | 5560.88    0.0   2887     0 |    1.91   0.11  -0.01  -1.14
0  9.11e+06 5643.88 | 5484.76    0.0   2887     0 |    1.89   0.08  -0.01  -1.14
0  9.15e+06 5643.88 | 5575.88    0.0   2887     0 |    1.92   0.08   0.06  -1.14
0  9.20e+06 5643.88 | 5617.94    0.0   2887     0 |    1.94   0.09   0.08  -1.13
0  9.24e+06 5643.88 | 5272.47    0.0   2887     0 |    1.31   0.16   0.03  -1.15
0  9.29e+06 5643.88 | 5347.98    0.0   2887     0 |    1.84   0.12   0.06  -1.14
0  9.34e+06 5643.88 | 5431.13    0.0   2887     0 |    1.87   0.11  -0.09  -1.13
0  9.38e+06 5643.88 | 5490.08    0.0   2887     0 |    1.89   0.10  -0.06  -1.13
0  9.43e+06 5643.88 | 5535.96    0.0   2887     0 |    1.91   0.08   0.07  -1.13
0  9.48e+06 5643.88 | 5575.54    0.0   2887     0 |    1.92   0.11  -0.16  -1.13
0  9.52e+06 5643.88 | 5575.51    0.0   2887     0 |    1.92   0.06   0.02  -1.13
0  9.57e+06 5643.88 | 5590.57    0.0   2887     0 |    1.93   0.11   0.06  -1.13
0  9.61e+06 5643.88 | 5609.92    0.0   2887     0 |    1.93   0.08   0.03  -1.13
0  9.66e+06 5643.88 | 5612.47    0.0   2887     0 |    1.94   0.11   0.08  -1.13
0  9.71e+06 5643.88 | 5620.34    0.0   2887     0 |    1.93   0.12  -0.03  -1.13
0  9.75e+06 5643.88 | 5622.81    0.0   2887     0 |    1.94   0.11   0.02  -1.12
0  9.80e+06 5643.88 | 5628.74    0.0   2887     0 |    1.94   0.08   0.08  -1.12
0  9.84e+06 5643.88 | 5633.18    0.0   2887     0 |    1.94   0.08   0.07  -1.11
0  9.89e+06 5643.88 | 5633.18    0.0   2887     0 |    1.94   0.07   0.02  -1.11
0  9.94e+06 5643.88 | 5628.68    0.0   2887     0 |    1.94   0.09   0.07  -1.11
0  9.98e+06 5643.88 | 5638.51    0.0   2887     0 |    1.94   0.08  -0.01  -1.10
0  1.00e+07 5643.88 | 5635.15    0.0   2887     0 |    1.94   0.09   0.12  -1.09
0  1.01e+07 5643.88 | 5632.99    0.0   2887     0 |    1.94   0.08   0.11  -1.10
0  1.01e+07 5643.88 | 5640.85    0.0   2887     0 |    1.94   0.10   0.02  -1.10
0  1.02e+07 5643.88 | 3371.24    0.0   2887     0 |    1.34   0.22  -0.07  -1.11
0  1.02e+07 5643.88 | 3324.48    0.0   2887     0 |    1.14   0.17   0.05  -1.12
0  1.03e+07 5643.88 | 3215.77    0.0   2887     0 |    1.09   0.21   0.17  -1.12
0  1.03e+07 5643.88 | 2651.13    0.0   2887     0 |    1.18   0.20  -0.26  -1.11
0  1.04e+07 5643.88 | 3228.20    0.0   2887     0 |    1.09   0.29   0.10  -1.12
0  1.04e+07 5643.88 | 3881.38    0.0   2887     0 |    1.33   0.20   0.08  -1.11
0  1.04e+07 5643.88 | 4300.14    0.0   2887     0 |    1.45   0.15   0.02  -1.11
0  1.05e+07 5643.88 | 3868.60    0.0   2887     0 |    1.43   0.20   0.00  -1.10
0  1.05e+07 5643.88 | 3873.62    0.0   2887     0 |    1.34   0.21   0.08  -1.10
0  1.06e+07 5643.88 | 4073.78    0.0   2887     0 |    1.41   0.22   0.17  -1.10
0  1.06e+07 5643.88 | 4136.40    0.0   2887     0 |    1.43   0.18   0.00  -1.10
0  1.07e+07 5643.88 | 4185.16    0.0   2887     0 |    1.44   0.25   0.09  -1.09
0  1.07e+07 5643.88 | 4230.90    0.0   2887     0 |    1.46   0.22  -0.03  -1.09
0  1.08e+07 5643.88 | 4277.42    0.0   2887     0 |    1.47   0.19   0.11  -1.09
0  1.08e+07 5643.88 | 4308.99    0.0   2887     0 |    1.48   0.24  -0.03  -1.09
0  1.09e+07 5643.88 | 4364.64    0.0   2887     0 |    1.50   0.17   0.10  -1.09
0  1.09e+07 5643.88 | 4434.97    0.0   2887     0 |    1.52   0.18  -0.03  -1.08
0  1.10e+07 5643.88 | 4514.06    0.0   2887     0 |    1.56   0.21   0.11  -1.08
0  1.10e+07 5643.88 | 4560.62    0.0   2887     0 |    1.57   0.21  -0.05  -1.08
0  1.10e+07 5643.88 | 4676.84    0.0   2887     0 |    1.61   0.20   0.00  -1.08
0  1.11e+07 5643.88 | 4748.25    0.0   2887     0 |    1.63   0.15  -0.03  -1.08
0  1.11e+07 5643.88 | 4854.48    0.0   2887     0 |    1.67   0.14  -0.05  -1.08
0  1.12e+07 5643.88 | 4944.73    0.0   2887     0 |    1.70   0.19  -0.09  -1.08
0  1.12e+07 5643.88 | 5033.02    0.0   2887     0 |    1.73   0.14   0.13  -1.08
0  1.13e+07 5643.88 | 5101.27    0.0   2887     0 |    1.75   0.17   0.06  -1.08
0  1.13e+07 5643.88 | 5206.59    0.0   2887     0 |    1.79   0.12   0.05  -1.08
0  1.14e+07 5643.88 | 5231.91    0.0   2887     0 |    1.80   0.13   0.01  -1.08
0  1.14e+07 5643.88 | 5348.88    0.0   2887     0 |    1.84   0.11   0.03  -1.09
0  1.15e+07 5643.88 | 5421.13    0.0   2887     0 |    1.87   0.11   0.01  -1.10
0  1.15e+07 5643.88 | 5457.37    0.0   2887     0 |    1.88   0.10  -0.01  -1.10
0  1.16e+07 5643.88 | 5495.02    0.0   2887     0 |    1.89   0.10   0.07  -1.10
0  1.16e+07 5643.88 | 5290.77    0.0   2887     0 |    1.82   0.10  -0.04  -1.10
0  1.16e+07 5643.88 | 5370.40    0.0   2887     0 |    1.85   0.12  -0.02  -1.10
0  1.17e+07 5643.88 | 5412.35    0.0   2887     0 |    1.86   0.11  -0.01  -1.10
0  1.17e+07 5643.88 | 5458.53    0.0   2887     0 |    1.88   0.11   0.14  -1.10
0  1.18e+07 5643.88 | 5488.82    0.0   2887     0 |    1.89   0.11  -0.03  -1.11
0  1.18e+07 5643.88 | 5498.32    0.0   2887     0 |    1.89   0.10   0.04  -1.12
0  1.19e+07 5643.88 | 5553.91    0.0   2887     0 |    1.91   0.09  -0.00  -1.13
0  1.19e+07 5643.88 | 5567.63    0.0   2887     0 |    1.91   0.09   0.05  -1.14
0  1.20e+07 5643.88 | 5571.37    0.0   2887     0 |    1.92   0.09   0.04  -1.13
0  1.20e+07 5643.88 | 5526.86    0.0   2887     0 |    1.91   0.10   0.03  -1.14
0  1.21e+07 5643.88 | 5566.39    0.0   2887     0 |    1.92   0.08  -0.06  -1.14
0  1.21e+07 5643.88 | 5544.93    0.0   2887     0 |    1.92   0.09  -0.03  -1.15
0  1.22e+07 5643.88 | 4017.77    0.0   2887     0 |    1.89   0.10  -0.16  -1.15
0  1.22e+07 5643.88 | 1950.86    0.0   2887     0 |    0.79   0.34  -0.25  -1.15
0  1.22e+07 5643.88 | 1695.38    0.0   2887     0 |    0.58   0.38  -0.25  -1.14
0  1.23e+07 5643.88 | 1944.53    0.0   2887     0 |    0.77   0.23  -0.26  -1.13
0  1.23e+07 5643.88 | 1892.45    0.0   2884     0 |    0.66   1.16   0.10  -1.12
0  1.24e+07 5643.88 | 1892.85    0.0   2884     0 |    0.66   1.15  -0.04  -1.12
0  1.24e+07 5643.88 | 1907.93    0.0   2884     0 |    0.66   1.08   0.09  -1.12
0  1.25e+07 5643.88 | 1997.09    0.0   2887     0 |    0.69   1.22  -0.05  -1.12
0  1.25e+07 5643.88 | 2009.03    0.0   2887     0 |    0.69   1.17   0.09  -1.13
0  1.26e+07 5643.88 | 2257.32    0.0   2887     0 |    0.76   0.98   0.01  -1.14
0  1.26e+07 5643.88 | 1976.82    0.0   2887     0 |    0.69   0.92  -0.09  -1.13
0  1.27e+07 5643.88 | 2108.22    0.0   2887     0 |    0.71   0.90   0.02  -1.14
0  1.27e+07 5643.88 | 2152.54    0.0   2887     0 |    0.74   0.67   0.03  -1.13
0  1.28e+07 5643.88 | 2092.04    0.0   2887     0 |    0.71   0.48  -0.07  -1.12
0  1.28e+07 5643.88 | 2858.97    0.0   2887     0 |    0.99   0.42   0.18  -1.12
0  1.29e+07 5643.88 | 3163.52    0.0   2887     0 |    1.09   0.30   0.07  -1.12
0  1.29e+07 5643.88 | 3438.29    0.0   2887     0 |    1.18   0.26   0.06  -1.12
0  1.29e+07 5643.88 | 3508.87    0.0   2887     0 |    1.20   0.25  -0.03  -1.12
0  1.30e+07 5643.88 | 3595.18    0.0   2887     0 |    1.24   0.20  -0.02  -1.12
0  1.30e+07 5643.88 | 3748.31    0.0   2887     0 |    1.29   0.20  -0.07  -1.11
0  1.31e+07 5643.88 | 3883.36    0.0   2887     0 |    1.35   0.19   0.06  -1.11
0  1.31e+07 5643.88 | 4067.44    0.0   2887     0 |    1.40   0.18   0.07  -1.10
0  1.32e+07 5643.88 | 4241.35    0.0   2887     0 |    1.46   0.14  -0.00  -1.11
0  1.32e+07 5643.88 | 4407.27    0.0   2887     0 |    1.51   0.14   0.01  -1.10
0  1.33e+07 5643.88 | 4539.15    0.0   2887     0 |    1.56   0.16   0.13  -1.10
0  1.33e+07 5643.88 | 4690.11    0.0   2887     0 |    1.61   0.12   0.02  -1.09
0  1.34e+07 5643.88 | 4830.70    0.0   2887     0 |    1.66   0.12  -0.01  -1.09
0  1.34e+07 5643.88 | 4881.51    0.0   2887     0 |    1.68   0.12   0.02  -1.10
0  1.35e+07 5643.88 | 4959.98    0.0   2887     0 |    1.70   0.12   0.08  -1.10
0  1.35e+07 5643.88 | 5060.58    0.0   2887     0 |    1.74   0.12   0.06  -1.11
0  1.35e+07 5643.88 | 5162.77    0.0   2887     0 |    1.77   0.13   0.01  -1.12
0  1.36e+07 5643.88 | 5245.17    0.0   2887     0 |    1.80   0.11  -0.03  -1.12
0  1.36e+07 5643.88 | 5307.80    0.0   2887     0 |    1.83   0.10  -0.01  -1.13
0  1.37e+07 5643.88 | 5394.31    0.0   2887     0 |    1.85   0.10  -0.01  -1.12
0  1.37e+07 5643.88 | 5429.86    0.0   2887     0 |    1.86   0.08   0.09  -1.12
0  1.38e+07 5643.88 | 5458.83    0.0   2887     0 |    1.88   0.10   0.00  -1.13
0  1.38e+07 5643.88 | 5493.92    0.0   2887     0 |    1.89   0.09  -0.03  -1.13
0  1.39e+07 5643.88 | 3244.76    0.0   2887     0 |    1.22   0.22   0.01  -1.14
0  1.39e+07 5643.88 | 4538.44    0.0   2887     0 |    1.56   0.15   0.03  -1.12
0  1.40e+07 5643.88 | 2941.53    0.0   2887     0 |    0.99   0.25  -0.17  -1.12
0  1.40e+07 5643.88 | 3172.14    0.0   2887     0 |    1.10   0.23   0.00  -1.12
0  1.41e+07 5643.88 | 3396.51    0.0   2887     0 |    1.17   0.19   0.05  -1.11
0  1.41e+07 5643.88 | 3714.77    0.0   2887     0 |    1.26   0.20   0.10  -1.10
0  1.41e+07 5643.88 | 3969.16    0.0   2887     0 |    1.35   0.17   0.02  -1.10
0  1.42e+07 5643.88 | 4307.33    0.0   2887     0 |    1.48   0.18   0.05  -1.10
0  1.42e+07 5643.88 | 4534.56    0.0   2887     0 |    1.56   0.18  -0.07  -1.10
0  1.43e+07 5643.88 | 4715.31    0.0   2887     0 |    1.63   0.14   0.06  -1.10
0  1.43e+07 5643.88 | 4895.08    0.0   2887     0 |    1.68   0.10   0.03  -1.10
0  1.44e+07 5643.88 | 5146.56    0.0   2887     0 |    1.75   0.11   0.03  -1.10
0  1.44e+07 5643.88 | 5318.46    0.0   2887     0 |    1.83   0.12   0.03  -1.12
0  1.45e+07 5643.88 | 5478.90    0.0   2887     0 |    1.88   0.09   0.03  -1.12
0  1.45e+07 5643.88 | 5544.26    0.0   2887     0 |    1.91   0.09  -0.05  -1.13
0  1.46e+07 5643.88 | 5614.16    0.0   2887     0 |    1.93   0.09   0.10  -1.13
0  1.46e+07 5643.88 | 5629.31    0.0   2887     0 |    1.93   0.07  -0.02  -1.14
0  1.47e+07 5643.88 | 5641.54    0.0   2887     0 |    1.94   0.10   0.06  -1.14
0  1.47e+07 5651.79 |
成功率：80.3%, 提交量大于阈值的概率：0.29476%, 超供率：27.1%, 超供程度：26.4%, 超供平均值：1.8, 方差：24.0
0  1.47e+07 5651.79 | 5651.79    0.0   2887     0 |    1.94   0.07   0.04  -1.14
0  1.47e+07 5652.30 |
成功率：80.4%, 提交量大于阈值的概率：0.31151%, 超供率：27.4%, 超供程度：26.7%, 超供平均值：1.8, 方差：24.2
0  1.47e+07 5652.30 | 5652.30    0.0   2887     0 |    1.94   0.08   0.07  -1.15
0  1.47e+07 5652.30 | 5644.69    0.0   2887     0 |    1.94   0.07   0.00  -1.15
0  1.48e+07 5652.30 | 5649.12    0.0   2887     0 |    1.94   0.07  -0.08  -1.15
0  1.48e+07 5652.30 | 5637.95    0.0   2887     0 |    1.94   0.09   0.10  -1.15
0  1.49e+07 5661.31 |
成功率：80.5%, 提交量大于阈值的概率：0.39740%, 超供率：27.2%, 超供程度：26.7%, 超供平均值：1.8, 方差：24.6
0  1.49e+07 5661.31 | 5661.31    0.0   2887     0 |    1.95   0.09  -0.06  -1.14
0  1.49e+07 5661.31 | 5655.74    0.0   2887     0 |    1.95   0.09  -0.05  -1.14
0  1.49e+07 5661.31 | 5655.86    0.0   2887     0 |    1.95   0.07   0.09  -1.13
0  1.50e+07 5661.31 | 5657.01    0.0   2887     0 |    1.95   0.08  -0.04  -1.14
0  1.50e+07 5661.31 | 5660.38    0.0   2887     0 |    1.94   0.07   0.04  -1.13
0  1.51e+07 5661.31 | 4357.62    0.0   2887     0 |    1.64   0.08   0.01  -1.14
