################################################################################
ID     Step    maxR |    avgR   stdR   avgS  stdS |    expR   objC   etc.
0  5.77e+03 2038.51 |
成功率：98.5%, 提交量大于阈值的概率：1.26149%, 超供率：96.4%, 超供程度：83.9%, 超供平均值：5.7, 方差：203.2
0  5.77e+03 2038.51 | 2038.51    0.0   2887     0 |    0.53  14.02  -0.03  -0.50
0  2.89e+04 2053.74 |
成功率：98.5%, 提交量大于阈值的概率：1.26540%, 超供率：96.4%, 超供程度：83.7%, 超供平均值：5.6, 方差：199.9
0  2.89e+04 2053.74 | 2053.74    0.0   2886     0 |    0.55   9.16  -0.04  -0.50
0  5.19e+04 2090.25 |
成功率：98.8%, 提交量大于阈值的概率：1.28532%, 超供率：96.7%, 超供程度：83.5%, 超供平均值：5.6, 方差：195.8
0  5.19e+04 2090.25 | 2090.25    0.0   2886     0 |    0.58   8.08   0.05  -0.51
0  7.50e+04 2101.89 |
成功率：98.5%, 提交量大于阈值的概率：1.27940%, 超供率：96.6%, 超供程度：83.4%, 超供平均值：5.6, 方差：193.3
0  7.50e+04 2101.89 | 2101.89    0.0   2887     0 |    0.59   8.64   0.05  -0.52
0  9.81e+04 2107.77 |
成功率：98.6%, 提交量大于阈值的概率：1.28755%, 超供率：96.5%, 超供程度：83.0%, 超供平均值：5.6, 方差：191.2
0  9.81e+04 2107.77 | 2107.77    0.0   2886     0 |    0.60   7.57   0.07  -0.53
0  1.21e+05 2117.77 |
成功率：98.7%, 提交量大于阈值的概率：1.29007%, 超供率：96.5%, 超供程度：82.8%, 超供平均值：5.6, 方差：192.3
0  1.21e+05 2117.77 | 2117.77    0.0   2887     0 |    0.61   8.18   0.10  -0.54
0  1.44e+05 2122.29 |
成功率：98.7%, 提交量大于阈值的概率：1.29010%, 超供率：96.6%, 超供程度：82.7%, 超供平均值：5.6, 方差：190.8
0  1.44e+05 2122.29 | 2122.29    0.0   2886     0 |    0.63   7.33   0.03  -0.55
0  1.67e+05 2143.72 |
成功率：98.7%, 提交量大于阈值的概率：1.28814%, 超供率：96.5%, 超供程度：82.3%, 超供平均值：5.5, 方差：189.2
0  1.67e+05 2143.72 | 2143.72    0.0   2886     0 |    0.64   8.04   0.06  -0.55
0  1.85e+05 2152.42 |
成功率：98.6%, 提交量大于阈值的概率：1.29284%, 超供率：96.4%, 超供程度：82.1%, 超供平均值：5.5, 方差：187.7
0  1.85e+05 2152.42 | 2152.42    0.0   2886     0 |    0.65   7.73   0.04  -0.56
0  2.02e+05 2184.15 |
成功率：98.6%, 提交量大于阈值的概率：1.29273%, 超供率：96.4%, 超供程度：81.7%, 超供平均值：5.5, 方差：185.2
0  2.02e+05 2184.15 | 2184.15    0.0   2886     0 |    0.66   8.19   0.04  -0.56
0  2.19e+05 2193.81 |
成功率：98.5%, 提交量大于阈值的概率：1.29748%, 超供率：96.5%, 超供程度：82.0%, 超供平均值：5.5, 方差：181.5
0  2.19e+05 2193.81 | 2193.81    0.0   2885     0 |    0.66   6.20  -0.01  -0.56
0  2.42e+05 2203.20 |
成功率：98.5%, 提交量大于阈值的概率：1.30295%, 超供率：96.4%, 超供程度：81.7%, 超供平均值：5.5, 方差：182.7
0  2.42e+05 2203.20 | 2203.20    0.0   2886     0 |    0.67   6.85   0.12  -0.57
0  2.60e+05 2203.20 | 2191.98    0.0   2885     0 |    0.66   6.74  -0.02  -0.58
0  3.06e+05 2203.20 | 2191.28    0.0   2885     0 |    0.68   7.08   0.06  -0.59
0  3.52e+05 2219.61 |
成功率：98.4%, 提交量大于阈值的概率：1.29761%, 超供率：96.3%, 超供程度：81.1%, 超供平均值：5.5, 方差：182.6
0  3.52e+05 2219.61 | 2219.61    0.0   2885     0 |    0.69   6.64  -0.01  -0.60
0  3.69e+05 2219.61 | 2219.12    0.0   2885     0 |    0.70   7.25   0.03  -0.60
0  4.16e+05 2232.68 |
成功率：98.5%, 提交量大于阈值的概率：1.30160%, 超供率：96.3%, 超供程度：80.8%, 超供平均值：5.5, 方差：181.2
0  4.16e+05 2232.68 | 2232.68    0.0   2885     0 |    0.70   6.57   0.00  -0.61
0  4.33e+05 2257.37 |
成功率：98.4%, 提交量大于阈值的概率：1.30520%, 超供率：96.2%, 超供程度：80.2%, 超供平均值：5.4, 方差：180.5
0  4.33e+05 2257.37 | 2257.37    0.0   2885     0 |    0.71   7.81  -0.08  -0.61
0  4.56e+05 2263.86 |
成功率：98.2%, 提交量大于阈值的概率：1.29081%, 超供率：96.1%, 超供程度：80.0%, 超供平均值：5.4, 方差：183.5
0  4.56e+05 2263.86 | 2263.86    0.0   2886     0 |    0.72   7.35   0.04  -0.61
0  4.73e+05 2277.48 |
成功率：98.2%, 提交量大于阈值的概率：1.29252%, 超供率：96.1%, 超供程度：80.0%, 超供平均值：5.4, 方差：181.1
0  4.73e+05 2277.48 | 2277.48    0.0   2885     0 |    0.72   6.55   0.02  -0.62
0  4.91e+05 2277.48 | 2242.38    0.0   2887     0 |    0.72   7.54   0.06  -0.62
0  5.37e+05 2277.48 | 2264.01    0.0   2886     0 |    0.72   6.66   0.15  -0.63
0  5.83e+05 2305.29 |
成功率：98.2%, 提交量大于阈值的概率：1.31329%, 超供率：95.9%, 超供程度：79.3%, 超供平均值：5.4, 方差：178.3
0  5.83e+05 2305.29 | 2305.29    0.0   2887     0 |    0.74   6.56  -0.01  -0.64
0  6.00e+05 2305.29 | 2304.74    0.0   2886     0 |    0.75   6.70   0.02  -0.65
0  6.46e+05 2363.93 |
成功率：98.0%, 提交量大于阈值的概率：1.30124%, 超供率：95.8%, 超供程度：78.4%, 超供平均值：5.3, 方差：171.6
0  6.46e+05 2363.93 | 2363.93    0.0   2885     0 |    0.76   6.30   0.01  -0.66
0  6.64e+05 2363.93 | 2356.94    0.0   2885     0 |    0.76   6.01   0.09  -0.67
0  7.10e+05 2363.93 | 2352.62    0.0   2885     0 |    0.76   6.43   0.06  -0.68
0  7.56e+05 2375.24 |
成功率：98.0%, 提交量大于阈值的概率：1.30539%, 超供率：95.9%, 超供程度：77.7%, 超供平均值：5.3, 方差：172.3
0  7.56e+05 2375.24 | 2375.24    0.0   2885     0 |    0.77   5.97  -0.00  -0.68
0  7.79e+05 2383.39 |
成功率：98.1%, 提交量大于阈值的概率：1.30637%, 超供率：95.9%, 超供程度：77.6%, 超供平均值：5.3, 方差：172.6
0  7.79e+05 2383.39 | 2383.39    0.0   2885     0 |    0.77   7.01   0.10  -0.70
0  8.02e+05 2386.57 |
成功率：98.1%, 提交量大于阈值的概率：1.31567%, 超供率：95.9%, 超供程度：77.8%, 超供平均值：5.3, 方差：172.2
0  8.02e+05 2386.57 | 2386.57    0.0   2886     0 |    0.77   5.95   0.04  -0.70
0  8.25e+05 2386.57 | 2384.22    0.0   2885     0 |    0.77   6.88   0.05  -0.71
0  8.77e+05 2417.99 |
成功率：97.9%, 提交量大于阈值的概率：1.32269%, 超供率：95.7%, 超供程度：77.4%, 超供平均值：5.2, 方差：169.1
0  8.77e+05 2417.99 | 2417.99    0.0   2885     0 |    0.78   6.04   0.10  -0.72
0  9.00e+05 2417.99 | 2405.73    0.0   2885     0 |    0.78   6.19   0.04  -0.72
0  9.52e+05 2442.12 |
成功率：97.9%, 提交量大于阈值的概率：1.33063%, 超供率：95.6%, 超供程度：76.7%, 超供平均值：5.2, 方差：169.9
0  9.52e+05 2442.12 | 2442.12    0.0   2886     0 |    0.80   6.39   0.08  -0.71
0  9.75e+05 2452.86 |
成功率：97.9%, 提交量大于阈值的概率：1.32107%, 超供率：95.5%, 超供程度：76.4%, 超供平均值：5.2, 方差：169.3
0  9.75e+05 2452.86 | 2452.86    0.0   2886     0 |    0.81   6.27   0.13  -0.72
0  9.99e+05 2476.32 |
成功率：97.7%, 提交量大于阈值的概率：1.32071%, 超供率：95.3%, 超供程度：76.0%, 超供平均值：5.2, 方差：169.3
0  9.99e+05 2476.32 | 2476.32    0.0   2886     0 |    0.81   6.67  -0.00  -0.72
0  1.02e+06 2495.48 |
成功率：97.8%, 提交量大于阈值的概率：1.32229%, 超供率：95.3%, 超供程度：75.4%, 超供平均值：5.1, 方差：167.7
0  1.02e+06 2495.48 | 2495.48    0.0   2886     0 |    0.82   7.02   0.09  -0.73
0  1.04e+06 2504.22 |
成功率：97.7%, 提交量大于阈值的概率：1.32404%, 超供率：95.3%, 超供程度：75.4%, 超供平均值：5.1, 方差：168.3
0  1.04e+06 2504.22 | 2504.22    0.0   2886     0 |    0.82   6.20   0.18  -0.73
0  1.07e+06 2520.03 |
成功率：97.7%, 提交量大于阈值的概率：1.33177%, 超供率：95.3%, 超供程度：75.3%, 超供平均值：5.1, 方差：164.9
0  1.07e+06 2520.03 | 2520.03    0.0   2886     0 |    0.82   6.11   0.07  -0.74
0  1.09e+06 2529.89 |
成功率：97.7%, 提交量大于阈值的概率：1.32907%, 超供率：95.2%, 超供程度：75.2%, 超供平均值：5.1, 方差：162.8
0  1.09e+06 2529.89 | 2529.89    0.0   2886     0 |    0.83   5.95   0.06  -0.75
0  1.11e+06 2545.70 |
成功率：97.7%, 提交量大于阈值的概率：1.33816%, 超供率：95.1%, 超供程度：74.5%, 超供平均值：5.1, 方差：164.8
0  1.11e+06 2545.70 | 2545.70    0.0   2886     0 |    0.83   5.80   0.11  -0.75
0  1.14e+06 2546.89 |
成功率：97.7%, 提交量大于阈值的概率：1.32521%, 超供率：95.1%, 超供程度：74.4%, 超供平均值：5.1, 方差：165.4
0  1.14e+06 2546.89 | 2546.89    0.0   2886     0 |    0.84   5.95   0.03  -0.75
0  1.16e+06 2566.12 |
成功率：97.5%, 提交量大于阈值的概率：1.32476%, 超供率：94.9%, 超供程度：74.0%, 超供平均值：5.0, 方差：164.4
0  1.16e+06 2566.12 | 2566.12    0.0   2886     0 |    0.84   5.08   0.16  -0.76
0  1.18e+06 2567.76 |
成功率：97.6%, 提交量大于阈值的概率：1.32262%, 超供率：94.8%, 超供程度：73.9%, 超供平均值：5.0, 方差：165.7
0  1.18e+06 2567.76 | 2567.76    0.0   2886     0 |    0.84   6.28   0.12  -0.76
0  1.21e+06 2597.25 |
成功率：97.5%, 提交量大于阈值的概率：1.34129%, 超供率：94.6%, 超供程度：73.5%, 超供平均值：5.0, 方差：164.7
0  1.21e+06 2597.25 | 2597.25    0.0   2887     0 |    0.85   5.92  -0.06  -0.77
0  1.23e+06 2597.25 | 2590.80    0.0   2887     0 |    0.85   5.93   0.05  -0.78
0  1.28e+06 2602.07 |
成功率：97.5%, 提交量大于阈值的概率：1.33174%, 超供率：94.8%, 超供程度：73.4%, 超供平均值：5.0, 方差：165.3
0  1.28e+06 2602.07 | 2602.07    0.0   2887     0 |    0.85   6.07   0.05  -0.78
0  1.30e+06 2604.94 |
成功率：97.4%, 提交量大于阈值的概率：1.33021%, 超供率：94.7%, 超供程度：73.5%, 超供平均值：5.0, 方差：164.3
0  1.30e+06 2604.94 | 2604.94    0.0   2887     0 |    0.86   6.59  -0.01  -0.78
0  1.32e+06 2607.27 |
成功率：97.5%, 提交量大于阈值的概率：1.32714%, 超供率：94.6%, 超供程度：73.3%, 超供平均值：5.0, 方差：164.3
0  1.32e+06 2607.27 | 2607.27    0.0   2887     0 |    0.86   5.77   0.04  -0.79
0  1.34e+06 2608.20 |
成功率：97.5%, 提交量大于阈值的概率：1.31676%, 超供率：94.6%, 超供程度：73.3%, 超供平均值：5.0, 方差：165.5
0  1.34e+06 2608.20 | 2608.20    0.0   2887     0 |    0.86   5.96  -0.02  -0.80
0  1.37e+06 2610.18 |
成功率：97.5%, 提交量大于阈值的概率：1.32669%, 超供率：94.7%, 超供程度：73.3%, 超供平均值：5.0, 方差：166.2
0  1.37e+06 2610.18 | 2610.18    0.0   2887     0 |    0.86   6.47  -0.07  -0.80
0  1.39e+06 2623.75 |
成功率：97.4%, 提交量大于阈值的概率：1.32607%, 超供率：94.4%, 超供程度：73.0%, 超供平均值：5.0, 方差：165.4
0  1.39e+06 2623.75 | 2623.75    0.0   2887     0 |    0.87   5.04   0.02  -0.81
0  1.41e+06 2623.75 | 2617.91    0.0   2887     0 |    0.87   6.10   0.06  -0.81
0  1.45e+06 2641.63 |
成功率：97.3%, 提交量大于阈值的概率：1.32256%, 超供率：94.1%, 超供程度：72.2%, 超供平均值：4.9, 方差：165.9
0  1.45e+06 2641.63 | 2641.63    0.0   2886     0 |    0.88   6.16  -0.01  -0.82
0  1.48e+06 2655.78 |
成功率：97.2%, 提交量大于阈值的概率：1.32287%, 超供率：93.9%, 超供程度：72.1%, 超供平均值：4.9, 方差：164.7
0  1.48e+06 2655.78 | 2655.78    0.0   2886     0 |    0.88   6.01  -0.05  -0.82
0  1.50e+06 2665.82 |
成功率：97.2%, 提交量大于阈值的概率：1.32781%, 超供率：93.8%, 超供程度：71.8%, 超供平均值：4.9, 方差：164.3
0  1.50e+06 2665.82 | 2665.82    0.0   2886     0 |    0.89   5.93   0.07  -0.83
0  1.52e+06 2676.65 |
成功率：97.1%, 提交量大于阈值的概率：1.30708%, 超供率：93.6%, 超供程度：71.5%, 超供平均值：4.9, 方差：165.6
0  1.52e+06 2676.65 | 2676.65    0.0   2886     0 |    0.89   6.20   0.13  -0.84
0  1.55e+06 2677.24 |
成功率：97.2%, 提交量大于阈值的概率：1.29863%, 超供率：93.6%, 超供程度：71.4%, 超供平均值：4.9, 方差：168.2
0  1.55e+06 2677.24 | 2677.24    0.0   2887     0 |    0.89   5.54   0.13  -0.85
0  1.57e+06 2680.74 |
成功率：97.2%, 提交量大于阈值的概率：1.31494%, 超供率：93.7%, 超供程度：71.5%, 超供平均值：4.9, 方差：168.2
0  1.57e+06 2680.74 | 2680.74    0.0   2887     0 |    0.89   6.03   0.06  -0.85
0  1.59e+06 2696.35 |
成功率：97.1%, 提交量大于阈值的概率：1.31348%, 超供率：93.4%, 超供程度：70.8%, 超供平均值：4.8, 方差：169.0
0  1.59e+06 2696.35 | 2696.35    0.0   2887     0 |    0.89   6.09   0.10  -0.85
0  1.62e+06 2702.17 |
成功率：97.1%, 提交量大于阈值的概率：1.32168%, 超供率：93.4%, 超供程度：70.7%, 超供平均值：4.8, 方差：168.2
0  1.62e+06 2702.17 | 2702.17    0.0   2887     0 |    0.90   6.12   0.09  -0.86
0  1.64e+06 2702.17 | 2700.90    0.0   2887     0 |    0.90   5.09   0.00  -0.87
0  1.69e+06 2749.43 |
成功率：96.8%, 提交量大于阈值的概率：1.32193%, 超供率：92.8%, 超供程度：70.3%, 超供平均值：4.8, 方差：164.2
0  1.69e+06 2749.43 | 2749.43    0.0   2887     0 |    0.91   5.42   0.04  -0.88
0  1.71e+06 2761.55 |
成功率：96.7%, 提交量大于阈值的概率：1.32143%, 超供率：92.7%, 超供程度：70.5%, 超供平均值：4.8, 方差：163.3
0  1.71e+06 2761.55 | 2761.55    0.0   2887     0 |    0.92   5.01   0.09  -0.88
0  1.74e+06 2768.38 |
成功率：96.6%, 提交量大于阈值的概率：1.31760%, 超供率：92.7%, 超供程度：70.6%, 超供平均值：4.8, 方差：165.0
0  1.74e+06 2768.38 | 2768.38    0.0   2887     0 |    0.92   6.22   0.08  -0.88
0  1.76e+06 2789.73 |
成功率：96.5%, 提交量大于阈值的概率：1.31753%, 超供率：92.4%, 超供程度：70.0%, 超供平均值：4.8, 方差：165.5
0  1.76e+06 2789.73 | 2789.73    0.0   2887     0 |    0.92   5.26   0.07  -0.88
0  1.78e+06 2810.31 |
成功率：96.3%, 提交量大于阈值的概率：1.31208%, 超供率：92.2%, 超供程度：69.9%, 超供平均值：4.8, 方差：164.7
0  1.78e+06 2810.31 | 2810.31    0.0   2887     0 |    0.93   5.68   0.17  -0.88
0  1.81e+06 2810.31 | 2808.49    0.0   2887     0 |    0.93   4.91   0.07  -0.89
0  1.85e+06 2855.85 |
成功率：96.0%, 提交量大于阈值的概率：1.31388%, 超供率：91.7%, 超供程度：69.2%, 超供平均值：4.7, 方差：163.8
0  1.85e+06 2855.85 | 2855.85    0.0   2887     0 |    0.95   5.76   0.03  -0.90
0  1.88e+06 2864.97 |
成功率：95.9%, 提交量大于阈值的概率：1.30149%, 超供率：91.5%, 超供程度：68.7%, 超供平均值：4.7, 方差：164.7
0  1.88e+06 2864.97 | 2864.97    0.0   2887     0 |    0.95   5.21   0.06  -0.91
0  1.90e+06 2874.63 |
成功率：95.9%, 提交量大于阈值的概率：1.31358%, 超供率：91.5%, 超供程度：69.1%, 超供平均值：4.7, 方差：160.9
0  1.90e+06 2874.63 | 2874.63    0.0   2887     0 |    0.96   5.36   0.13  -0.92
0  1.92e+06 2898.61 |
成功率：95.8%, 提交量大于阈值的概率：1.32215%, 超供率：91.2%, 超供程度：68.8%, 超供平均值：4.7, 方差：160.7
0  1.92e+06 2898.61 | 2898.61    0.0   2887     0 |    0.97   4.99   0.16  -0.93
0  1.95e+06 2904.98 |
成功率：95.7%, 提交量大于阈值的概率：1.32107%, 超供率：91.2%, 超供程度：69.1%, 超供平均值：4.7, 方差：156.9
0  1.95e+06 2904.98 | 2904.98    0.0   2887     0 |    0.97   5.61   0.19  -0.93
0  1.97e+06 2913.25 |
成功率：95.6%, 提交量大于阈值的概率：1.31924%, 超供率：91.2%, 超供程度：69.1%, 超供平均值：4.7, 方差：154.2
0  1.97e+06 2913.25 | 2913.25    0.0   2887     0 |    0.97   5.77   0.03  -0.94
0  1.99e+06 2913.25 | 2894.63    0.0   2887     0 |    0.97   5.30  -0.01  -0.96
0  2.03e+06 2913.25 | 2888.09    0.0   2887     0 |    0.97   4.90   0.08  -0.98
0  2.08e+06 2935.34 |
成功率：95.5%, 提交量大于阈值的概率：1.30791%, 超供率：91.0%, 超供程度：68.6%, 超供平均值：4.7, 方差：153.3
0  2.08e+06 2935.34 | 2935.34    0.0   2887     0 |    0.98   5.47  -0.00  -0.99
0  2.10e+06 2964.47 |
成功率：95.4%, 提交量大于阈值的概率：1.32379%, 超供率：90.8%, 超供程度：68.5%, 超供平均值：4.7, 方差：150.4
0  2.10e+06 2964.47 | 2964.47    0.0   2887     0 |    0.99   5.39   0.08  -0.99
0  2.12e+06 2969.33 |
成功率：95.4%, 提交量大于阈值的概率：1.34492%, 超供率：90.8%, 超供程度：68.5%, 超供平均值：4.7, 方差：149.9
0  2.12e+06 2969.33 | 2969.33    0.0   2887     0 |    0.99   4.95   0.03  -0.99
0  2.15e+06 2977.91 |
成功率：95.4%, 提交量大于阈值的概率：1.34300%, 超供率：90.8%, 超供程度：68.6%, 超供平均值：4.7, 方差：149.2
0  2.15e+06 2977.91 | 2977.91    0.0   2887     0 |    1.00   5.40   0.08  -0.99
0  2.17e+06 2977.91 | 2970.62    0.0   2887     0 |    1.00   5.50   0.06  -1.00
0  2.22e+06 2982.90 |
成功率：95.3%, 提交量大于阈值的概率：1.32825%, 超供率：90.7%, 超供程度：68.3%, 超供平均值：4.7, 方差：154.1
0  2.22e+06 2982.90 | 2982.90    0.0   2887     0 |    1.00   5.57   0.16  -1.00
0  2.24e+06 2984.14 |
成功率：95.2%, 提交量大于阈值的概率：1.31417%, 超供率：90.7%, 超供程度：68.5%, 超供平均值：4.7, 方差：157.5
0  2.24e+06 2984.14 | 2984.14    0.0   2887     0 |    1.00   4.63   0.07  -1.01
0  2.26e+06 2984.14 | 2976.91    0.0   2887     0 |    1.00   5.39  -0.02  -1.01
0  2.31e+06 3006.82 |
成功率：94.9%, 提交量大于阈值的概率：1.28457%, 超供率：90.1%, 超供程度：68.1%, 超供平均值：4.7, 方差：156.6
0  2.31e+06 3006.82 | 3006.82    0.0   2887     0 |    1.01   4.85   0.03  -1.01
0  2.33e+06 3010.36 |
成功率：94.9%, 提交量大于阈值的概率：1.28703%, 超供率：90.1%, 超供程度：68.1%, 超供平均值：4.7, 方差：155.8
0  2.33e+06 3010.36 | 3010.36    0.0   2887     0 |    1.01   5.37   0.00  -1.02
0  2.35e+06 3021.55 |
成功率：94.9%, 提交量大于阈值的概率：1.29496%, 超供率：90.1%, 超供程度：68.6%, 超供平均值：4.7, 方差：154.7
0  2.35e+06 3021.55 | 3021.55    0.0   2887     0 |    1.01   4.72   0.05  -1.02
0  2.37e+06 3031.18 |
成功率：94.8%, 提交量大于阈值的概率：1.29482%, 超供率：89.9%, 超供程度：68.3%, 超供平均值：4.7, 方差：154.5
0  2.37e+06 3031.18 | 3031.18    0.0   2887     0 |    1.01   5.26   0.03  -1.03
0  2.40e+06 3043.64 |
成功率：94.6%, 提交量大于阈值的概率：1.28121%, 超供率：89.7%, 超供程度：68.3%, 超供平均值：4.7, 方差：153.3
0  2.40e+06 3043.64 | 3043.64    0.0   2887     0 |    1.02   4.36   0.07  -1.03
0  2.42e+06 3056.72 |
成功率：94.5%, 提交量大于阈值的概率：1.28297%, 超供率：89.6%, 超供程度：68.4%, 超供平均值：4.7, 方差：151.9
0  2.42e+06 3056.72 | 3056.72    0.0   2887     0 |    1.02   4.64   0.22  -1.03
0  2.44e+06 3069.25 |
成功率：94.5%, 提交量大于阈值的概率：1.28340%, 超供率：89.6%, 超供程度：68.6%, 超供平均值：4.7, 方差：149.1
0  2.44e+06 3069.25 | 3069.25    0.0   2887     0 |    1.03   5.00   0.12  -1.03
0  2.45e+06 3107.01 |
成功率：94.2%, 提交量大于阈值的概率：1.30710%, 超供率：89.2%, 超供程度：68.4%, 超供平均值：4.7, 方差：145.6
0  2.45e+06 3107.01 | 3107.01    0.0   2887     0 |    1.04   5.01   0.10  -1.04
0  2.47e+06 3122.30 |
成功率：94.1%, 提交量大于阈值的概率：1.31868%, 超供率：89.0%, 超供程度：68.4%, 超供平均值：4.7, 方差：142.8
0  2.47e+06 3122.30 | 3122.30    0.0   2887     0 |    1.04   5.05  -0.09  -1.04
0  2.49e+06 3150.75 |
成功率：93.9%, 提交量大于阈值的概率：1.29705%, 超供率：88.7%, 超供程度：68.1%, 超供平均值：4.7, 方差：145.0
0  2.49e+06 3150.75 | 3150.75    0.0   2887     0 |    1.05   5.23   0.15  -1.04
0  2.51e+06 3166.05 |
成功率：93.7%, 提交量大于阈值的概率：1.29321%, 超供率：88.6%, 超供程度：67.9%, 超供平均值：4.7, 方差：143.2
0  2.51e+06 3166.05 | 3166.05    0.0   2887     0 |    1.05   4.92   0.11  -1.04
0  2.52e+06 3166.05 | 3146.42    0.0   2887     0 |    1.05   5.15   0.04  -1.05
0  2.57e+06 3166.05 | 3163.00    0.0   2887     0 |    1.06   4.61   0.01  -1.05
0  2.62e+06 3189.87 |
成功率：93.7%, 提交量大于阈值的概率：1.29151%, 超供率：88.4%, 超供程度：67.4%, 超供平均值：4.6, 方差：137.4
0  2.62e+06 3189.87 | 3189.87    0.0   2887     0 |    1.07   5.11  -0.04  -1.06
0  2.63e+06 3202.09 |
成功率：93.6%, 提交量大于阈值的概率：1.30037%, 超供率：88.4%, 超供程度：67.3%, 超供平均值：4.6, 方差：136.9
0  2.63e+06 3202.09 | 3202.09    0.0   2887     0 |    1.07   4.73  -0.01  -1.06
0  2.65e+06 3230.28 |
成功率：93.4%, 提交量大于阈值的概率：1.29680%, 超供率：87.9%, 超供程度：67.1%, 超供平均值：4.6, 方差：135.9
0  2.65e+06 3230.28 | 3230.28    0.0   2887     0 |    1.07   4.67   0.04  -1.07
0  2.67e+06 3264.24 |
成功率：93.1%, 提交量大于阈值的概率：1.28389%, 超供率：87.4%, 超供程度：67.0%, 超供平均值：4.6, 方差：134.1
0  2.67e+06 3264.24 | 3264.24    0.0   2887     0 |    1.08   5.00   0.17  -1.07
0  2.68e+06 3277.26 |
成功率：92.9%, 提交量大于阈值的概率：1.29321%, 超供率：87.4%, 超供程度：67.2%, 超供平均值：4.6, 方差：133.7
0  2.68e+06 3277.26 | 3277.26    0.0   2887     0 |    1.09   4.56   0.02  -1.07
0  2.70e+06 3303.55 |
成功率：92.7%, 提交量大于阈值的概率：1.27877%, 超供率：87.0%, 超供程度：66.9%, 超供平均值：4.6, 方差：131.9
0  2.70e+06 3303.55 | 3303.55    0.0   2887     0 |    1.11   4.47   0.11  -1.07
0  2.72e+06 3304.94 |
成功率：92.7%, 提交量大于阈值的概率：1.28300%, 超供率：87.1%, 超供程度：67.1%, 超供平均值：4.6, 方差：131.4
0  2.72e+06 3304.94 | 3304.94    0.0   2887     0 |    1.10   4.67   0.13  -1.08
0  2.74e+06 3304.94 | 3286.95    0.0   2887     0 |    1.10   5.01   0.12  -1.08
0  2.78e+06 3328.07 |
成功率：92.4%, 提交量大于阈值的概率：1.26487%, 超供率：87.0%, 超供程度：67.0%, 超供平均值：4.6, 方差：129.8
0  2.78e+06 3328.07 | 3328.07    0.0   2887     0 |    1.11   4.29   0.09  -1.08
0  2.80e+06 3329.46 |
成功率：92.3%, 提交量大于阈值的概率：1.26457%, 超供率：86.9%, 超供程度：67.1%, 超供平均值：4.6, 方差：128.8
0  2.80e+06 3329.46 | 3329.46    0.0   2887     0 |    1.12   4.96   0.07  -1.08
0  2.82e+06 3341.33 |
成功率：92.2%, 提交量大于阈值的概率：1.27236%, 超供率：86.8%, 超供程度：67.1%, 超供平均值：4.6, 方差：125.8
0  2.82e+06 3341.33 | 3341.33    0.0   2887     0 |    1.12   4.77   0.06  -1.09
0  2.83e+06 3352.93 |
成功率：92.1%, 提交量大于阈值的概率：1.27636%, 超供率：86.6%, 超供程度：66.8%, 超供平均值：4.6, 方差：126.2
0  2.83e+06 3352.93 | 3352.93    0.0   2887     0 |    1.12   4.78   0.08  -1.09
0  2.85e+06 3356.96 |
成功率：92.2%, 提交量大于阈值的概率：1.28068%, 超供率：86.6%, 超供程度：66.9%, 超供平均值：4.6, 方差：124.7
0  2.85e+06 3356.96 | 3356.96    0.0   2887     0 |    1.12   4.65   0.19  -1.10
0  2.87e+06 3385.24 |
成功率：91.9%, 提交量大于阈值的概率：1.27906%, 超供率：86.3%, 超供程度：66.6%, 超供平均值：4.6, 方差：122.7
0  2.87e+06 3385.24 | 3385.24    0.0   2887     0 |    1.13   4.44  -0.02  -1.10
0  2.89e+06 3399.91 |
成功率：91.8%, 提交量大于阈值的概率：1.26957%, 超供率：86.2%, 超供程度：66.7%, 超供平均值：4.6, 方差：120.4
0  2.89e+06 3399.91 | 3399.91    0.0   2887     0 |    1.13   5.02   0.04  -1.10
0  2.90e+06 3409.85 |
成功率：91.6%, 提交量大于阈值的概率：1.26280%, 超供率：86.0%, 超供程度：66.9%, 超供平均值：4.6, 方差：119.7
0  2.90e+06 3409.85 | 3409.85    0.0   2887     0 |    1.14   4.50   0.03  -1.11
0  2.92e+06 3409.85 | 3386.48    0.0   2887     0 |    1.13   4.50   0.01  -1.11
0  2.97e+06 3430.68 |
成功率：91.5%, 提交量大于阈值的概率：1.24260%, 超供率：85.8%, 超供程度：66.6%, 超供平均值：4.6, 方差：117.7
0  2.97e+06 3430.68 | 3430.68    0.0   2887     0 |    1.14   4.75   0.08  -1.12
0  2.98e+06 3440.47 |
成功率：91.4%, 提交量大于阈值的概率：1.26236%, 超供率：85.7%, 超供程度：66.6%, 超供平均值：4.6, 方差：117.3
0  2.98e+06 3440.47 | 3440.47    0.0   2887     0 |    1.13   4.64   0.09  -1.12
0  3.00e+06 3440.47 | 3429.17    0.0   2887     0 |    1.15   4.38   0.08  -1.13
0  3.05e+06 3471.20 |
成功率：91.2%, 提交量大于阈值的概率：1.28097%, 超供率：85.7%, 超供程度：66.9%, 超供平均值：4.6, 方差：113.9
0  3.05e+06 3471.20 | 3471.20    0.0   2887     0 |    1.16   4.84   0.02  -1.14
0  3.07e+06 3474.46 |
成功率：91.2%, 提交量大于阈值的概率：1.27807%, 超供率：85.7%, 超供程度：66.9%, 超供平均值：4.6, 方差：114.0
0  3.07e+06 3474.46 | 3474.46    0.0   2887     0 |    1.16   3.72   0.02  -1.14
0  3.08e+06 3478.54 |
成功率：91.2%, 提交量大于阈值的概率：1.27963%, 超供率：85.7%, 超供程度：66.9%, 超供平均值：4.6, 方差：113.5
0  3.08e+06 3478.54 | 3478.54    0.0   2887     0 |    1.17   4.33   0.04  -1.14
0  3.10e+06 3513.29 |
成功率：90.8%, 提交量大于阈值的概率：1.27245%, 超供率：85.2%, 超供程度：66.8%, 超供平均值：4.6, 方差：112.1
0  3.10e+06 3513.29 | 3513.29    0.0   2887     0 |    1.17   4.95   0.13  -1.14
0  3.12e+06 3538.08 |
成功率：90.6%, 提交量大于阈值的概率：1.26125%, 超供率：85.0%, 超供程度：66.5%, 超供平均值：4.6, 方差：109.3
0  3.12e+06 3538.08 | 3538.08    0.0   2887     0 |    1.17   5.05   0.08  -1.15
0  3.13e+06 3545.02 |
成功率：90.5%, 提交量大于阈值的概率：1.25959%, 超供率：85.0%, 超供程度：66.6%, 超供平均值：4.6, 方差：108.2
0  3.13e+06 3545.02 | 3545.02    0.0   2887     0 |    1.18   4.34   0.16  -1.15
0  3.15e+06 3577.22 |
成功率：90.2%, 提交量大于阈值的概率：1.24667%, 超供率：84.5%, 超供程度：66.3%, 超供平均值：4.6, 方差：106.2
0  3.15e+06 3577.22 | 3577.22    0.0   2887     0 |    1.19   3.58  -0.02  -1.16
0  3.17e+06 3577.22 | 3562.53    0.0   2887     0 |    1.19   4.31   0.08  -1.16
0  3.22e+06 3609.43 |
成功率：89.9%, 提交量大于阈值的概率：1.23838%, 超供率：83.9%, 超供程度：65.7%, 超供平均值：4.5, 方差：105.0
0  3.22e+06 3609.43 | 3609.43    0.0   2887     0 |    1.20   4.38   0.11  -1.16
0  3.23e+06 3629.60 |
成功率：89.6%, 提交量大于阈值的概率：1.24505%, 超供率：83.6%, 超供程度：65.8%, 超供平均值：4.5, 方差：103.0
0  3.23e+06 3629.60 | 3629.60    0.0   2887     0 |    1.21   4.16   0.05  -1.16
0  3.25e+06 3629.60 | 3609.83    0.0   2887     0 |    1.21   4.26   0.11  -1.16
0  3.30e+06 3634.01 |
成功率：89.5%, 提交量大于阈值的概率：1.22716%, 超供率：83.5%, 超供程度：66.0%, 超供平均值：4.5, 方差：103.9
0  3.30e+06 3634.01 | 3634.01    0.0   2887     0 |    1.21   4.23   0.11  -1.17
0  3.31e+06 3634.01 | 3633.48    0.0   2887     0 |    1.21   4.31   0.09  -1.17
0  3.36e+06 3658.71 |
成功率：89.2%, 提交量大于阈值的概率：1.21417%, 超供率：83.1%, 超供程度：65.9%, 超供平均值：4.5, 方差：101.4
0  3.36e+06 3658.71 | 3658.71    0.0   2887     0 |    1.22   4.77   0.05  -1.16
0  3.38e+06 3685.68 |
成功率：88.6%, 提交量大于阈值的概率：1.16884%, 超供率：82.5%, 超供程度：65.6%, 超供平均值：4.5, 方差：99.0
0  3.38e+06 3685.68 | 3685.68    0.0   2887     0 |    1.23   4.61   0.10  -1.17
0  3.40e+06 3687.36 |
成功率：88.7%, 提交量大于阈值的概率：1.18482%, 超供率：82.5%, 超供程度：65.7%, 超供平均值：4.5, 方差：98.7
0  3.40e+06 3687.36 | 3687.36    0.0   2887     0 |    1.23   4.14   0.00  -1.16
0  3.42e+06 3725.21 |
成功率：88.3%, 提交量大于阈值的概率：1.16915%, 超供率：82.1%, 超供程度：65.8%, 超供平均值：4.5, 方差：96.1
0  3.42e+06 3725.21 | 3725.21    0.0   2887     0 |    1.25   3.73   0.05  -1.16
0  3.44e+06 3725.21 | 3711.08    0.0   2887     0 |    1.24   3.88   0.04  -1.16
0  3.48e+06 3754.41 |
成功率：88.3%, 提交量大于阈值的概率：1.22285%, 超供率：82.3%, 超供程度：66.2%, 超供平均值：4.5, 方差：93.4
0  3.48e+06 3754.41 | 3754.41    0.0   2887     0 |    1.25   4.24   0.11  -1.16
0  3.50e+06 3766.78 |
成功率：88.4%, 提交量大于阈值的概率：1.22499%, 超供率：82.4%, 超供程度：66.2%, 超供平均值：4.6, 方差：92.0
0  3.50e+06 3766.78 | 3766.78    0.0   2887     0 |    1.25   4.49   0.04  -1.16
0  3.52e+06 3766.78 | 3766.30    0.0   2887     0 |    1.25   3.86   0.08  -1.16
0  3.56e+06 3811.18 |
成功率：88.0%, 提交量大于阈值的概率：1.21404%, 超供率：82.0%, 超供程度：66.2%, 超供平均值：4.6, 方差：88.1
0  3.56e+06 3811.18 | 3811.18    0.0   2887     0 |    1.27   3.95  -0.01  -1.16
0  3.58e+06 3816.27 |
成功率：87.9%, 提交量大于阈值的概率：1.22468%, 超供率：82.0%, 超供程度：66.1%, 超供平均值：4.5, 方差：88.0
0  3.58e+06 3816.27 | 3816.27    0.0   2887     0 |    1.27   4.26   0.13  -1.17
0  3.60e+06 3822.78 |
成功率：87.8%, 提交量大于阈值的概率：1.22241%, 超供率：82.0%, 超供程度：66.2%, 超供平均值：4.6, 方差：86.8
0  3.60e+06 3822.78 | 3822.78    0.0   2887     0 |    1.27   4.14   0.04  -1.17
0  3.61e+06 3841.69 |
成功率：87.7%, 提交量大于阈值的概率：1.22478%, 超供率：81.8%, 超供程度：66.3%, 超供平均值：4.6, 方差：85.8
0  3.61e+06 3841.69 | 3841.69    0.0   2887     0 |    1.28   3.55   0.14  -1.17
0  3.63e+06 3841.69 | 3821.32    0.0   2887     0 |    1.28   3.13   0.02  -1.17
0  3.68e+06 3841.69 | 3821.74    0.0   2887     0 |    1.28   3.56   0.07  -1.17
0  3.72e+06 3841.69 | 3819.10    0.0   2887     0 |    1.27   3.32   0.16  -1.17
0  3.77e+06 3865.38 |
成功率：87.6%, 提交量大于阈值的概率：1.23825%, 超供率：81.7%, 超供程度：66.5%, 超供平均值：4.6, 方差：83.2
0  3.77e+06 3865.38 | 3865.38    0.0   2887     0 |    1.29   3.90   0.03  -1.17
0  3.79e+06 3865.38 | 3852.09    0.0   2887     0 |    1.29   3.75   0.05  -1.18
0  3.83e+06 3865.38 | 3858.17    0.0   2887     0 |    1.29   3.36   0.05  -1.17
0  3.88e+06 3888.52 |
成功率：87.4%, 提交量大于阈值的概率：1.24852%, 超供率：81.4%, 超供程度：66.4%, 超供平均值：4.6, 方差：79.5
0  3.88e+06 3888.52 | 3888.52    0.0   2887     0 |    1.30   3.94   0.21  -1.18
0  3.90e+06 3888.52 | 3887.01    0.0   2887     0 |    1.30   3.59   0.07  -1.17
0  3.94e+06 3931.37 |
成功率：87.0%, 提交量大于阈值的概率：1.25000%, 超供率：81.1%, 超供程度：66.7%, 超供平均值：4.6, 方差：76.1
0  3.94e+06 3931.37 | 3931.37    0.0   2887     0 |    1.31   3.27   0.15  -1.17
0  3.96e+06 3952.05 |
成功率：86.6%, 提交量大于阈值的概率：1.20994%, 超供率：80.7%, 超供程度：66.6%, 超供平均值：4.6, 方差：74.2
0  3.96e+06 3952.05 | 3952.05    0.0   2887     0 |    1.31   3.08   0.00  -1.17
0  3.98e+06 3974.90 |
成功率：86.4%, 提交量大于阈值的概率：1.22954%, 超供率：80.5%, 超供程度：66.5%, 超供平均值：4.6, 方差：72.8
0  3.98e+06 3974.90 | 3974.90    0.0   2887     0 |    1.33   3.20   0.12  -1.17
0  4.00e+06 3996.05 |
成功率：86.4%, 提交量大于阈值的概率：1.22889%, 超供率：80.4%, 超供程度：66.3%, 超供平均值：4.6, 方差：71.2
0  4.00e+06 3996.05 | 3996.05    0.0   2887     0 |    1.33   3.39  -0.01  -1.17
0  4.01e+06 3999.82 |
成功率：86.4%, 提交量大于阈值的概率：1.25378%, 超供率：80.6%, 超供程度：66.7%, 超供平均值：4.6, 方差：70.6
0  4.01e+06 3999.82 | 3999.82    0.0   2887     0 |    1.33   3.39  -0.05  -1.17
0  4.03e+06 3999.82 | 3996.91    0.0   2887     0 |    1.34   3.04   0.10  -1.17
0  4.08e+06 4012.98 |
成功率：86.2%, 提交量大于阈值的概率：1.21401%, 超供率：80.1%, 超供程度：66.5%, 超供平均值：4.6, 方差：70.1
0  4.08e+06 4012.98 | 4012.98    0.0   2887     0 |    1.34   3.10   0.01  -1.17
0  4.09e+06 4041.89 |
成功率：86.0%, 提交量大于阈值的概率：1.20776%, 超供率：79.8%, 超供程度：66.3%, 超供平均值：4.6, 方差：67.7
0  4.09e+06 4041.89 | 4041.89    0.0   2887     0 |    1.34   3.47   0.06  -1.17
0  4.11e+06 4059.28 |
成功率：85.6%, 提交量大于阈值的概率：1.16808%, 超供率：79.5%, 超供程度：66.3%, 超供平均值：4.6, 方差：66.9
0  4.11e+06 4059.28 | 4059.28    0.0   2887     0 |    1.35   3.08   0.13  -1.18
0  4.13e+06 4074.05 |
成功率：85.5%, 提交量大于阈值的概率：1.17155%, 超供率：79.4%, 超供程度：66.4%, 超供平均值：4.6, 方差：65.6
0  4.13e+06 4074.05 | 4074.05    0.0   2887     0 |    1.35   3.74   0.09  -1.18
0  4.15e+06 4082.36 |
成功率：85.4%, 提交量大于阈值的概率：1.17834%, 超供率：79.3%, 超供程度：66.3%, 超供平均值：4.6, 方差：64.7
0  4.15e+06 4082.36 | 4082.36    0.0   2887     0 |    1.36   3.38  -0.03  -1.18
0  4.16e+06 4103.42 |
成功率：85.0%, 提交量大于阈值的概率：1.13855%, 超供率：78.7%, 超供程度：65.9%, 超供平均值：4.5, 方差：63.3
0  4.16e+06 4103.42 | 4103.42    0.0   2887     0 |    1.37   3.03   0.17  -1.18
0  4.18e+06 4143.28 |
成功率：84.7%, 提交量大于阈值的概率：1.09870%, 超供率：78.4%, 超供程度：65.9%, 超供平均值：4.5, 方差：60.9
0  4.18e+06 4143.28 | 4143.28    0.0   2887     0 |    1.37   2.56   0.04  -1.18
0  4.20e+06 4179.28 |
成功率：84.2%, 提交量大于阈值的概率：1.08022%, 超供率：77.8%, 超供程度：65.5%, 超供平均值：4.5, 方差：57.8
0  4.20e+06 4179.28 | 4179.28    0.0   2887     0 |    1.39   3.09   0.11  -1.18
0  4.21e+06 4179.28 | 4156.60    0.0   2887     0 |    1.38   3.33   0.07  -1.18
0  4.26e+06 4185.77 |
成功率：84.5%, 提交量大于阈值的概率：1.17622%, 超供率：78.0%, 超供程度：65.5%, 超供平均值：4.5, 方差：55.7
0  4.26e+06 4185.77 | 4185.77    0.0   2887     0 |    1.39   3.25  -0.06  -1.18
0  4.28e+06 4218.55 |
成功率：84.2%, 提交量大于阈值的概率：1.15311%, 超供率：77.7%, 超供程度：65.5%, 超供平均值：4.5, 方差：53.7
0  4.28e+06 4218.55 | 4218.55    0.0   2887     0 |    1.40   3.33   0.14  -1.18
0  4.30e+06 4233.29 |
成功率：84.2%, 提交量大于阈值的概率：1.19388%, 超供率：77.6%, 超供程度：65.5%, 超供平均值：4.5, 方差：52.2
0  4.30e+06 4233.29 | 4233.29    0.0   2887     0 |    1.41   3.02   0.04  -1.18
0  4.31e+06 4244.16 |
成功率：84.1%, 提交量大于阈值的概率：1.17045%, 超供率：77.5%, 超供程度：65.6%, 超供平均值：4.5, 方差：51.5
0  4.31e+06 4244.16 | 4244.16    0.0   2887     0 |    1.41   2.84   0.16  -1.19
0  4.33e+06 4255.30 |
成功率：84.1%, 提交量大于阈值的概率：1.18854%, 超供率：77.4%, 超供程度：65.7%, 超供平均值：4.5, 方差：50.5
0  4.33e+06 4255.30 | 4255.30    0.0   2887     0 |    1.42   2.92   0.07  -1.18
0  4.35e+06 4267.33 |
成功率：83.9%, 提交量大于阈值的概率：1.16676%, 超供率：77.3%, 超供程度：65.8%, 超供平均值：4.5, 方差：50.0
0  4.35e+06 4267.33 | 4267.33    0.0   2887     0 |    1.42   2.52  -0.08  -1.19
0  4.36e+06 4267.33 | 4262.59    0.0   2887     0 |    1.42   3.05   0.06  -1.18
0  4.41e+06 4302.81 |
成功率：83.6%, 提交量大于阈值的概率：1.16776%, 超供率：77.1%, 超供程度：65.8%, 超供平均值：4.5, 方差：47.3
0  4.41e+06 4302.81 | 4302.81    0.0   2887     0 |    1.43   2.98   0.00  -1.18
0  4.43e+06 4302.81 | 4299.32    0.0   2887     0 |    1.42   2.88   0.06  -1.18
0  4.47e+06 4307.57 |
成功率：83.5%, 提交量大于阈值的概率：1.16063%, 超供率：76.9%, 超供程度：65.6%, 超供平均值：4.5, 方差：46.5
0  4.47e+06 4307.57 | 4307.57    0.0   2887     0 |    1.43   2.66  -0.02  -1.18
0  4.49e+06 4320.78 |
成功率：83.4%, 提交量大于阈值的概率：1.15435%, 超供率：76.9%, 超供程度：65.8%, 超供平均值：4.5, 方差：45.8
0  4.49e+06 4320.78 | 4320.78    0.0   2887     0 |    1.44   3.20   0.11  -1.18
0  4.51e+06 4349.96 |
成功率：83.0%, 提交量大于阈值的概率：1.12234%, 超供率：76.5%, 超供程度：65.7%, 超供平均值：4.5, 方差：44.2
0  4.51e+06 4349.96 | 4349.96    0.0   2887     0 |    1.45   2.94   0.11  -1.18
0  4.53e+06 4368.92 |
成功率：82.7%, 提交量大于阈值的概率：1.10175%, 超供率：76.1%, 超供程度：65.7%, 超供平均值：4.5, 方差：42.8
0  4.53e+06 4368.92 | 4368.92    0.0   2887     0 |    1.45   2.53  -0.04  -1.18
0  4.54e+06 4399.03 |
成功率：82.2%, 提交量大于阈值的概率：1.06716%, 超供率：75.6%, 超供程度：65.6%, 超供平均值：4.5, 方差：40.7
0  4.54e+06 4399.03 | 4399.03    0.0   2887     0 |    1.46   2.56   0.11  -1.18
0  4.56e+06 4402.84 |
成功率：82.4%, 提交量大于阈值的概率：1.07397%, 超供率：75.8%, 超供程度：65.5%, 超供平均值：4.5, 方差：40.9
0  4.56e+06 4402.84 | 4402.84    0.0   2887     0 |    1.46   2.65   0.03  -1.18
0  4.58e+06 4421.20 |
成功率：82.1%, 提交量大于阈值的概率：1.02854%, 超供率：75.5%, 超供程度：65.5%, 超供平均值：4.5, 方差：39.9
0  4.58e+06 4421.20 | 4421.20    0.0   2887     0 |    1.47   2.85   0.10  -1.18
0  4.60e+06 4427.86 |
成功率：82.1%, 提交量大于阈值的概率：1.03615%, 超供率：75.5%, 超供程度：65.4%, 超供平均值：4.5, 方差：39.2
0  4.60e+06 4427.86 | 4427.86    0.0   2887     0 |    1.46   2.90   0.14  -1.18
0  4.61e+06 4427.86 | 4417.15    0.0   2887     0 |    1.47   2.78   0.03  -1.19
0  4.66e+06 4428.18 |
成功率：82.6%, 提交量大于阈值的概率：1.12085%, 超供率：76.2%, 超供程度：65.4%, 超供平均值：4.5, 方差：39.7
0  4.66e+06 4428.18 | 4428.18    0.0   2887     0 |    1.47   2.67   0.06  -1.18
0  4.68e+06 4446.86 |
成功率：82.3%, 提交量大于阈值的概率：1.05164%, 超供率：75.8%, 超供程度：65.4%, 超供平均值：4.5, 方差：38.4
0  4.68e+06 4446.86 | 4446.86    0.0   2887     0 |    1.47   2.52  -0.05  -1.18
0  4.69e+06 4446.86 | 4443.82    0.0   2887     0 |    1.47   2.45  -0.04  -1.18
0  4.74e+06 4446.86 | 4429.63    0.0   2887     0 |    1.47   2.78   0.13  -1.18
0  4.79e+06 4446.86 | 4429.94    0.0   2887     0 |    1.47   2.63   0.14  -1.18
0  4.83e+06 4491.49 |
成功率：81.7%, 提交量大于阈值的概率：1.01295%, 超供率：75.3%, 超供程度：65.5%, 超供平均值：4.5, 方差：36.3
0  4.83e+06 4491.49 | 4491.49    0.0   2887     0 |    1.49   2.91   0.04  -1.18
0  4.85e+06 4499.36 |
成功率：81.8%, 提交量大于阈值的概率：1.03340%, 超供率：75.3%, 超供程度：65.4%, 超供平均值：4.5, 方差：36.0
0  4.85e+06 4499.36 | 4499.36    0.0   2887     0 |    1.49   2.37   0.11  -1.18
0  4.87e+06 4503.14 |
成功率：81.3%, 提交量大于阈值的概率：0.96459%, 超供率：74.8%, 超供程度：65.3%, 超供平均值：4.5, 方差：34.4
0  4.87e+06 4503.14 | 4503.14    0.0   2887     0 |    1.50   2.29   0.06  -1.18
0  4.88e+06 4507.76 |
成功率：81.5%, 提交量大于阈值的概率：1.00136%, 超供率：75.1%, 超供程度：65.6%, 超供平均值：4.5, 方差：34.9
0  4.88e+06 4507.76 | 4507.76    0.0   2887     0 |    1.50   2.72   0.09  -1.18
0  4.90e+06 4516.94 |
成功率：81.1%, 提交量大于阈值的概率：0.93568%, 超供率：74.5%, 超供程度：65.3%, 超供平均值：4.5, 方差：33.5
0  4.90e+06 4516.94 | 4516.94    0.0   2887     0 |    1.50   2.37   0.12  -1.18
0  4.92e+06 4524.58 |
成功率：80.9%, 提交量大于阈值的概率：0.90128%, 超供率：74.2%, 超供程度：65.2%, 超供平均值：4.5, 方差：32.6
0  4.92e+06 4524.58 | 4524.58    0.0   2887     0 |    1.50   2.47   0.10  -1.18
0  4.94e+06 4524.58 | 4518.82    0.0   2887     0 |    1.50   2.41  -0.03  -1.17
0  4.98e+06 4524.58 | 4520.80    0.0   2887     0 |    1.49   2.48   0.13  -1.17
0  5.03e+06 4524.58 | 4516.64    0.0   2887     0 |    1.50   2.60   0.16  -1.17
0  5.07e+06 4525.77 |
成功率：80.6%, 提交量大于阈值的概率：0.80412%, 超供率：73.9%, 超供程度：65.3%, 超供平均值：4.5, 方差：31.7
0  5.07e+06 4525.77 | 4525.77    0.0   2887     0 |    1.50   2.56   0.08  -1.17
0  5.09e+06 4525.77 | 4524.34    0.0   2887     0 |    1.50   2.54   0.15  -1.17
0  5.14e+06 4538.82 |
成功率：80.4%, 提交量大于阈值的概率：0.77666%, 超供率：73.3%, 超供程度：64.8%, 超供平均值：4.5, 方差：31.0
0  5.14e+06 4538.82 | 4538.82    0.0   2887     0 |    1.50   2.76   0.20  -1.18
0  5.16e+06 4538.82 | 4537.22    0.0   2887     0 |    1.50   2.92   0.09  -1.17
0  5.20e+06 4542.30 |
成功率：80.4%, 提交量大于阈值的概率：0.76722%, 超供率：73.2%, 超供程度：64.9%, 超供平均值：4.5, 方差：31.0
0  5.20e+06 4542.30 | 4542.30    0.0   2887     0 |    1.51   2.63   0.04  -1.17
0  5.22e+06 4542.30 | 4542.24    0.0   2887     0 |    1.51   2.51   0.18  -1.16
0  5.27e+06 4553.81 |
成功率：80.1%, 提交量大于阈值的概率：0.72964%, 超供率：72.8%, 超供程度：64.5%, 超供平均值：4.4, 方差：29.7
0  5.27e+06 4553.81 | 4553.81    0.0   2887     0 |    1.51   2.12   0.10  -1.16
0  5.28e+06 4553.81 | 4552.30    0.0   2887     0 |    1.51   2.45   0.16  -1.16
0  5.33e+06 4553.81 | 4552.41    0.0   2887     0 |    1.51   2.64   0.01  -1.16
0  5.38e+06 4553.81 | 4552.50    0.0   2887     0 |    1.50   2.67   0.07  -1.16
0  5.42e+06 4560.23 |
成功率：79.7%, 提交量大于阈值的概率：0.62389%, 超供率：72.2%, 超供程度：64.0%, 超供平均值：4.4, 方差：27.7
0  5.42e+06 4560.23 | 4560.23    0.0   2887     0 |    1.51   2.57   0.04  -1.16
0  5.44e+06 4560.23 | 4541.11    0.0   2887     0 |    1.51   2.27   0.09  -1.16
0  5.49e+06 4560.23 | 4499.27    0.0   2887     0 |    1.51   2.36   0.18  -1.17
0  5.54e+06 4560.23 | 4504.34    0.0   2887     0 |    1.50   2.23   0.03  -1.16
0  5.58e+06 4560.23 | 4489.37    0.0   2887     0 |    1.50   2.17   0.06  -1.17
0  5.63e+06 4560.23 | 4490.93    0.0   2887     0 |    1.50   2.26   0.14  -1.17
0  5.68e+06 4560.23 | 4424.15    0.0   2887     0 |    1.49   2.29   0.04  -1.17
0  5.72e+06 4560.23 | 4540.97    0.0   2887     0 |    1.52   2.39   0.13  -1.17
0  5.77e+06 4563.41 |
成功率：79.0%, 提交量大于阈值的概率：0.45799%, 超供率：70.6%, 超供程度：62.4%, 超供平均值：4.3, 方差：24.4
0  5.77e+06 4563.41 | 4563.41    0.0   2887     0 |    1.51   2.35   0.14  -1.17
0  5.79e+06 4563.41 | 4537.11    0.0   2887     0 |    1.51   2.23   0.13  -1.17
0  5.83e+06 4563.41 | 4464.67    0.0   2887     0 |    1.50   2.80   0.07  -1.17
0  5.88e+06 4591.60 |
成功率：78.9%, 提交量大于阈值的概率：0.41272%, 超供率：70.5%, 超供程度：62.1%, 超供平均值：4.3, 方差：24.1
0  5.88e+06 4591.60 | 4591.60    0.0   2887     0 |    1.53   2.55   0.15  -1.17
0  5.89e+06 4598.00 |
成功率：79.1%, 提交量大于阈值的概率：0.46761%, 超供率：70.7%, 超供程度：62.3%, 超供平均值：4.3, 方差：25.0
0  5.89e+06 4598.00 | 4598.00    0.0   2887     0 |    1.53   2.53   0.17  -1.18
0  5.91e+06 4619.32 |
成功率：79.2%, 提交量大于阈值的概率：0.47966%, 超供率：70.8%, 超供程度：62.1%, 超供平均值：4.3, 方差：24.7
0  5.91e+06 4619.32 | 4619.32    0.0   2887     0 |    1.53   2.34  -0.00  -1.18
0  5.93e+06 4622.61 |
成功率：79.3%, 提交量大于阈值的概率：0.49441%, 超供率：71.0%, 超供程度：62.3%, 超供平均值：4.3, 方差：25.0
0  5.93e+06 4622.61 | 4622.61    0.0   2887     0 |    1.53   2.39   0.03  -1.18
0  5.95e+06 4639.32 |
成功率：79.9%, 提交量大于阈值的概率：0.64957%, 超供率：71.7%, 超供程度：62.4%, 超供平均值：4.3, 方差：26.6
0  5.95e+06 4639.32 | 4639.32    0.0   2887     0 |    1.54   2.27  -0.03  -1.18
0  5.96e+06 4659.65 |
成功率：80.1%, 提交量大于阈值的概率：0.65156%, 超供率：71.8%, 超供程度：62.4%, 超供平均值：4.3, 方差：26.6
0  5.96e+06 4659.65 | 4659.65    0.0   2887     0 |    1.54   2.54   0.07  -1.17
0  5.98e+06 4659.65 | 4642.28    0.0   2887     0 |    1.54   2.24   0.09  -1.17
0  6.03e+06 4659.65 | 4614.27    0.0   2887     0 |    1.54   2.24   0.04  -1.17
0  6.07e+06 4659.65 | 4636.24    0.0   2887     0 |    1.54   2.65   0.01  -1.17
0  6.12e+06 4659.65 | 4634.69    0.0   2887     0 |    1.55   2.33   0.19  -1.18
0  6.17e+06 4659.65 | 4645.56    0.0   2887     0 |    1.55   2.38  -0.04  -1.17
0  6.21e+06 4659.65 | 4654.82    0.0   2887     0 |    1.55   2.61   0.01  -1.17
0  6.26e+06 4664.28 |
成功率：80.4%, 提交量大于阈值的概率：0.74105%, 超供率：72.2%, 超供程度：62.2%, 超供平均值：4.3, 方差：28.8
0  6.26e+06 4664.28 | 4664.28    0.0   2887     0 |    1.55   2.17   0.08  -1.17
0  6.28e+06 4664.28 | 4663.32    0.0   2887     0 |    1.55   2.15   0.09  -1.17
0  6.32e+06 4664.28 | 4632.07    0.0   2887     0 |    1.54   2.24   0.13  -1.18
0  6.37e+06 4664.28 | 4638.53    0.0   2887     0 |    1.55   2.23   0.22  -1.18
0  6.41e+06 4664.28 | 4649.72    0.0   2887     0 |    1.55   2.34  -0.00  -1.17
0  6.46e+06 4664.28 | 4656.66    0.0   2887     0 |    1.55   2.34   0.14  -1.18
0  6.51e+06 4664.28 | 4621.93    0.0   2887     0 |    1.55   2.12   0.09  -1.17
0  6.55e+06 4666.27 |
成功率：80.6%, 提交量大于阈值的概率：0.76204%, 超供率：71.5%, 超供程度：61.3%, 超供平均值：4.2, 方差：29.6
0  6.55e+06 4666.27 | 4666.27    0.0   2887     0 |    1.56   2.39   0.20  -1.18
0  6.57e+06 4666.27 | 4642.26    0.0   2887     0 |    1.55   2.32  -0.00  -1.18
0  6.62e+06 4666.27 | 4646.98    0.0   2887     0 |    1.56   2.30   0.10  -1.18
0  6.66e+06 4666.27 | 4602.95    0.0   2887     0 |    1.55   2.37   0.05  -1.17
0  6.71e+06 4666.27 | 4652.20    0.0   2887     0 |    1.56   2.27   0.02  -1.17
0  6.76e+06 4672.48 |
成功率：80.0%, 提交量大于阈值的概率：0.64080%, 超供率：70.5%, 超供程度：60.6%, 超供平均值：4.2, 方差：27.0
0  6.76e+06 4672.48 | 4672.48    0.0   2887     0 |    1.56   2.25   0.06  -1.17
0  6.77e+06 4672.48 | 4671.37    0.0   2887     0 |    1.56   1.90   0.08  -1.17
0  6.82e+06 4672.48 | 4646.01    0.0   2887     0 |    1.55   2.28   0.06  -1.17
0  6.86e+06 4680.25 |
成功率：80.3%, 提交量大于阈值的概率：0.69453%, 超供率：71.0%, 超供程度：61.0%, 超供平均值：4.2, 方差：28.5
0  6.86e+06 4680.25 | 4680.25    0.0   2887     0 |    1.57   1.87   0.11  -1.17
0  6.88e+06 4680.25 | 4673.64    0.0   2887     0 |    1.56   2.34   0.05  -1.17
0  6.93e+06 4680.25 | 4674.31    0.0   2887     0 |    1.57   2.32   0.17  -1.17
0  6.97e+06 4680.25 | 4657.45    0.0   2887     0 |    1.56   2.35   0.07  -1.17
0  7.02e+06 4680.25 | 4667.68    0.0   2887     0 |    1.56   2.48   0.12  -1.17
0  7.07e+06 4687.87 |
成功率：80.7%, 提交量大于阈值的概率：0.81909%, 超供率：71.3%, 超供程度：60.8%, 超供平均值：4.2, 方差：30.0
0  7.07e+06 4687.87 | 4687.87    0.0   2887     0 |    1.57   2.16   0.15  -1.17
0  7.08e+06 4687.87 | 4679.30    0.0   2887     0 |    1.57   2.19   0.03  -1.17
0  7.13e+06 4687.87 | 4683.25    0.0   2887     0 |    1.57   2.14   0.22  -1.17
0  7.18e+06 4687.87 | 4683.39    0.0   2887     0 |    1.57   1.88   0.10  -1.17
0  7.22e+06 4687.87 | 4672.82    0.0   2887     0 |    1.57   2.27   0.13  -1.17
0  7.27e+06 4687.87 | 4663.11    0.0   2887     0 |    1.57   2.19   0.04  -1.18
0  7.32e+06 4687.87 | 4670.22    0.0   2887     0 |    1.57   2.21   0.12  -1.18
0  7.36e+06 4687.87 | 4661.20    0.0   2887     0 |    1.56   2.22   0.08  -1.17
0  7.41e+06 4687.87 | 4677.94    0.0   2887     0 |    1.57   2.05  -0.04  -1.17
0  7.45e+06 4687.87 | 4666.29    0.0   2887     0 |    1.57   1.90   0.07  -1.18
0  7.50e+06 4687.87 | 4672.59    0.0   2887     0 |    1.57   2.23   0.10  -1.17
0  7.55e+06 4687.87 | 4674.99    0.0   2887     0 |    1.58   2.38   0.03  -1.17
0  7.59e+06 4687.87 | 4679.40    0.0   2887     0 |    1.57   2.21   0.13  -1.18
0  7.64e+06 4687.87 | 4686.51    0.0   2887     0 |    1.58   2.17   0.07  -1.17
0  7.68e+06 4687.87 | 4663.34    0.0   2887     0 |    1.57   2.42   0.13  -1.17
0  7.73e+06 4687.87 | 4651.29    0.0   2887     0 |    1.57   2.08   0.06  -1.16
0  7.78e+06 4687.87 | 4681.75    0.0   2887     0 |    1.58   2.30   0.11  -1.17
0  7.82e+06 4702.36 |
成功率：80.0%, 提交量大于阈值的概率：0.61491%, 超供率：70.1%, 超供程度：59.6%, 超供平均值：4.1, 方差：27.1
0  7.82e+06 4702.36 | 4702.36    0.0   2887     0 |    1.59   2.10   0.03  -1.17
0  7.84e+06 4702.36 | 4689.81    0.0   2887     0 |    1.58   2.52   0.10  -1.17
0  7.89e+06 4702.36 | 4701.30    0.0   2887     0 |    1.58   2.31   0.07  -1.17
0  7.93e+06 4721.82 |
成功率：80.7%, 提交量大于阈值的概率：0.78919%, 超供率：71.1%, 超供程度：59.6%, 超供平均值：4.1, 方差：28.4
0  7.93e+06 4721.82 | 4721.82    0.0   2887     0 |    1.58   2.09   0.13  -1.17
0  7.95e+06 4721.82 | 4710.84    0.0   2887     0 |    1.58   2.23   0.17  -1.17
0  8.00e+06 4722.80 |
成功率：81.0%, 提交量大于阈值的概率：0.86043%, 超供率：71.2%, 超供程度：59.6%, 超供平均值：4.1, 方差：29.1
0  8.00e+06 4722.80 | 4722.80    0.0   2887     0 |    1.59   2.33   0.04  -1.17
0  8.01e+06 4722.80 | 4715.12    0.0   2887     0 |    1.59   2.15   0.05  -1.17
0  8.06e+06 4722.80 | 4710.05    0.0   2887     0 |    1.59   2.12   0.26  -1.17
0  8.11e+06 4722.80 | 4687.89    0.0   2887     0 |    1.58   2.25   0.03  -1.17
0  8.15e+06 4722.80 | 4693.06    0.0   2887     0 |    1.58   1.93   0.04  -1.17
0  8.20e+06 4722.80 | 4676.33    0.0   2887     0 |    1.58   1.99   0.15  -1.17
0  8.24e+06 4722.80 | 4685.70    0.0   2887     0 |    1.58   2.35   0.06  -1.17
0  8.29e+06 4722.80 | 4693.45    0.0   2887     0 |    1.58   1.82   0.04  -1.18
0  8.34e+06 4722.80 | 4721.32    0.0   2887     0 |    1.59   2.00   0.19  -1.18
0  8.38e+06 4733.73 |
成功率：80.4%, 提交量大于阈值的概率：0.73056%, 超供率：70.4%, 超供程度：58.9%, 超供平均值：4.1, 方差：26.6
0  8.38e+06 4733.73 | 4733.73    0.0   2887     0 |    1.59   2.00   0.16  -1.17
0  8.40e+06 4733.73 | 4726.54    0.0   2887     0 |    1.59   2.32  -0.03  -1.17
0  8.45e+06 4733.73 | 4720.91    0.0   2887     0 |    1.59   1.98   0.04  -1.17
0  8.49e+06 4733.73 | 4711.56    0.0   2887     0 |    1.58   1.91   0.08  -1.17
0  8.54e+06 4733.73 | 4717.82    0.0   2887     0 |    1.59   2.21   0.20  -1.17
0  8.59e+06 4733.73 | 4713.07    0.0   2887     0 |    1.58   2.15   0.10  -1.16
0  8.63e+06 4733.73 | 4699.97    0.0   2887     0 |    1.59   2.11   0.06  -1.15
0  8.68e+06 4733.73 | 4714.64    0.0   2887     0 |    1.59   1.94   0.03  -1.15
0  8.72e+06 4733.73 | 4716.79    0.0   2887     0 |    1.59   2.12   0.18  -1.15
0  8.77e+06 4733.73 | 4716.13    0.0   2887     0 |    1.59   2.13   0.05  -1.16
0  8.82e+06 4733.73 | 4712.20    0.0   2887     0 |    1.59   1.86   0.07  -1.15
0  8.86e+06 4733.73 | 4720.81    0.0   2887     0 |    1.59   2.02   0.02  -1.15
0  8.91e+06 4733.73 | 4725.00    0.0   2887     0 |    1.59   2.25   0.08  -1.16
0  8.95e+06 4733.73 | 4719.47    0.0   2887     0 |    1.59   2.12   0.09  -1.16
0  9.00e+06 4733.73 | 4719.70    0.0   2887     0 |    1.59   2.06   0.17  -1.16
0  9.05e+06 4733.73 | 4706.00    0.0   2887     0 |    1.59   1.94   0.07  -1.16
0  9.09e+06 4733.73 | 4712.73    0.0   2887     0 |    1.59   2.27   0.08  -1.16
0  9.14e+06 4733.73 | 4712.32    0.0   2887     0 |    1.59   1.99   0.14  -1.16
0  9.19e+06 4733.73 | 4721.06    0.0   2887     0 |    1.59   2.13   0.06  -1.17
0  9.23e+06 4733.73 | 4727.33    0.0   2887     0 |    1.59   2.02  -0.01  -1.16
0  9.28e+06 4733.73 | 4719.79    0.0   2887     0 |    1.59   2.31   0.05  -1.17
0  9.32e+06 4733.73 | 4697.20    0.0   2887     0 |    1.58   2.03   0.08  -1.17
0  9.37e+06 4733.73 | 4690.65    0.0   2887     0 |    1.59   2.02   0.03  -1.17
0  9.42e+06 4733.73 | 4699.44    0.0   2887     0 |    1.59   2.30   0.10  -1.17
0  9.46e+06 4733.73 | 4717.18    0.0   2887     0 |    1.59   2.27   0.15  -1.16
0  9.51e+06 4733.73 | 4720.77    0.0   2887     0 |    1.59   2.22  -0.04  -1.16
0  9.56e+06 4733.73 | 4708.88    0.0   2887     0 |    1.59   2.10   0.16  -1.16
0  9.60e+06 4733.73 | 4707.32    0.0   2887     0 |    1.59   2.10   0.10  -1.16
0  9.65e+06 4733.73 | 4665.35    0.0   2887     0 |    1.58   1.90   0.09  -1.16
0  9.69e+06 4733.73 | 4685.96    0.0   2887     0 |    1.58   2.17   0.12  -1.16
0  9.74e+06 4733.73 | 4696.99    0.0   2887     0 |    1.59   1.98  -0.06  -1.16
0  9.79e+06 4733.73 | 4665.60    0.0   2887     0 |    1.58   2.11   0.10  -1.16
0  9.83e+06 4737.48 |
成功率：80.1%, 提交量大于阈值的概率：0.63345%, 超供率：69.3%, 超供程度：58.4%, 超供平均值：4.0, 方差：27.3
0  9.83e+06 4737.48 | 4737.48    0.0   2887     0 |    1.59   1.87   0.05  -1.16
0  9.85e+06 4739.15 |
成功率：80.1%, 提交量大于阈值的概率：0.63591%, 超供率：69.3%, 超供程度：58.3%, 超供平均值：4.0, 方差：26.7
0  9.85e+06 4739.15 | 4739.15    0.0   2887     0 |    1.59   2.12   0.06  -1.16
0  9.87e+06 4739.15 | 4729.15    0.0   2887     0 |    1.60   1.72   0.14  -1.16
0  9.91e+06 4739.15 | 4712.45    0.0   2887     0 |    1.60   1.83   0.11  -1.16
0  9.96e+06 4739.15 | 4737.72    0.0   2887     0 |    1.60   1.97   0.04  -1.16
0  1.00e+07 4739.15 | 4723.83    0.0   2887     0 |    1.59   2.27   0.06  -1.17
0  1.01e+07 4742.46 |
成功率：79.9%, 提交量大于阈值的概率：0.62130%, 超供率：69.3%, 超供程度：57.8%, 超供平均值：4.0, 方差：25.9
0  1.01e+07 4742.46 | 4742.46    0.0   2887     0 |    1.60   1.63   0.08  -1.16
0  1.01e+07 4748.21 |
成功率：79.9%, 提交量大于阈值的概率：0.60328%, 超供率：69.2%, 超供程度：57.7%, 超供平均值：4.0, 方差：25.8
0  1.01e+07 4748.21 | 4748.21    0.0   2887     0 |    1.60   2.17   0.15  -1.16
0  1.01e+07 4748.21 | 4738.73    0.0   2887     0 |    1.60   2.00  -0.04  -1.17
0  1.01e+07 4748.21 | 4744.05    0.0   2887     0 |    1.60   2.48   0.05  -1.16
0  1.02e+07 4750.82 |
成功率：80.0%, 提交量大于阈值的概率：0.63349%, 超供率：69.3%, 超供程度：57.5%, 超供平均值：4.0, 方差：25.8
0  1.02e+07 4750.82 | 4750.82    0.0   2887     0 |    1.60   2.07   0.02  -1.16
0  1.02e+07 4750.82 | 4738.01    0.0   2887     0 |    1.60   1.95  -0.01  -1.16
0  1.02e+07 4750.82 | 4745.69    0.0   2887     0 |    1.60   1.73   0.03  -1.16
0  1.03e+07 4750.82 | 4744.65    0.0   2887     0 |    1.60   2.05   0.04  -1.17
0  1.03e+07 4750.82 | 4738.22    0.0   2887     0 |    1.60   1.99   0.08  -1.17
0  1.04e+07 4750.82 | 4747.37    0.0   2887     0 |    1.60   1.86  -0.00  -1.17
0  1.04e+07 4750.82 | 4741.78    0.0   2887     0 |    1.60   2.12   0.13  -1.16
0  1.05e+07 4763.73 |
成功率：79.9%, 提交量大于阈值的概率：0.61214%, 超供率：69.3%, 超供程度：56.8%, 超供平均值：3.9, 方差：24.8
0  1.05e+07 4763.73 | 4763.73    0.0   2887     0 |    1.61   1.94   0.08  -1.16
0  1.05e+07 4763.73 | 4756.12    0.0   2887     0 |    1.61   2.13   0.12  -1.16
0  1.05e+07 4763.73 | 4759.64    0.0   2887     0 |    1.61   1.96  -0.01  -1.16
0  1.06e+07 4773.28 |
成功率：79.8%, 提交量大于阈值的概率：0.58603%, 超供率：69.0%, 超供程度：55.9%, 超供平均值：3.9, 方差：23.7
0  1.06e+07 4773.28 | 4773.28    0.0   2887     0 |    1.61   2.39   0.22  -1.16
0  1.06e+07 4773.28 | 4765.51    0.0   2887     0 |    1.61   1.87   0.11  -1.16
0  1.06e+07 4774.05 |
成功率：80.1%, 提交量大于阈值的概率：0.68817%, 超供率：69.5%, 超供程度：56.6%, 超供平均值：3.9, 方差：25.2
0  1.06e+07 4774.05 | 4774.05    0.0   2887     0 |    1.61   2.06   0.13  -1.16
0  1.07e+07 4774.05 | 4757.13    0.0   2887     0 |    1.61   2.14  -0.01  -1.17
0  1.07e+07 4774.05 | 4706.34    0.0   2887     0 |    1.60   1.97   0.02  -1.16
0  1.08e+07 4774.05 | 4756.36    0.0   2887     0 |    1.61   1.87   0.05  -1.16
0  1.08e+07 4774.05 | 4751.47    0.0   2887     0 |    1.61   2.33   0.15  -1.17
0  1.08e+07 4774.05 | 4734.60    0.0   2887     0 |    1.60   2.22   0.11  -1.17
0  1.09e+07 4774.05 | 4759.14    0.0   2887     0 |    1.60   1.96   0.14  -1.17
0  1.09e+07 4774.05 | 4747.03    0.0   2887     0 |    1.60   2.22   0.04  -1.17
0  1.10e+07 4774.05 | 4725.87    0.0   2887     0 |    1.60   1.72   0.13  -1.17
0  1.10e+07 4774.05 | 4718.90    0.0   2887     0 |    1.60   2.11   0.09  -1.16
0  1.11e+07 4774.05 | 4725.75    0.0   2887     0 |    1.60   2.15   0.08  -1.17
0  1.11e+07 4774.05 | 4690.55    0.0   2887     0 |    1.60   1.86   0.10  -1.16
0  1.12e+07 4774.05 | 4663.20    0.0   2887     0 |    1.58   2.00   0.16  -1.16
0  1.12e+07 4774.05 | 4652.88    0.0   2887     0 |    1.58   2.07   0.04  -1.17
0  1.13e+07 4774.05 | 4702.18    0.0   2887     0 |    1.59   2.21   0.13  -1.16
0  1.13e+07 4774.05 | 4737.44    0.0   2887     0 |    1.60   2.04   0.12  -1.16
0  1.14e+07 4774.05 | 4741.16    0.0   2887     0 |    1.60   1.94   0.08  -1.16
0  1.14e+07 4774.05 | 4739.38    0.0   2887     0 |    1.60   2.07   0.16  -1.16
0  1.14e+07 4774.05 | 4742.22    0.0   2887     0 |    1.60   2.16   0.04  -1.16
0  1.15e+07 4774.05 | 4747.11    0.0   2887     0 |    1.60   1.83   0.16  -1.16
0  1.15e+07 4774.05 | 4757.82    0.0   2887     0 |    1.61   1.96   0.07  -1.16
0  1.16e+07 4774.05 | 4761.32    0.0   2887     0 |    1.61   2.13   0.14  -1.17
0  1.16e+07 4774.05 | 4756.23    0.0   2887     0 |    1.61   2.03   0.05  -1.17
0  1.17e+07 4774.05 | 4747.94    0.0   2887     0 |    1.61   1.88   0.04  -1.17
0  1.17e+07 4774.05 | 4730.85    0.0   2887     0 |    1.60   2.14  -0.13  -1.17
0  1.18e+07 4774.05 | 4744.67    0.0   2887     0 |    1.60   1.94   0.09  -1.16
0  1.18e+07 4774.05 | 4736.22    0.0   2887     0 |    1.61   2.09  -0.02  -1.17
0  1.19e+07 4774.05 | 4740.90    0.0   2887     0 |    1.61   2.09   0.08  -1.17
0  1.19e+07 4774.05 | 4755.81    0.0   2887     0 |    1.61   2.29   0.17  -1.17
0  1.20e+07 4774.05 | 4761.28    0.0   2887     0 |    1.62   2.20   0.15  -1.18
0  1.20e+07 4774.05 | 4750.20    0.0   2887     0 |    1.61   1.96   0.16  -1.17
0  1.20e+07 4774.05 | 4758.48    0.0   2887     0 |    1.61   2.11   0.04  -1.17
0  1.21e+07 4774.05 | 4758.78    0.0   2887     0 |    1.61   2.14   0.13  -1.17
0  1.21e+07 4774.05 | 4749.29    0.0   2887     0 |    1.61   2.07   0.07  -1.17
0  1.22e+07 4774.05 | 4745.86    0.0   2887     0 |    1.60   2.04   0.12  -1.17
0  1.22e+07 4774.05 | 4742.21    0.0   2887     0 |    1.61   1.90   0.09  -1.17
0  1.23e+07 4774.05 | 4745.64    0.0   2887     0 |    1.61   2.06   0.04  -1.17
0  1.23e+07 4774.05 | 4750.52    0.0   2887     0 |    1.61   1.94   0.17  -1.17
0  1.24e+07 4774.05 | 4760.35    0.0   2887     0 |    1.61   2.12   0.10  -1.17
0  1.24e+07 4777.96 |
成功率：80.9%, 提交量大于阈值的概率：0.87898%, 超供率：69.4%, 超供程度：55.6%, 超供平均值：3.8, 方差：29.2
0  1.24e+07 4777.96 | 4777.96    0.0   2887     0 |    1.61   2.25   0.06  -1.16
0  1.24e+07 4777.96 | 4774.55    0.0   2887     0 |    1.62   2.16   0.05  -1.16
0  1.25e+07 4777.96 | 4763.26    0.0   2887     0 |    1.61   2.10   0.19  -1.16
0  1.25e+07 4777.96 | 4766.95    0.0   2887     0 |    1.61   1.94   0.04  -1.16
0  1.26e+07 4777.96 | 4771.21    0.0   2887     0 |    1.62   2.05   0.08  -1.17
0  1.26e+07 4786.72 |
成功率：80.8%, 提交量大于阈值的概率：0.81594%, 超供率：69.1%, 超供程度：55.9%, 超供平均值：3.8, 方差：28.5
0  1.26e+07 4786.72 | 4786.72    0.0   2887     0 |    1.62   2.39  -0.00  -1.18
0  1.26e+07 4786.72 | 4774.16    0.0   2887     0 |    1.62   1.93   0.01  -1.17
0  1.27e+07 4786.72 | 4774.69    0.0   2887     0 |    1.61   2.27   0.26  -1.18
0  1.27e+07 4788.61 |
成功率：80.6%, 提交量大于阈值的概率：0.80970%, 超供率：68.8%, 超供程度：55.9%, 超供平均值：3.8, 方差：28.5
0  1.27e+07 4788.61 | 4788.61    0.0   2887     0 |    1.62   1.81   0.02  -1.18
0  1.27e+07 4792.20 |
成功率：80.5%, 提交量大于阈值的概率：0.77249%, 超供率：68.7%, 超供程度：55.8%, 超供平均值：3.8, 方差：27.9
0  1.27e+07 4792.20 | 4792.20    0.0   2887     0 |    1.62   2.10   0.03  -1.18
0  1.28e+07 4792.20 | 4787.92    0.0   2887     0 |    1.62   1.97   0.06  -1.18
0  1.28e+07 4792.20 | 4787.40    0.0   2887     0 |    1.62   1.94   0.10  -1.17
0  1.29e+07 4793.70 |
成功率：81.0%, 提交量大于阈值的概率：0.88418%, 超供率：69.1%, 超供程度：55.8%, 超供平均值：3.8, 方差：29.3
0  1.29e+07 4793.70 | 4793.70    0.0   2887     0 |    1.62   1.94  -0.03  -1.17
0  1.29e+07 4793.70 | 4790.77    0.0   2887     0 |    1.62   1.90   0.02  -1.17
