################################################################################
ID     Step    maxR |    avgR   stdR   avgS  stdS |    expR   objC   etc.
0  5.77e+03 2041.88 |
成功率：98.5%, 提交量大于阈值的概率：1.26285%, 超供率：96.4%, 超供程度：83.9%, 超供平均值：5.7, 方差：202.6
0  5.77e+03 2041.88 | 2041.88    0.0   2887     0 |    0.53   3.03  -0.08  -0.50
0  2.89e+04 2114.48 |
成功率：98.4%, 提交量大于阈值的概率：1.28164%, 超供率：96.2%, 超供程度：82.1%, 超供平均值：5.5, 方差：194.4
0  2.89e+04 2114.48 | 2114.48    0.0   2887     0 |    0.60   1.91   0.04  -0.51
0  5.19e+04 2219.20 |
成功率：98.5%, 提交量大于阈值的概率：1.28518%, 超供率：96.0%, 超供程度：80.4%, 超供平均值：5.4, 方差：183.8
0  5.19e+04 2219.20 | 2219.20    0.0   2886     0 |    0.65   2.07  -0.05  -0.52
0  7.50e+04 2314.59 |
成功率：98.3%, 提交量大于阈值的概率：1.30438%, 超供率：95.9%, 超供程度：79.2%, 超供平均值：5.4, 方差：174.1
0  7.50e+04 2314.59 | 2314.59    0.0   2886     0 |    0.69   1.72   0.03  -0.53
0  9.81e+04 2391.85 |
成功率：98.1%, 提交量大于阈值的概率：1.29479%, 超供率：95.6%, 超供程度：77.8%, 超供平均值：5.3, 方差：167.8
0  9.81e+04 2391.85 | 2391.85    0.0   2885     0 |    0.72   1.82  -0.03  -0.54
0  1.21e+05 2486.83 |
成功率：97.8%, 提交量大于阈值的概率：1.29570%, 超供率：95.1%, 超供程度：76.1%, 超供平均值：5.2, 方差：161.9
0  1.21e+05 2486.83 | 2486.83    0.0   2885     0 |    0.77   1.87   0.03  -0.55
0  1.44e+05 2593.57 |
成功率：97.2%, 提交量大于阈值的概率：1.31004%, 超供率：94.5%, 超供程度：74.9%, 超供平均值：5.1, 方差：156.7
0  1.44e+05 2593.57 | 2593.57    0.0   2886     0 |    0.80   1.48  -0.01  -0.57
0  1.67e+05 2716.16 |
成功率：96.6%, 提交量大于阈值的概率：1.32448%, 超供率：93.4%, 超供程度：72.9%, 超供平均值：5.0, 方差：149.6
0  1.67e+05 2716.16 | 2716.16    0.0   2886     0 |    0.84   1.57   0.02  -0.57
0  1.85e+05 2800.87 |
成功率：96.2%, 提交量大于阈值的概率：1.31008%, 超供率：92.6%, 超供程度：71.5%, 超供平均值：4.9, 方差：145.7
0  1.85e+05 2800.87 | 2800.87    0.0   2886     0 |    0.87   1.30   0.05  -0.58
0  2.08e+05 2926.00 |
成功率：95.4%, 提交量大于阈值的概率：1.29573%, 超供率：91.1%, 超供程度：69.3%, 超供平均值：4.8, 方差：139.3
0  2.08e+05 2926.00 | 2926.00    0.0   2886     0 |    0.92   1.51  -0.06  -0.59
0  2.31e+05 3063.13 |
成功率：94.5%, 提交量大于阈值的概率：1.29516%, 超供率：89.7%, 超供程度：67.8%, 超供平均值：4.7, 方差：128.2
0  2.31e+05 3063.13 | 3063.13    0.0   2886     0 |    0.96   1.22  -0.01  -0.61
0  2.48e+05 3182.32 |
成功率：93.7%, 提交量大于阈值的概率：1.28663%, 超供率：88.4%, 超供程度：66.8%, 超供平均值：4.6, 方差：119.4
0  2.48e+05 3182.32 | 3182.32    0.0   2886     0 |    0.99   1.34   0.05  -0.62
0  2.66e+05 3333.47 |
成功率：92.5%, 提交量大于阈值的概率：1.27499%, 超供率：86.7%, 超供程度：66.3%, 超供平均值：4.6, 方差：109.3
0  2.66e+05 3333.47 | 3333.47    0.0   2886     0 |    1.04   1.15   0.08  -0.63
0  2.83e+05 3470.35 |
成功率：91.5%, 提交量大于阈值的概率：1.28029%, 超供率：85.2%, 超供程度：65.7%, 超供平均值：4.5, 方差：98.9
0  2.83e+05 3470.35 | 3470.35    0.0   2886     0 |    1.08   1.00   0.03  -0.64
0  3.00e+05 3620.25 |
成功率：90.2%, 提交量大于阈值的概率：1.28499%, 超供率：83.7%, 超供程度：65.4%, 超供平均值：4.5, 方差：89.5
0  3.00e+05 3620.25 | 3620.25    0.0   2887     0 |    1.12   1.03  -0.08  -0.65
0  3.17e+05 3799.07 |
成功率：88.5%, 提交量大于阈值的概率：1.25703%, 超供率：81.5%, 超供程度：64.6%, 超供平均值：4.5, 方差：76.5
0  3.17e+05 3799.07 | 3799.07    0.0   2887     0 |    1.19   0.94   0.03  -0.66
0  3.35e+05 4067.70 |
成功率：86.3%, 提交量大于阈值的概率：1.23868%, 超供率：79.1%, 超供程度：64.3%, 超供平均值：4.4, 方差：58.6
0  3.35e+05 4067.70 | 4067.70    0.0   2887     0 |    1.25   0.77   0.07  -0.67
0  3.52e+05 4307.10 |
成功率：84.1%, 提交量大于阈值的概率：1.22518%, 超供率：76.9%, 超供程度：64.7%, 超供平均值：4.5, 方差：45.5
0  3.52e+05 4307.10 | 4307.10    0.0   2887     0 |    1.32   0.72  -0.05  -0.69
0  3.69e+05 4483.34 |
成功率：82.5%, 提交量大于阈值的概率：1.12547%, 超供率：75.3%, 超供程度：65.0%, 超供平均值：4.5, 方差：37.4
0  3.69e+05 4483.34 | 4483.34    0.0   2887     0 |    1.37   0.55  -0.03  -0.70
0  3.87e+05 4629.19 |
成功率：80.4%, 提交量大于阈值的概率：0.77312%, 超供率：73.1%, 超供程度：65.0%, 超供平均值：4.5, 方差：29.3
0  3.87e+05 4629.19 | 4629.19    0.0   2887     0 |    1.41   0.51   0.05  -0.72
0  4.04e+05 4673.47 |
成功率：79.3%, 提交量大于阈值的概率：0.38386%, 超供率：71.7%, 超供程度：64.9%, 超供平均值：4.5, 方差：25.1
0  4.04e+05 4673.47 | 4673.47    0.0   2887     0 |    1.44   0.53  -0.06  -0.73
0  4.21e+05 4673.47 | 4636.74    0.0   2887     0 |    1.44   0.38   0.05  -0.75
0  4.68e+05 4673.47 | 4551.04    0.0   2887     0 |    1.45   0.35   0.08  -0.79
0  5.14e+05 4710.96 |
成功率：78.6%, 提交量大于阈值的概率：0.10752%, 超供率：67.6%, 超供程度：61.2%, 超供平均值：4.2, 方差：23.1
0  5.14e+05 4710.96 | 4710.96    0.0   2887     0 |    1.49   0.36   0.00  -0.82
0  5.31e+05 4741.31 |
成功率：78.8%, 提交量大于阈值的概率：0.14193%, 超供率：67.3%, 超供程度：60.8%, 超供平均值：4.2, 方差：23.8
0  5.31e+05 4741.31 | 4741.31    0.0   2887     0 |    1.51   0.38  -0.06  -0.83
0  5.48e+05 4827.42 |
成功率：79.7%, 提交量大于阈值的概率：0.39172%, 超供率：67.7%, 超供程度：60.7%, 超供平均值：4.2, 方差：26.6
0  5.48e+05 4827.42 | 4827.42    0.0   2887     0 |    1.52   0.40   0.01  -0.85
0  5.66e+05 4827.42 | 4784.47    0.0   2887     0 |    1.54   0.38   0.04  -0.87
0  6.12e+05 4836.42 |
成功率：79.3%, 提交量大于阈值的概率：0.25825%, 超供率：66.5%, 超供程度：59.3%, 超供平均值：4.1, 方差：25.3
0  6.12e+05 4836.42 | 4836.42    0.0   2887     0 |    1.56   0.35  -0.01  -0.90
0  6.35e+05 4836.42 | 4827.97    0.0   2887     0 |    1.57   0.33   0.06  -0.91
0  6.81e+05 4875.15 |
成功率：79.5%, 提交量大于阈值的概率：0.28484%, 超供率：65.7%, 超供程度：58.1%, 超供平均值：4.0, 方差：25.3
0  6.81e+05 4875.15 | 4875.15    0.0   2887     0 |    1.59   0.39   0.03  -0.94
0  7.04e+05 4894.63 |
成功率：79.8%, 提交量大于阈值的概率：0.40827%, 超供率：66.2%, 超供程度：58.4%, 超供平均值：4.0, 方差：26.7
0  7.04e+05 4894.63 | 4894.63    0.0   2887     0 |    1.60   0.31   0.01  -0.95
0  7.22e+05 4894.63 | 4882.34    0.0   2887     0 |    1.60   0.37   0.04  -0.96
0  7.68e+05 4905.46 |
成功率：79.8%, 提交量大于阈值的概率：0.40572%, 超供率：65.8%, 超供程度：57.8%, 超供平均值：4.0, 方差：26.0
0  7.68e+05 4905.46 | 4905.46    0.0   2887     0 |    1.61   0.40   0.00  -0.99
0  7.85e+05 4905.46 | 4902.38    0.0   2887     0 |    1.62   0.37   0.03  -1.00
0  8.31e+05 4926.97 |
成功率：80.0%, 提交量大于阈值的概率：0.50005%, 超供率：65.4%, 超供程度：56.9%, 超供平均值：3.9, 方差：25.9
0  8.31e+05 4926.97 | 4926.97    0.0   2887     0 |    1.63   0.32   0.08  -1.02
0  8.49e+05 4931.09 |
成功率：80.2%, 提交量大于阈值的概率：0.57279%, 超供率：65.7%, 超供程度：57.1%, 超供平均值：3.9, 方差：26.3
0  8.49e+05 4931.09 | 4931.09    0.0   2887     0 |    1.63   0.36   0.06  -1.03
0  8.66e+05 4931.09 | 4908.09    0.0   2887     0 |    1.63   0.31   0.10  -1.04
0  9.12e+05 4931.09 | 4891.12    0.0   2887     0 |    1.63   0.29   0.01  -1.06
0  9.58e+05 4950.21 |
成功率：80.0%, 提交量大于阈值的概率：0.44619%, 超供率：64.9%, 超供程度：56.8%, 超供平均值：3.9, 方差：25.7
0  9.58e+05 4950.21 | 4950.21    0.0   2887     0 |    1.65   0.33   0.15  -1.08
0  9.76e+05 4957.92 |
成功率：80.0%, 提交量大于阈值的概率：0.44780%, 超供率：64.6%, 超供程度：56.5%, 超供平均值：3.9, 方差：25.6
0  9.76e+05 4957.92 | 4957.92    0.0   2887     0 |    1.65   0.32   0.11  -1.09
0  9.93e+05 4957.92 | 4941.14    0.0   2887     0 |    1.65   0.31   0.19  -1.10
0  1.04e+06 4962.04 |
成功率：80.1%, 提交量大于阈值的概率：0.48418%, 超供率：64.1%, 超供程度：56.0%, 超供平均值：3.8, 方差：25.8
0  1.04e+06 4962.04 | 4962.04    0.0   2887     0 |    1.66   0.31  -0.07  -1.12
0  1.06e+06 4962.04 | 4926.73    0.0   2887     0 |    1.66   0.34  -0.03  -1.12
0  1.10e+06 4962.04 | 4939.82    0.0   2887     0 |    1.67   0.32   0.03  -1.13
0  1.15e+06 4964.51 |
成功率：79.8%, 提交量大于阈值的概率：0.36835%, 超供率：63.5%, 超供程度：55.8%, 超供平均值：3.8, 方差：24.7
0  1.15e+06 4964.51 | 4964.51    0.0   2887     0 |    1.66   0.33  -0.05  -1.14
0  1.17e+06 4975.92 |
成功率：80.0%, 提交量大于阈值的概率：0.44538%, 超供率：63.7%, 超供程度：55.9%, 超供平均值：3.8, 方差：25.5
0  1.17e+06 4975.92 | 4975.92    0.0   2887     0 |    1.67   0.29   0.02  -1.15
0  1.18e+06 4979.58 |
成功率：80.4%, 提交量大于阈值的概率：0.62380%, 超供率：64.0%, 超供程度：55.9%, 超供平均值：3.8, 方差：26.4
0  1.18e+06 4979.58 | 4979.58    0.0   2887     0 |    1.67   0.32   0.15  -1.15
0  1.20e+06 4979.58 | 4978.35    0.0   2887     0 |    1.67   0.30   0.00  -1.16
0  1.25e+06 4981.37 |
成功率：80.0%, 提交量大于阈值的概率：0.41234%, 超供率：63.4%, 超供程度：55.7%, 超供平均值：3.8, 方差：25.3
0  1.25e+06 4981.37 | 4981.37    0.0   2887     0 |    1.68   0.32  -0.05  -1.17
0  1.26e+06 4981.37 | 4950.08    0.0   2887     0 |    1.67   0.30   0.01  -1.18
0  1.31e+06 4981.37 | 4870.03    0.0   2887     0 |    1.65   0.33   0.07  -1.18
0  1.36e+06 4981.37 | 4965.05    0.0   2887     0 |    1.68   0.30   0.10  -1.18
0  1.40e+06 4996.99 |
成功率：79.9%, 提交量大于阈值的概率：0.38751%, 超供率：62.6%, 超供程度：54.3%, 超供平均值：3.7, 方差：24.4
0  1.40e+06 4996.99 | 4996.99    0.0   2887     0 |    1.68   0.30  -0.05  -1.18
0  1.42e+06 5015.29 |
成功率：80.2%, 提交量大于阈值的概率：0.50779%, 超供率：63.0%, 超供程度：54.4%, 超供平均值：3.7, 方差：25.3
0  1.42e+06 5015.29 | 5015.29    0.0   2887     0 |    1.69   0.30  -0.05  -1.18
0  1.44e+06 5015.29 | 5005.03    0.0   2887     0 |    1.69   0.26   0.01  -1.18
0  1.48e+06 5015.29 | 5014.28    0.0   2887     0 |    1.69   0.28  -0.01  -1.18
0  1.53e+06 5017.30 |
成功率：80.2%, 提交量大于阈值的概率：0.50210%, 超供率：62.7%, 超供程度：54.4%, 超供平均值：3.7, 方差：25.1
0  1.53e+06 5017.30 | 5017.30    0.0   2887     0 |    1.70   0.32   0.08  -1.18
0  1.55e+06 5017.30 | 5008.88    0.0   2887     0 |    1.70   0.30   0.02  -1.18
0  1.60e+06 5017.30 | 4974.43    0.0   2887     0 |    1.69   0.30   0.08  -1.18
0  1.65e+06 5017.30 | 4924.35    0.0   2887     0 |    1.68   0.30  -0.06  -1.18
0  1.69e+06 5035.15 |
成功率：80.1%, 提交量大于阈值的概率：0.43999%, 超供率：61.9%, 超供程度：54.1%, 超供平均值：3.7, 方差：25.3
0  1.69e+06 5035.15 | 5035.15    0.0   2887     0 |    1.70   0.28   0.08  -1.18
0  1.71e+06 5035.15 | 5030.40    0.0   2887     0 |    1.70   0.30  -0.04  -1.18
0  1.76e+06 5035.15 | 5018.73    0.0   2887     0 |    1.70   0.28  -0.15  -1.18
0  1.80e+06 5035.15 | 5026.14    0.0   2887     0 |    1.71   0.37  -0.10  -1.18
0  1.85e+06 5035.15 | 5023.72    0.0   2887     0 |    1.71   0.28   0.01  -1.17
0  1.89e+06 5035.15 | 5008.99    0.0   2887     0 |    1.70   0.30   0.01  -1.17
0  1.94e+06 5035.15 | 5028.75    0.0   2887     0 |    1.71   0.28   0.12  -1.17
0  1.99e+06 5035.15 | 5030.04    0.0   2887     0 |    1.71   0.30  -0.05  -1.17
0  2.03e+06 5035.15 | 5019.13    0.0   2887     0 |    1.70   0.25   0.14  -1.17
0  2.08e+06 5035.55 |
成功率：80.3%, 提交量大于阈值的概率：0.56070%, 超供率：61.8%, 超供程度：53.5%, 超供平均值：3.7, 方差：25.5
0  2.08e+06 5035.55 | 5035.55    0.0   2887     0 |    1.71   0.26   0.05  -1.17
0  2.10e+06 5035.55 | 5028.53    0.0   2887     0 |    1.71   0.27   0.01  -1.17
0  2.14e+06 5035.55 | 5022.37    0.0   2887     0 |    1.71   0.31   0.03  -1.16
0  2.19e+06 5035.55 | 4992.99    0.0   2887     0 |    1.70   0.27  -0.04  -1.16
0  2.23e+06 5035.55 | 5008.31    0.0   2887     0 |    1.71   0.27   0.03  -1.16
0  2.28e+06 5035.55 | 5026.51    0.0   2887     0 |    1.71   0.29  -0.06  -1.16
0  2.33e+06 5035.55 | 5025.61    0.0   2887     0 |    1.71   0.26   0.14  -1.16
0  2.37e+06 5035.55 | 5020.00    0.0   2887     0 |    1.71   0.30   0.07  -1.17
0  2.42e+06 5035.55 | 5029.33    0.0   2887     0 |    1.71   0.25   0.02  -1.17
0  2.47e+06 5035.55 | 5034.50    0.0   2887     0 |    1.72   0.26   0.09  -1.16
0  2.51e+06 5035.55 | 4996.51    0.0   2887     0 |    1.71   0.27   0.23  -1.16
0  2.56e+06 5035.55 | 4997.32    0.0   2887     0 |    1.71   0.26   0.14  -1.16
0  2.60e+06 5035.55 | 4983.54    0.0   2887     0 |    1.70   0.30  -0.01  -1.16
0  2.65e+06 5035.55 | 5001.20    0.0   2887     0 |    1.72   0.27  -0.02  -1.16
0  2.70e+06 5035.55 | 5024.13    0.0   2887     0 |    1.71   0.29  -0.07  -1.16
0  2.74e+06 5035.55 | 5021.23    0.0   2887     0 |    1.72   0.24  -0.00  -1.16
0  2.79e+06 5035.55 | 5010.83    0.0   2887     0 |    1.71   0.29   0.08  -1.15
0  2.83e+06 5035.55 | 5028.48    0.0   2887     0 |    1.71   0.25  -0.02  -1.16
0  2.88e+06 5057.41 |
成功率：80.2%, 提交量大于阈值的概率：0.50053%, 超供率：60.6%, 超供程度：52.2%, 超供平均值：3.6, 方差：25.2
0  2.88e+06 5057.41 | 5057.41    0.0   2887     0 |    1.72   0.26   0.13  -1.17
0  2.90e+06 5057.41 | 5052.88    0.0   2887     0 |    1.73   0.27   0.10  -1.18
0  2.94e+06 5057.41 | 5053.05    0.0   2887     0 |    1.72   0.26   0.04  -1.17
0  2.99e+06 5057.41 | 5049.78    0.0   2887     0 |    1.73   0.23   0.05  -1.17
0  3.04e+06 5057.41 | 5048.69    0.0   2887     0 |    1.72   0.27   0.09  -1.17
0  3.08e+06 5064.36 |
成功率：80.1%, 提交量大于阈值的概率：0.45715%, 超供率：60.0%, 超供程度：51.8%, 超供平均值：3.5, 方差：24.9
0  3.08e+06 5064.36 | 5064.36    0.0   2887     0 |    1.73   0.24   0.05  -1.17
0  3.10e+06 5068.30 |
成功率：80.3%, 提交量大于阈值的概率：0.53887%, 超供率：60.3%, 超供程度：51.9%, 超供平均值：3.5, 方差：25.3
0  3.10e+06 5068.30 | 5068.30    0.0   2887     0 |    1.73   0.29   0.03  -1.17
0  3.12e+06 5068.79 |
成功率：80.2%, 提交量大于阈值的概率：0.50752%, 超供率：60.3%, 超供程度：52.1%, 超供平均值：3.6, 方差：25.2
0  3.12e+06 5068.79 | 5068.79    0.0   2887     0 |    1.73   0.28  -0.01  -1.17
0  3.14e+06 5068.79 | 5068.12    0.0   2887     0 |    1.73   0.25   0.03  -1.17
0  3.18e+06 5068.79 | 5054.49    0.0   2887     0 |    1.72   0.24  -0.02  -1.16
0  3.23e+06 5068.79 | 5052.35    0.0   2887     0 |    1.73   0.28  -0.05  -1.17
0  3.27e+06 5068.79 | 5062.91    0.0   2887     0 |    1.73   0.27   0.17  -1.17
0  3.32e+06 5070.00 |
成功率：79.9%, 提交量大于阈值的概率：0.38489%, 超供率：58.8%, 超供程度：50.9%, 超供平均值：3.5, 方差：24.4
0  3.32e+06 5070.00 | 5070.00    0.0   2887     0 |    1.74   0.27  -0.00  -1.17
0  3.34e+06 5083.47 |
成功率：80.3%, 提交量大于阈值的概率：0.52834%, 超供率：59.1%, 超供程度：51.1%, 超供平均值：3.5, 方差：25.4
0  3.34e+06 5083.47 | 5083.47    0.0   2887     0 |    1.74   0.30   0.01  -1.17
0  3.35e+06 5083.47 | 5077.44    0.0   2887     0 |    1.74   0.25   0.04  -1.17
0  3.40e+06 5085.92 |
成功率：79.9%, 提交量大于阈值的概率：0.37610%, 超供率：58.0%, 超供程度：50.2%, 超供平均值：3.4, 方差：24.2
0  3.40e+06 5085.92 | 5085.92    0.0   2887     0 |    1.74   0.22   0.01  -1.17
0  3.42e+06 5095.97 |
成功率：80.1%, 提交量大于阈值的概率：0.45550%, 超供率：58.4%, 超供程度：50.3%, 超供平均值：3.4, 方差：24.9
0  3.42e+06 5095.97 | 5095.97    0.0   2887     0 |    1.74   0.24   0.03  -1.17
0  3.44e+06 5095.97 | 5094.82    0.0   2887     0 |    1.74   0.24  -0.01  -1.17
0  3.48e+06 5095.97 | 5079.48    0.0   2887     0 |    1.74   0.28   0.06  -1.16
0  3.53e+06 5108.60 |
成功率：80.1%, 提交量大于阈值的概率：0.47239%, 超供率：57.7%, 超供程度：49.7%, 超供平均值：3.4, 方差：24.8
0  3.53e+06 5108.60 | 5108.60    0.0   2887     0 |    1.74   0.26   0.12  -1.17
0  3.55e+06 5109.98 |
成功率：80.3%, 提交量大于阈值的概率：0.54277%, 超供率：57.9%, 超供程度：49.7%, 超供平均值：3.4, 方差：25.3
0  3.55e+06 5109.98 | 5109.98    0.0   2887     0 |    1.75   0.25   0.09  -1.17
0  3.56e+06 5111.98 |
成功率：80.5%, 提交量大于阈值的概率：0.66073%, 超供率：58.3%, 超供程度：49.9%, 超供平均值：3.4, 方差：25.9
0  3.56e+06 5111.98 | 5111.98    0.0   2887     0 |    1.75   0.27   0.08  -1.17
0  3.58e+06 5117.66 |
成功率：80.4%, 提交量大于阈值的概率：0.57615%, 超供率：58.0%, 超供程度：49.7%, 超供平均值：3.4, 方差：25.4
0  3.58e+06 5117.66 | 5117.66    0.0   2887     0 |    1.75   0.27   0.15  -1.17
0  3.60e+06 5117.66 | 5113.56    0.0   2887     0 |    1.75   0.25  -0.03  -1.17
0  3.64e+06 5117.66 | 5112.62    0.0   2887     0 |    1.75   0.23   0.13  -1.16
0  3.69e+06 5117.66 | 5100.74    0.0   2887     0 |    1.74   0.27  -0.03  -1.16
0  3.74e+06 5125.86 |
成功率：80.4%, 提交量大于阈值的概率：0.57941%, 超供率：57.5%, 超供程度：49.1%, 超供平均值：3.4, 方差：25.3
0  3.74e+06 5125.86 | 5125.86    0.0   2887     0 |    1.75   0.23  -0.02  -1.16
0  3.75e+06 5129.42 |
成功率：80.4%, 提交量大于阈值的概率：0.57261%, 超供率：57.6%, 超供程度：49.3%, 超供平均值：3.4, 方差：25.3
0  3.75e+06 5129.42 | 5129.42    0.0   2887     0 |    1.75   0.30   0.11  -1.16
0  3.77e+06 5130.06 |
成功率：80.7%, 提交量大于阈值的概率：0.72874%, 超供率：57.6%, 超供程度：49.0%, 超供平均值：3.4, 方差：25.8
0  3.77e+06 5130.06 | 5130.06    0.0   2887     0 |    1.75   0.26   0.03  -1.17
0  3.79e+06 5130.06 | 5121.74    0.0   2887     0 |    1.75   0.25   0.14  -1.17
0  3.83e+06 5130.06 | 5119.43    0.0   2887     0 |    1.75   0.25  -0.05  -1.17
0  3.88e+06 5130.06 | 5127.25    0.0   2887     0 |    1.76   0.31   0.03  -1.17
0  3.93e+06 5130.06 | 5128.94    0.0   2887     0 |    1.76   0.28   0.01  -1.17
0  3.97e+06 5130.06 | 5123.84    0.0   2887     0 |    1.76   0.23  -0.09  -1.17
0  4.02e+06 5140.64 |
成功率：80.6%, 提交量大于阈值的概率：0.66589%, 超供率：56.5%, 超供程度：47.9%, 超供平均值：3.3, 方差：25.7
0  4.02e+06 5140.64 | 5140.64    0.0   2887     0 |    1.76   0.25   0.12  -1.16
0  4.04e+06 5140.64 | 5140.03    0.0   2887     0 |    1.76   0.26   0.07  -1.16
0  4.08e+06 5150.55 |
成功率：80.5%, 提交量大于阈值的概率：0.64546%, 超供率：56.1%, 超供程度：47.2%, 超供平均值：3.2, 方差：25.2
0  4.08e+06 5150.55 | 5150.55    0.0   2887     0 |    1.77   0.25   0.06  -1.16
0  4.10e+06 5150.78 |
成功率：80.4%, 提交量大于阈值的概率：0.56728%, 超供率：56.1%, 超供程度：47.5%, 超供平均值：3.2, 方差：24.7
0  4.10e+06 5150.78 | 5150.78    0.0   2887     0 |    1.76   0.24   0.03  -1.16
0  4.12e+06 5156.27 |
成功率：80.3%, 提交量大于阈值的概率：0.54887%, 超供率：56.0%, 超供程度：47.3%, 超供平均值：3.2, 方差：24.5
0  4.12e+06 5156.27 | 5156.27    0.0   2887     0 |    1.77   0.27  -0.06  -1.16
0  4.13e+06 5156.27 | 5153.92    0.0   2887     0 |    1.76   0.23   0.04  -1.16
0  4.18e+06 5156.27 | 5152.36    0.0   2887     0 |    1.77   0.27   0.09  -1.16
0  4.23e+06 5163.35 |
成功率：80.3%, 提交量大于阈值的概率：0.55060%, 超供率：55.7%, 超供程度：47.2%, 超供平均值：3.2, 方差：24.6
0  4.23e+06 5163.35 | 5163.35    0.0   2887     0 |    1.77   0.27   0.14  -1.16
0  4.24e+06 5166.30 |
成功率：80.4%, 提交量大于阈值的概率：0.58165%, 超供率：55.7%, 超供程度：47.0%, 超供平均值：3.2, 方差：24.8
0  4.24e+06 5166.30 | 5166.30    0.0   2887     0 |    1.77   0.25   0.06  -1.16
0  4.26e+06 5169.53 |
成功率：80.5%, 提交量大于阈值的概率：0.66142%, 超供率：55.9%, 超供程度：47.1%, 超供平均值：3.2, 方差：25.2
0  4.26e+06 5169.53 | 5169.53    0.0   2887     0 |    1.77   0.28   0.04  -1.16
0  4.28e+06 5171.28 |
成功率：80.5%, 提交量大于阈值的概率：0.63902%, 超供率：56.0%, 超供程度：47.3%, 超供平均值：3.2, 方差：25.2
0  4.28e+06 5171.28 | 5171.28    0.0   2887     0 |    1.77   0.26  -0.02  -1.16
0  4.30e+06 5171.28 | 5155.64    0.0   2887     0 |    1.77   0.27   0.07  -1.15
0  4.34e+06 5171.28 | 5169.50    0.0   2887     0 |    1.77   0.25   0.01  -1.15
0  4.39e+06 5181.65 |
成功率：80.4%, 提交量大于阈值的概率：0.61036%, 超供率：55.3%, 超供程度：46.4%, 超供平均值：3.2, 方差：24.9
0  4.39e+06 5181.65 | 5181.65    0.0   2887     0 |    1.77   0.24   0.14  -1.14
0  4.41e+06 5181.65 | 5179.18    0.0   2887     0 |    1.78   0.21   0.12  -1.15
0  4.45e+06 5181.65 | 5178.68    0.0   2887     0 |    1.78   0.19  -0.06  -1.16
0  4.50e+06 5183.84 |
成功率：80.3%, 提交量大于阈值的概率：0.51434%, 超供率：55.1%, 超供程度：46.6%, 超供平均值：3.2, 方差：25.0
0  4.50e+06 5183.84 | 5183.84    0.0   2887     0 |    1.78   0.24  -0.00  -1.16
0  4.52e+06 5184.35 |
成功率：80.5%, 提交量大于阈值的概率：0.60680%, 超供率：55.4%, 超供程度：46.6%, 超供平均值：3.2, 方差：25.4
0  4.52e+06 5184.35 | 5184.35    0.0   2887     0 |    1.77   0.26   0.13  -1.16
0  4.53e+06 5184.35 | 5184.17    0.0   2887     0 |    1.78   0.25   0.10  -1.16
0  4.58e+06 5184.35 | 5176.22    0.0   2887     0 |    1.78   0.29   0.11  -1.16
0  4.62e+06 5190.59 |
成功率：80.2%, 提交量大于阈值的概率：0.46891%, 超供率：54.4%, 超供程度：45.9%, 超供平均值：3.1, 方差：24.3
0  4.62e+06 5190.59 | 5190.59    0.0   2887     0 |    1.78   0.22   0.05  -1.16
0  4.64e+06 5190.59 | 5181.59    0.0   2887     0 |    1.78   0.23   0.05  -1.16
0  4.69e+06 5200.79 |
成功率：80.2%, 提交量大于阈值的概率：0.48479%, 超供率：54.2%, 超供程度：45.6%, 超供平均值：3.1, 方差：24.5
0  4.69e+06 5200.79 | 5200.79    0.0   2887     0 |    1.78   0.27   0.05  -1.16
0  4.71e+06 5205.84 |
成功率：80.5%, 提交量大于阈值的概率：0.59963%, 超供率：54.5%, 超供程度：45.6%, 超供平均值：3.1, 方差：25.2
0  4.71e+06 5205.84 | 5205.84    0.0   2887     0 |    1.78   0.24   0.03  -1.16
0  4.72e+06 5205.84 | 5201.97    0.0   2887     0 |    1.78   0.25  -0.03  -1.16
0  4.77e+06 5205.84 | 5195.38    0.0   2887     0 |    1.78   0.23  -0.04  -1.16
0  4.82e+06 5206.66 |
成功率：80.5%, 提交量大于阈值的概率：0.62452%, 超供率：54.2%, 超供程度：45.5%, 超供平均值：3.1, 方差：25.5
0  4.82e+06 5206.66 | 5206.66    0.0   2887     0 |    1.78   0.22  -0.08  -1.16
0  4.83e+06 5206.66 | 5203.90    0.0   2887     0 |    1.79   0.24   0.02  -1.15
0  4.88e+06 5206.66 | 5194.35    0.0   2887     0 |    1.78   0.28   0.07  -1.16
0  4.93e+06 5208.35 |
成功率：80.3%, 提交量大于阈值的概率：0.51518%, 超供率：53.9%, 超供程度：45.1%, 超供平均值：3.1, 方差：24.9
0  4.93e+06 5208.35 | 5208.35    0.0   2887     0 |    1.79   0.24   0.07  -1.15
0  4.94e+06 5209.58 |
成功率：80.3%, 提交量大于阈值的概率：0.53786%, 超供率：53.8%, 超供程度：44.9%, 超供平均值：3.1, 方差：24.8
0  4.94e+06 5209.58 | 5209.58    0.0   2887     0 |    1.79   0.23   0.03  -1.15
0  4.96e+06 5209.58 | 5204.37    0.0   2887     0 |    1.79   0.23   0.02  -1.15
0  5.01e+06 5209.58 | 5203.39    0.0   2887     0 |    1.78   0.22   0.06  -1.15
0  5.05e+06 5209.58 | 5207.15    0.0   2887     0 |    1.79   0.26   0.13  -1.14
0  5.10e+06 5209.58 | 5207.02    0.0   2887     0 |    1.78   0.23  -0.05  -1.14
0  5.14e+06 5209.58 | 5203.19    0.0   2887     0 |    1.78   0.28   0.11  -1.14
0  5.19e+06 5215.62 |
成功率：80.6%, 提交量大于阈值的概率：0.62489%, 超供率：54.6%, 超供程度：45.4%, 超供平均值：3.1, 方差：25.5
0  5.19e+06 5215.62 | 5215.62    0.0   2887     0 |    1.79   0.28   0.11  -1.14
0  5.21e+06 5216.09 |
成功率：80.3%, 提交量大于阈值的概率：0.49086%, 超供率：54.1%, 超供程度：45.2%, 超供平均值：3.1, 方差：24.8
0  5.21e+06 5216.09 | 5216.09    0.0   2887     0 |    1.79   0.21  -0.05  -1.15
0  5.23e+06 5216.09 | 5213.58    0.0   2887     0 |    1.79   0.28   0.05  -1.15
0  5.27e+06 5216.09 | 4284.43    0.0   2887     0 |    1.48   0.49   0.13  -1.15
0  5.32e+06 5216.09 | 4327.14    0.0   2887     0 |    1.49   0.47   0.03  -1.15
0  5.36e+06 5216.09 | 4411.28    0.0   2887     0 |    1.52   0.45   0.19  -1.15
0  5.41e+06 5216.09 | 4488.42    0.0   2887     0 |    1.54   0.49   0.16  -1.15
0  5.46e+06 5216.09 | 4563.37    0.0   2887     0 |    1.58   0.39   0.10  -1.16
0  5.50e+06 5216.09 | 4629.43    0.0   2887     0 |    1.59   0.36   0.11  -1.16
0  5.55e+06 5216.09 | 4694.30    0.0   2887     0 |    1.62   0.42  -0.08  -1.16
0  5.59e+06 5216.09 | 4725.48    0.0   2887     0 |    1.63   0.36   0.03  -1.15
0  5.64e+06 5216.09 | 4772.13    0.0   2887     0 |    1.65   0.41  -0.03  -1.15
0  5.69e+06 5216.09 | 4830.92    0.0   2887     0 |    1.66   0.38   0.10  -1.14
0  5.73e+06 5216.09 | 4875.10    0.0   2887     0 |    1.68   0.33   0.00  -1.14
0  5.78e+06 5216.09 | 4877.48    0.0   2887     0 |    1.68   0.38   0.11  -1.14
0  5.83e+06 5216.09 | 4893.98    0.0   2887     0 |    1.68   0.35  -0.05  -1.14
0  5.87e+06 5216.09 | 4926.84    0.0   2887     0 |    1.69   0.33  -0.01  -1.14
0  5.92e+06 5216.09 | 4945.49    0.0   2887     0 |    1.71   0.39   0.19  -1.15
0  5.96e+06 5216.09 | 4979.54    0.0   2887     0 |    1.71   0.35   0.08  -1.15
0  6.01e+06 5216.09 | 4977.42    0.0   2887     0 |    1.72   0.31   0.07  -1.15
0  6.06e+06 5216.09 | 5031.63    0.0   2887     0 |    1.73   0.31   0.16  -1.15
0  6.10e+06 5216.09 | 5058.60    0.0   2887     0 |    1.74   0.30  -0.01  -1.15
0  6.15e+06 5216.09 | 5097.24    0.0   2887     0 |    1.75   0.27   0.09  -1.14
0  6.20e+06 5216.09 | 5125.14    0.0   2887     0 |    1.76   0.24   0.13  -1.14
0  6.24e+06 5216.09 | 5148.04    0.0   2887     0 |    1.77   0.27  -0.07  -1.14
0  6.29e+06 5216.09 | 5169.08    0.0   2887     0 |    1.77   0.25   0.01  -1.13
0  6.33e+06 5216.09 | 5187.69    0.0   2887     0 |    1.78   0.28  -0.02  -1.13
0  6.38e+06 5216.09 | 5188.28    0.0   2887     0 |    1.78   0.22  -0.02  -1.14
0  6.43e+06 5216.09 | 5192.69    0.0   2887     0 |    1.78   0.23  -0.02  -1.14
0  6.47e+06 5216.09 | 5202.77    0.0   2887     0 |    1.78   0.21   0.07  -1.13
0  6.52e+06 5216.09 | 5190.25    0.0   2887     0 |    1.78   0.26  -0.03  -1.13
0  6.56e+06 5216.09 | 5181.59    0.0   2887     0 |    1.78   0.21   0.03  -1.14
0  6.61e+06 5216.09 | 5201.88    0.0   2887     0 |    1.78   0.21  -0.07  -1.14
0  6.66e+06 5216.09 | 5195.06    0.0   2887     0 |    1.78   0.21   0.01  -1.15
0  6.70e+06 5216.09 | 5190.13    0.0   2887     0 |    1.78   0.22   0.04  -1.14
0  6.75e+06 5216.09 | 5198.85    0.0   2887     0 |    1.78   0.20   0.02  -1.15
0  6.80e+06 5216.09 | 5200.74    0.0   2887     0 |    1.78   0.25   0.02  -1.15
0  6.84e+06 5216.09 | 5203.08    0.0   2887     0 |    1.78   0.23  -0.01  -1.14
0  6.89e+06 5216.09 | 5201.25    0.0   2887     0 |    1.78   0.20   0.04  -1.14
0  6.93e+06 5216.09 | 5192.02    0.0   2887     0 |    1.78   0.19   0.06  -1.14
0  6.98e+06 5216.09 | 5184.17    0.0   2887     0 |    1.78   0.21   0.03  -1.15
0  7.03e+06 5216.09 | 5210.67    0.0   2887     0 |    1.79   0.25   0.04  -1.14
0  7.07e+06 5216.09 | 5207.07    0.0   2887     0 |    1.79   0.23   0.08  -1.15
0  7.12e+06 5216.09 | 5214.31    0.0   2887     0 |    1.79   0.21  -0.00  -1.14
0  7.17e+06 5234.26 |
成功率：80.6%, 提交量大于阈值的概率：0.63785%, 超供率：55.7%, 超供程度：44.2%, 超供平均值：3.0, 方差：25.9
0  7.17e+06 5234.26 | 5234.26    0.0   2887     0 |    1.79   0.23   0.18  -1.14
0  7.18e+06 5234.26 | 5231.38    0.0   2887     0 |    1.79   0.22   0.01  -1.14
0  7.23e+06 5234.26 | 5222.64    0.0   2887     0 |    1.79   0.24   0.11  -1.14
0  7.28e+06 5234.26 | 5223.62    0.0   2887     0 |    1.79   0.22   0.07  -1.14
0  7.32e+06 5234.26 | 5232.20    0.0   2887     0 |    1.80   0.26   0.03  -1.14
0  7.37e+06 5234.26 | 5232.21    0.0   2887     0 |    1.80   0.23   0.01  -1.14
0  7.41e+06 5234.74 |
成功率：80.1%, 提交量大于阈值的概率：0.41270%, 超供率：54.6%, 超供程度：43.4%, 超供平均值：3.0, 方差：24.6
0  7.41e+06 5234.74 | 5234.74    0.0   2887     0 |    1.79   0.20   0.11  -1.13
0  7.43e+06 5238.93 |
成功率：80.2%, 提交量大于阈值的概率：0.48020%, 超供率：54.7%, 超供程度：43.4%, 超供平均值：3.0, 方差：25.0
0  7.43e+06 5238.93 | 5238.93    0.0   2887     0 |    1.80   0.21   0.05  -1.13
0  7.45e+06 5238.93 | 5234.72    0.0   2887     0 |    1.80   0.21   0.00  -1.13
0  7.49e+06 5240.03 |
成功率：80.1%, 提交量大于阈值的概率：0.42560%, 超供率：54.7%, 超供程度：43.2%, 超供平均值：2.9, 方差：24.4
0  7.49e+06 5240.03 | 5240.03    0.0   2887     0 |    1.80   0.20  -0.01  -1.13
0  7.51e+06 5240.03 | 5237.86    0.0   2887     0 |    1.80   0.22   0.15  -1.13
0  7.56e+06 5240.03 | 5232.94    0.0   2887     0 |    1.80   0.23   0.22  -1.13
0  7.60e+06 5240.03 | 5230.23    0.0   2887     0 |    1.80   0.21   0.03  -1.14
0  7.65e+06 5242.07 |
成功率：80.2%, 提交量大于阈值的概率：0.46043%, 超供率：55.1%, 超供程度：43.8%, 超供平均值：3.0, 方差：25.3
0  7.65e+06 5242.07 | 5242.07    0.0   2887     0 |    1.80   0.21   0.11  -1.14
0  7.67e+06 5242.07 | 5236.82    0.0   2887     0 |    1.80   0.19   0.03  -1.14
0  7.71e+06 5242.07 | 5229.94    0.0   2887     0 |    1.79   0.22   0.21  -1.14
0  7.76e+06 5244.29 |
成功率：80.0%, 提交量大于阈值的概率：0.36510%, 超供率：54.3%, 超供程度：43.0%, 超供平均值：2.9, 方差：24.2
0  7.76e+06 5244.29 | 5244.29    0.0   2887     0 |    1.80   0.22   0.10  -1.14
0  7.78e+06 5251.79 |
成功率：80.1%, 提交量大于阈值的概率：0.42379%, 超供率：54.4%, 超供程度：42.9%, 超供平均值：2.9, 方差：24.6
0  7.78e+06 5251.79 | 5251.79    0.0   2887     0 |    1.80   0.23   0.05  -1.14
0  7.79e+06 5251.79 | 5251.21    0.0   2887     0 |    1.80   0.17   0.04  -1.14
0  7.84e+06 5256.65 |
成功率：80.2%, 提交量大于阈值的概率：0.46325%, 超供率：54.4%, 超供程度：42.6%, 超供平均值：2.9, 方差：24.4
0  7.84e+06 5256.65 | 5256.65    0.0   2887     0 |    1.80   0.20   0.06  -1.14
0  7.86e+06 5261.99 |
成功率：80.4%, 提交量大于阈值的概率：0.54222%, 超供率：54.6%, 超供程度：42.7%, 超供平均值：2.9, 方差：24.8
0  7.86e+06 5261.99 | 5261.99    0.0   2887     0 |    1.81   0.17   0.10  -1.14
0  7.88e+06 5261.99 | 5261.76    0.0   2887     0 |    1.81   0.22   0.16  -1.15
0  7.92e+06 5261.99 | 5257.95    0.0   2887     0 |    1.81   0.23   0.03  -1.15
0  7.97e+06 5261.99 | 5260.63    0.0   2887     0 |    1.81   0.19   0.02  -1.15
0  8.01e+06 5262.81 |
成功率：80.0%, 提交量大于阈值的概率：0.39175%, 超供率：53.1%, 超供程度：41.7%, 超供平均值：2.8, 方差：23.7
0  8.01e+06 5262.81 | 5262.81    0.0   2887     0 |    1.81   0.17   0.11  -1.14
0  8.03e+06 5267.46 |
成功率：80.1%, 提交量大于阈值的概率：0.42294%, 超供率：53.4%, 超供程度：41.8%, 超供平均值：2.8, 方差：24.0
0  8.03e+06 5267.46 | 5267.46    0.0   2887     0 |    1.81   0.25   0.11  -1.14
0  8.05e+06 5267.46 | 5256.62    0.0   2887     0 |    1.81   0.20   0.07  -1.14
0  8.10e+06 5267.46 | 5251.72    0.0   2887     0 |    1.81   0.22  -0.04  -1.14
0  8.14e+06 5267.46 | 5256.85    0.0   2887     0 |    1.80   0.22   0.01  -1.13
0  8.19e+06 5267.46 | 5259.90    0.0   2887     0 |    1.81   0.21   0.10  -1.13
0  8.23e+06 5272.21 |
成功率：80.2%, 提交量大于阈值的概率：0.47521%, 超供率：53.1%, 超供程度：41.8%, 超供平均值：2.8, 方差：24.3
0  8.23e+06 5272.21 | 5272.21    0.0   2887     0 |    1.81   0.21   0.04  -1.13
0  8.25e+06 5272.21 | 5272.12    0.0   2887     0 |    1.81   0.18   0.09  -1.13
0  8.30e+06 5274.40 |
成功率：80.3%, 提交量大于阈值的概率：0.53344%, 超供率：53.4%, 超供程度：42.2%, 超供平均值：2.9, 方差：24.9
0  8.30e+06 5274.40 | 5274.40    0.0   2887     0 |    1.81   0.20   0.18  -1.14
0  8.31e+06 5274.40 | 5270.36    0.0   2887     0 |    1.81   0.21   0.01  -1.14
0  8.36e+06 5286.34 |
成功率：80.4%, 提交量大于阈值的概率：0.56438%, 超供率：53.5%, 超供程度：42.0%, 超供平均值：2.9, 方差：25.1
0  8.36e+06 5286.34 | 5286.34    0.0   2887     0 |    1.82   0.15   0.01  -1.14
0  8.38e+06 5286.34 | 5280.89    0.0   2887     0 |    1.82   0.18   0.03  -1.13
0  8.42e+06 5286.34 | 5270.64    0.0   2887     0 |    1.81   0.19   0.12  -1.13
0  8.47e+06 5286.34 | 5281.40    0.0   2887     0 |    1.81   0.22   0.01  -1.14
0  8.52e+06 5286.34 | 5265.50    0.0   2887     0 |    1.81   0.16   0.14  -1.13
0  8.56e+06 5286.34 | 5278.32    0.0   2887     0 |    1.81   0.19  -0.01  -1.13
0  8.61e+06 5286.34 | 5278.71    0.0   2887     0 |    1.81   0.18  -0.01  -1.13
0  8.66e+06 5286.34 | 5283.50    0.0   2887     0 |    1.81   0.18   0.20  -1.13
0  8.70e+06 5286.34 | 5277.22    0.0   2887     0 |    1.81   0.19   0.04  -1.14
0  8.75e+06 5286.34 | 5277.02    0.0   2887     0 |    1.81   0.21   0.02  -1.13
0  8.79e+06 5286.34 | 5273.98    0.0   2887     0 |    1.81   0.17   0.12  -1.14
0  8.84e+06 5286.34 | 5244.74    0.0   2887     0 |    1.81   0.20   0.13  -1.13
0  8.89e+06 5286.34 | 5271.50    0.0   2887     0 |    1.82   0.20  -0.01  -1.13
0  8.93e+06 5286.34 | 5281.31    0.0   2887     0 |    1.82   0.17   0.06  -1.13
0  8.98e+06 5288.50 |
成功率：80.1%, 提交量大于阈值的概率：0.42866%, 超供率：51.9%, 超供程度：40.9%, 超供平均值：2.8, 方差：24.1
0  8.98e+06 5288.50 | 5288.50    0.0   2887     0 |    1.82   0.15   0.11  -1.14
0  9.00e+06 5288.50 | 5282.48    0.0   2887     0 |    1.82   0.17   0.04  -1.14
0  9.04e+06 5288.50 | 5259.65    0.0   2887     0 |    1.81   0.15   0.05  -1.14
0  9.09e+06 5288.50 | 5282.91    0.0   2887     0 |    1.82   0.16   0.05  -1.15
0  9.13e+06 5288.50 | 5287.74    0.0   2887     0 |    1.82   0.18   0.04  -1.15
0  9.18e+06 5288.50 | 5187.40    0.0   2887     0 |    1.79   0.25   0.10  -1.14
0  9.23e+06 5288.50 | 5254.47    0.0   2887     0 |    1.81   0.22   0.15  -1.14
0  9.27e+06 5296.27 |
成功率：80.3%, 提交量大于阈值的概率：0.58847%, 超供率：44.4%, 超供程度：36.0%, 超供平均值：2.4, 方差：26.0
0  9.27e+06 5296.27 | 5296.27    0.0   2887     0 |    1.83   0.17   0.09  -1.14
0  9.29e+06 5319.39 |
成功率：80.5%, 提交量大于阈值的概率：0.62830%, 超供率：44.8%, 超供程度：36.3%, 超供平均值：2.5, 方差：26.2
0  9.29e+06 5319.39 | 5319.39    0.0   2887     0 |    1.83   0.16   0.02  -1.14
0  9.31e+06 5328.99 |
成功率：80.5%, 提交量大于阈值的概率：0.59408%, 超供率：44.9%, 超供程度：36.2%, 超供平均值：2.4, 方差：25.8
0  9.31e+06 5328.99 | 5328.99    0.0   2887     0 |    1.84   0.20   0.04  -1.14
0  9.32e+06 5345.56 |
成功率：80.6%, 提交量大于阈值的概率：0.60865%, 超供率：45.1%, 超供程度：36.1%, 超供平均值：2.4, 方差：25.7
0  9.32e+06 5345.56 | 5345.56    0.0   2887     0 |    1.84   0.19  -0.08  -1.13
0  9.34e+06 5352.36 |
成功率：80.5%, 提交量大于阈值的概率：0.60399%, 超供率：45.1%, 超供程度：36.2%, 超供平均值：2.4, 方差：25.5
0  9.34e+06 5352.36 | 5352.36    0.0   2887     0 |    1.84   0.20   0.23  -1.13
0  9.36e+06 5353.34 |
成功率：80.8%, 提交量大于阈值的概率：0.72101%, 超供率：45.2%, 超供程度：36.0%, 超供平均值：2.4, 方差：26.4
0  9.36e+06 5353.34 | 5353.34    0.0   2887     0 |    1.84   0.17   0.11  -1.13
0  9.38e+06 5353.34 | 4787.74    0.0   2887     0 |    1.65   0.21   0.08  -1.12
0  9.42e+06 5353.34 | 4890.38    0.0   2887     0 |    1.69   0.20   0.03  -1.12
0  9.47e+06 5353.34 | 5012.94    0.0   2887     0 |    1.72   0.16  -0.04  -1.12
0  9.52e+06 5353.34 | 5175.23    0.0   2887     0 |    1.78   0.17  -0.00  -1.11
0  9.56e+06 5353.34 | 5236.64    0.0   2887     0 |    1.80   0.18   0.06  -1.11
0  9.61e+06 5353.34 | 5295.56    0.0   2887     0 |    1.82   0.21   0.07  -1.11
0  9.65e+06 5353.34 | 5347.39    0.0   2887     0 |    1.84   0.20   0.02  -1.10
0  9.70e+06 5353.34 | 5209.40    0.0   2887     0 |    1.79   0.23   0.06  -1.10
0  9.75e+06 5353.34 | 5258.37    0.0   2887     0 |    1.81   0.19   0.08  -1.09
0  9.79e+06 5353.34 | 5313.57    0.0   2887     0 |    1.83   0.18   0.06  -1.10
0  9.84e+06 5361.44 |
成功率：81.6%, 提交量大于阈值的概率：0.98927%, 超供率：45.7%, 超供程度：34.0%, 超供平均值：2.3, 方差：28.4
0  9.84e+06 5361.44 | 5361.44    0.0   2887     0 |    1.85   0.16   0.04  -1.10
0  9.86e+06 5364.96 |
成功率：81.6%, 提交量大于阈值的概率：1.00847%, 超供率：45.8%, 超供程度：34.2%, 超供平均值：2.3, 方差：28.5
0  9.86e+06 5364.96 | 5364.96    0.0   2887     0 |    1.85   0.17   0.11  -1.10
0  9.87e+06 5369.52 |
成功率：81.4%, 提交量大于阈值的概率：0.95749%, 超供率：45.5%, 超供程度：34.1%, 超供平均值：2.3, 方差：28.0
0  9.87e+06 5369.52 | 5369.52    0.0   2887     0 |    1.85   0.17   0.10  -1.10
0  9.89e+06 5369.52 | 5363.34    0.0   2887     0 |    1.85   0.18  -0.04  -1.10
0  9.94e+06 5392.76 |
成功率：81.2%, 提交量大于阈值的概率：0.87758%, 超供率：45.3%, 超供程度：33.8%, 超供平均值：2.3, 方差：27.0
0  9.94e+06 5392.76 | 5392.76    0.0   2887     0 |    1.86   0.18   0.05  -1.10
0  9.95e+06 5398.97 |
成功率：81.2%, 提交量大于阈值的概率：0.87103%, 超供率：45.5%, 超供程度：34.1%, 超供平均值：2.3, 方差：26.9
0  9.95e+06 5398.97 | 5398.97    0.0   2887     0 |    1.86   0.18   0.01  -1.10
0  9.97e+06 5404.04 |
成功率：81.1%, 提交量大于阈值的概率：0.85129%, 超供率：45.4%, 超供程度：34.3%, 超供平均值：2.3, 方差：26.7
0  9.97e+06 5404.04 | 5404.04    0.0   2887     0 |    1.86   0.17   0.04  -1.10
0  9.99e+06 5412.18 |
成功率：80.8%, 提交量大于阈值的概率：0.71592%, 超供率：44.7%, 超供程度：33.7%, 超供平均值：2.3, 方差：25.9
0  9.99e+06 5412.18 | 5412.18    0.0   2887     0 |    1.86   0.16   0.18  -1.10
0  1.00e+07 5417.06 |
成功率：80.6%, 提交量大于阈值的概率：0.64805%, 超供率：44.3%, 超供程度：33.6%, 超供平均值：2.3, 方差：25.4
0  1.00e+07 5417.06 | 5417.06    0.0   2887     0 |    1.86   0.18   0.08  -1.10
0  1.00e+07 5425.60 |
成功率：80.8%, 提交量大于阈值的概率：0.72704%, 超供率：44.4%, 超供程度：33.5%, 超供平均值：2.3, 方差：25.8
0  1.00e+07 5425.60 | 5425.60    0.0   2887     0 |    1.87   0.18   0.14  -1.10
0  1.00e+07 5425.60 | 5424.20    0.0   2887     0 |    1.87   0.16  -0.03  -1.10
0  1.01e+07 5425.60 | 5425.05    0.0   2887     0 |    1.86   0.15   0.13  -1.11
0  1.01e+07 5426.98 |
成功率：80.8%, 提交量大于阈值的概率：0.72082%, 超供率：45.1%, 超供程度：34.3%, 超供平均值：2.3, 方差：25.9
0  1.01e+07 5426.98 | 5426.98    0.0   2887     0 |    1.87   0.16   0.12  -1.11
0  1.02e+07 5430.22 |
成功率：80.9%, 提交量大于阈值的概率：0.75904%, 超供率：45.4%, 超供程度：34.5%, 超供平均值：2.3, 方差：26.1
0  1.02e+07 5430.22 | 5430.22    0.0   2887     0 |    1.87   0.17  -0.02  -1.12
0  1.02e+07 5430.22 | 5427.76    0.0   2887     0 |    1.87   0.18  -0.00  -1.12
0  1.02e+07 5439.72 |
成功率：80.8%, 提交量大于阈值的概率：0.73621%, 超供率：45.1%, 超供程度：34.3%, 超供平均值：2.3, 方差：26.0
0  1.02e+07 5439.72 | 5439.72    0.0   2887     0 |    1.87   0.15   0.11  -1.12
0  1.02e+07 5441.00 |
成功率：80.6%, 提交量大于阈值的概率：0.62700%, 超供率：44.5%, 超供程度：34.0%, 超供平均值：2.3, 方差：25.4
0  1.02e+07 5441.00 | 5441.00    0.0   2887     0 |    1.87   0.14   0.06  -1.12
0  1.02e+07 5444.13 |
成功率：80.5%, 提交量大于阈值的概率：0.59294%, 超供率：44.3%, 超供程度：33.8%, 超供平均值：2.3, 方差：25.0
0  1.02e+07 5444.13 | 5444.13    0.0   2887     0 |    1.87   0.21   0.04  -1.12
0  1.03e+07 5448.03 |
成功率：80.6%, 提交量大于阈值的概率：0.66531%, 超供率：44.2%, 超供程度：33.4%, 超供平均值：2.3, 方差：25.3
0  1.03e+07 5448.03 | 5448.03    0.0   2887     0 |    1.87   0.16   0.14  -1.12
0  1.03e+07 5448.03 | 5443.72    0.0   2887     0 |    1.87   0.17   0.05  -1.11
0  1.03e+07 5450.91 |
成功率：80.5%, 提交量大于阈值的概率：0.59054%, 超供率：44.3%, 超供程度：33.5%, 超供平均值：2.3, 方差：24.9
0  1.03e+07 5450.91 | 5450.91    0.0   2887     0 |    1.87   0.16   0.11  -1.12
0  1.03e+07 5452.89 |
成功率：80.5%, 提交量大于阈值的概率：0.57121%, 超供率：44.2%, 超供程度：33.5%, 超供平均值：2.3, 方差：24.9
0  1.03e+07 5452.89 | 5452.89    0.0   2887     0 |    1.87   0.19  -0.09  -1.12
0  1.04e+07 5452.89 | 5446.19    0.0   2887     0 |    1.87   0.17   0.02  -1.13
0  1.04e+07 5453.75 |
成功率：80.5%, 提交量大于阈值的概率：0.53269%, 超供率：44.7%, 超供程度：33.9%, 超供平均值：2.3, 方差：24.6
0  1.04e+07 5453.75 | 5453.75    0.0   2887     0 |    1.87   0.17   0.02  -1.13
0  1.04e+07 5457.99 |
成功率：80.5%, 提交量大于阈值的概率：0.54071%, 超供率：44.5%, 超供程度：33.6%, 超供平均值：2.3, 方差：24.6
0  1.04e+07 5457.99 | 5457.99    0.0   2887     0 |    1.88   0.15   0.10  -1.14
0  1.04e+07 5457.99 | 5453.48    0.0   2887     0 |    1.88   0.16   0.09  -1.13
0  1.05e+07 5457.99 | 5455.86    0.0   2887     0 |    1.88   0.15   0.14  -1.14
0  1.05e+07 5457.99 | 5058.41    0.0   2887     0 |    1.88   0.15  -0.11  -1.15
0  1.06e+07 5457.99 | 4997.52    0.0   2887     0 |    1.73   0.27   0.09  -1.14
0  1.06e+07 5457.99 | 5091.65    0.0   2887     0 |    1.76   0.25   0.11  -1.13
0  1.07e+07 5457.99 | 5154.94    0.0   2887     0 |    1.78   0.21  -0.01  -1.13
0  1.07e+07 5457.99 | 5233.48    0.0   2887     0 |    1.80   0.24  -0.07  -1.12
0  1.08e+07 5457.99 | 5320.18    0.0   2887     0 |    1.83   0.20   0.06  -1.12
0  1.08e+07 5457.99 | 5393.36    0.0   2887     0 |    1.86   0.21   0.14  -1.12
0  1.09e+07 5457.99 | 5434.68    0.0   2887     0 |    1.88   0.15   0.05  -1.12
0  1.09e+07 5457.99 | 5457.80    0.0   2887     0 |    1.88   0.18  -0.03  -1.11
0  1.10e+07 5495.38 |
成功率：80.0%, 提交量大于阈值的概率：0.44893%, 超供率：31.5%, 超供程度：27.3%, 超供平均值：1.8, 方差：23.4
0  1.10e+07 5495.38 | 5495.38    0.0   2887     0 |    1.89   0.12   0.02  -1.12
0  1.10e+07 5505.70 |
成功率：80.2%, 提交量大于阈值的概率：0.54579%, 超供率：31.8%, 超供程度：27.5%, 超供平均值：1.8, 方差：24.1
0  1.10e+07 5505.70 | 5505.70    0.0   2887     0 |    1.90   0.15  -0.05  -1.12
0  1.10e+07 5518.74 |
成功率：80.1%, 提交量大于阈值的概率：0.45228%, 超供率：31.9%, 超供程度：27.5%, 超供平均值：1.8, 方差：23.7
0  1.10e+07 5518.74 | 5518.74    0.0   2887     0 |    1.90   0.17   0.03  -1.11
0  1.10e+07 5518.74 | 4541.02    0.0   2887     0 |    1.32   0.28   0.04  -1.12
0  1.11e+07 5518.74 | 4709.10    0.0   2887     0 |    1.62   0.19   0.12  -1.11
0  1.11e+07 5518.74 | 4872.28    0.0   2887     0 |    1.68   0.17   0.05  -1.11
0  1.11e+07 5518.74 | 4935.68    0.0   2887     0 |    1.69   0.16   0.09  -1.10
0  1.12e+07 5518.74 | 5052.26    0.0   2887     0 |    1.74   0.13   0.13  -1.10
0  1.12e+07 5518.74 | 5279.49    0.0   2887     0 |    1.82   0.15  -0.03  -1.10
0  1.13e+07 5518.74 | 5324.43    0.0   2887     0 |    1.83   0.14   0.12  -1.11
0  1.13e+07 5518.74 | 5377.55    0.0   2887     0 |    1.85   0.14  -0.05  -1.10
0  1.14e+07 5518.74 | 5430.77    0.0   2887     0 |    1.87   0.19   0.10  -1.10
0  1.14e+07 5518.74 | 4932.54    0.0   2887     0 |    1.67   0.31  -0.06  -1.12
0  1.15e+07 5518.74 | 3194.66    0.0   2887     0 |    1.09   0.23   0.02  -1.11
0  1.15e+07 5518.74 | 3419.16    0.0   2887     0 |    1.18   0.18   0.07  -1.10
0  1.16e+07 5518.74 | 3627.33    0.0   2887     0 |    1.25   0.18   0.07  -1.10
0  1.16e+07 5518.74 | 3812.86    0.0   2887     0 |    1.32   0.17  -0.06  -1.09
0  1.17e+07 5518.74 | 4102.32    0.0   2887     0 |    1.42   0.17   0.02  -1.08
0  1.17e+07 5518.74 | 4333.94    0.0   2887     0 |    1.49   0.17   0.03  -1.09
0  1.17e+07 5518.74 | 4525.07    0.0   2887     0 |    1.56   0.13   0.03  -1.08
0  1.18e+07 5518.74 | 4758.81    0.0   2887     0 |    1.62   0.11   0.05  -1.07
0  1.18e+07 5518.74 | 4925.28    0.0   2887     0 |    1.70   0.13   0.06  -1.08
0  1.19e+07 5518.74 | 4977.25    0.0   2887     0 |    1.72   0.15   0.03  -1.09
0  1.19e+07 5518.74 | 5095.64    0.0   2887     0 |    1.75   0.12   0.01  -1.10
0  1.20e+07 5518.74 | 5180.47    0.0   2887     0 |    1.78   0.18   0.05  -1.09
0  1.20e+07 5518.74 | 2864.33    0.0   2887     0 |    1.79   0.12  -0.04  -1.08
0  1.21e+07 5518.74 | 4065.66    0.0   2887     0 |    1.39   0.17  -0.01  -1.08
0  1.21e+07 5518.74 | 4255.06    0.0   2887     0 |    1.45   0.17   0.09  -1.09
0  1.22e+07 5518.74 | 4392.87    0.0   2887     0 |    1.52   0.15  -0.08  -1.08
0  1.22e+07 5518.74 | 4647.97    0.0   2887     0 |    1.60   0.17  -0.02  -1.09
0  1.23e+07 5518.74 | 4735.64    0.0   2887     0 |    1.63   0.15   0.10  -1.09
0  1.23e+07 5518.74 | 4837.49    0.0   2887     0 |    1.66   0.14   0.07  -1.09
0  1.23e+07 5518.74 | 4963.40    0.0   2887     0 |    1.70   0.14  -0.02  -1.09
0  1.24e+07 5518.74 | 5049.06    0.0   2887     0 |    1.73   0.17   0.03  -1.09
0  1.24e+07 5518.74 | 3889.88    0.0   2887     0 |    1.75   0.12  -0.12  -1.09
0  1.25e+07 5518.74 | 4589.30    0.0   2887     0 |    1.57   0.18   0.08  -1.10
0  1.25e+07 5518.74 | 4804.66    0.0   2887     0 |    1.66   0.13   0.01  -1.10
0  1.26e+07 5518.74 | 5023.71    0.0   2887     0 |    1.72   0.13   0.07  -1.10
0  1.26e+07 5518.74 | 5159.87    0.0   2887     0 |    1.77   0.11   0.14  -1.12
0  1.27e+07 5518.74 | 5245.57    0.0   2887     0 |    1.80   0.14   0.08  -1.12
0  1.27e+07 5518.74 | 5311.39    0.0   2887     0 |    1.82   0.11   0.13  -1.12
0  1.28e+07 5518.74 | 5388.35    0.0   2887     0 |    1.85   0.14   0.13  -1.12
0  1.28e+07 5518.74 | 5410.45    0.0   2887     0 |    1.87   0.11  -0.09  -1.12
0  1.29e+07 5518.74 | 5147.46    0.0   2887     0 |    1.88   0.15  -0.02  -1.12
0  1.29e+07 5518.74 | 5445.28    0.0   2887     0 |    1.87   0.15   0.05  -1.12
0  1.29e+07 5518.74 | 5494.60    0.0   2887     0 |    1.89   0.17   0.09  -1.12
0  1.30e+07 5525.30 |
成功率：79.9%, 提交量大于阈值的概率：0.36066%, 超供率：29.5%, 超供程度：26.2%, 超供平均值：1.8, 方差：22.4
0  1.30e+07 5525.30 | 5525.30    0.0   2887     0 |    1.90   0.15  -0.08  -1.13
0  1.30e+07 5529.41 |
成功率：80.0%, 提交量大于阈值的概率：0.41634%, 超供率：29.4%, 超供程度：26.2%, 超供平均值：1.8, 方差：22.8
0  1.30e+07 5529.41 | 5529.41    0.0   2887     0 |    1.90   0.15   0.10  -1.12
0  1.30e+07 5530.51 |
成功率：79.9%, 提交量大于阈值的概率：0.36547%, 超供率：29.5%, 超供程度：26.3%, 超供平均值：1.8, 方差：22.7
0  1.30e+07 5530.51 | 5530.51    0.0   2887     0 |    1.90   0.12   0.09  -1.12
0  1.30e+07 5535.96 |
成功率：79.8%, 提交量大于阈值的概率：0.32675%, 超供率：29.1%, 超供程度：25.8%, 超供平均值：1.7, 方差：22.1
0  1.30e+07 5535.96 | 5535.96    0.0   2887     0 |    1.90   0.14   0.01  -1.13
0  1.31e+07 5535.96 | 2722.60    0.0   2887     0 |    0.92   0.37  -0.09  -1.12
0  1.31e+07 5535.96 | 2829.78    0.0   2887     0 |    0.98   0.27   0.11  -1.12
0  1.32e+07 5535.96 | 2816.81    0.0   2887     0 |    0.98   0.33   0.12  -1.13
0  1.32e+07 5535.96 | 2872.87    0.0   2887     0 |    0.98   0.26   0.00  -1.11
0  1.32e+07 5535.96 | 3734.74    0.0   2887     0 |    1.30   0.17   0.09  -1.10
0  1.33e+07 5535.96 | 4040.46    0.0   2887     0 |    1.38   0.17  -0.04  -1.11
0  1.33e+07 5535.96 | 4167.98    0.0   2887     0 |    1.44   0.16  -0.06  -1.11
0  1.34e+07 5535.96 | 4384.11    0.0   2887     0 |    1.51   0.18   0.03  -1.11
0  1.34e+07 5535.96 | 4625.16    0.0   2887     0 |    1.59   0.17  -0.08  -1.10
0  1.35e+07 5535.96 | 4798.81    0.0   2887     0 |    1.65   0.15   0.01  -1.10
0  1.35e+07 5535.96 | 5048.79    0.0   2887     0 |    1.73   0.14  -0.05  -1.10
0  1.36e+07 5535.96 | 5096.26    0.0   2887     0 |    1.76   0.15  -0.02  -1.10
0  1.36e+07 5535.96 | 5261.81    0.0   2887     0 |    1.80   0.12   0.15  -1.10
0  1.37e+07 5535.96 | 5329.25    0.0   2887     0 |    1.83   0.11   0.16  -1.12
0  1.37e+07 5535.96 | 5412.38    0.0   2887     0 |    1.86   0.15   0.01  -1.12
0  1.38e+07 5535.96 | 5458.01    0.0   2887     0 |    1.87   0.15   0.07  -1.12
0  1.38e+07 5535.96 | 5485.59    0.0   2887     0 |    1.88   0.12   0.02  -1.13
0  1.38e+07 5535.96 | 5486.30    0.0   2887     0 |    1.88   0.13  -0.00  -1.12
0  1.39e+07 5535.96 | 5133.20    0.0   2887     0 |    1.75   0.17  -0.02  -1.14
0  1.39e+07 5535.96 | 5246.81    0.0   2887     0 |    1.81   0.16   0.04  -1.14
0  1.40e+07 5535.96 | 5317.93    0.0   2887     0 |    1.83   0.14   0.01  -1.13
0  1.40e+07 5535.96 | 5342.49    0.0   2887     0 |    1.84   0.15   0.01  -1.13
0  1.41e+07 5535.96 | 5410.36    0.0   2887     0 |    1.86   0.17  -0.02  -1.12
0  1.41e+07 5535.96 | 5306.95    0.0   2887     0 |    1.83   0.15   0.05  -1.12
0  1.42e+07 5535.96 | 5385.84    0.0   2887     0 |    1.85   0.16   0.05  -1.12
0  1.42e+07 5535.96 | 5427.21    0.0   2887     0 |    1.87   0.16  -0.02  -1.11
0  1.43e+07 5535.96 | 4880.19    0.0   2887     0 |    1.89   0.16  -0.12  -1.11
