################################################################################
ID     Step    maxR |    avgR   stdR   avgS  stdS |    expR   objC   etc.
0  5.77e+03 3472.91 |
成功率：99.1%, 提交量大于阈值的概率：0.21130%, 超供率：95.7%, 超供程度：83.0%, 超供平均值：5.7, 方差：186.2
0  5.77e+03 3472.91 | 3472.91    0.0   2886     0 |    1.12   0.71   0.04  -0.50
0  6.35e+04 3607.54 |
成功率：99.4%, 提交量大于阈值的概率：0.06631%, 超供率：96.1%, 超供程度：83.4%, 超供平均值：5.7, 方差：179.7
0  6.35e+04 3607.54 | 3607.54    0.0   2884     0 |    1.19   0.45   0.00  -0.53
0  1.21e+05 3632.30 |
成功率：99.5%, 提交量大于阈值的概率：0.02356%, 超供率：97.4%, 超供程度：85.1%, 超供平均值：5.7, 方差：186.9
0  1.21e+05 3632.30 | 3632.30    0.0   2884     0 |    1.21   0.51   0.09  -0.55
0  1.79e+05 3632.30 | 3623.69    0.0   2883     0 |    1.22   0.54   0.11  -0.57
0  2.60e+05 3632.30 | 3625.69    0.0   2884     0 |    1.23   0.59  -0.07  -0.60
0  3.40e+05 3632.30 | 3621.57    0.0   2882     0 |    1.23   0.50   0.10  -0.62
0  4.21e+05 3632.30 | 3624.36    0.0   2882     0 |    1.24   0.52  -0.02  -0.65
0  5.02e+05 3632.30 | 3624.32    0.0   2884     0 |    1.24   0.64  -0.08  -0.68
0  5.83e+05 3632.30 | 3628.51    0.0   2886     0 |    1.24   0.69   0.06  -0.71
0  6.63e+05 3632.30 | 3620.89    0.0   2883     0 |    1.25   0.58   0.11  -0.73
0  7.44e+05 3632.30 | 3619.10    0.0   2883     0 |    1.24   0.69  -0.09  -0.75
0  8.25e+05 3633.37 |
成功率：99.9%, 提交量大于阈值的概率：0.01759%, 超供率：97.6%, 超供程度：88.4%, 超供平均值：5.9, 方差：205.9
0  8.25e+05 3633.37 | 3633.37    0.0   2883     0 |    1.25   0.62  -0.07  -0.76
0  8.83e+05 3633.37 | 3633.20    0.0   2883     0 |    1.24   0.65   0.09  -0.78
0  9.63e+05 3633.37 | 3617.03    0.0   2884     0 |    1.25   0.72   0.03  -0.80
0  1.04e+06 3633.37 | 3632.49    0.0   2883     0 |    1.25   0.77   0.07  -0.82
0  1.12e+06 3633.37 | 3631.90    0.0   2883     0 |    1.25   0.75  -0.07  -0.83
0  1.21e+06 3634.48 |
成功率：100.0%, 提交量大于阈值的概率：0.02051%, 超供率：98.3%, 超供程度：89.7%, 超供平均值：6.0, 方差：213.0
0  1.21e+06 3634.48 | 3634.48    0.0   2883     0 |    1.25   0.61  -0.09  -0.86
0  1.26e+06 3634.48 | 3631.03    0.0   2883     0 |    1.25   0.82   0.12  -0.88
0  1.34e+06 3634.48 | 3631.74    0.0   2883     0 |    1.25   0.76   0.12  -0.91
0  1.42e+06 3634.48 | 3623.23    0.0   2883     0 |    1.25   0.68  -0.03  -0.92
0  1.51e+06 3634.48 | 3631.38    0.0   2883     0 |    1.26   0.62   0.00  -0.93
0  1.59e+06 3634.48 | 3628.96    0.0   2883     0 |    1.25   0.63   0.02  -0.96
0  1.67e+06 3634.48 | 3629.56    0.0   2883     0 |    1.25   0.75  -0.06  -0.98
0  1.75e+06 3634.48 | 3629.71    0.0   2883     0 |    1.26   0.64  -0.00  -0.99
0  1.83e+06 3634.48 | 3633.35    0.0   2883     0 |    1.26   0.66  -0.04  -1.01
0  1.91e+06 3634.48 | 3632.44    0.0   2883     0 |    1.26   0.58  -0.05  -1.03
0  1.99e+06 3634.48 | 3628.85    0.0   2885     0 |    1.26   0.68   0.07  -1.05
0  2.07e+06 3634.48 | 3628.19    0.0   2883     0 |    1.26   0.73  -0.16  -1.07
0  2.15e+06 3634.48 | 3632.34    0.0   2883     0 |    1.26   0.62   0.05  -1.09
0  2.23e+06 3635.50 |
成功率：100.0%, 提交量大于阈值的概率：0.01758%, 超供率：98.2%, 超供程度：89.7%, 超供平均值：6.0, 方差：212.6
0  2.23e+06 3635.50 | 3635.50    0.0   2883     0 |    1.26   0.75   0.07  -1.12
0  2.29e+06 3635.50 | 3628.53    0.0   2882     0 |    1.25   0.60   0.06  -1.12
0  2.37e+06 3635.50 | 3624.63    0.0   2883     0 |    1.25   0.67  -0.01  -1.14
0  2.45e+06 3635.50 | 3632.74    0.0   2883     0 |    1.26   0.71   0.10  -1.15
0  2.53e+06 3635.50 | 3633.21    0.0   2884     0 |    1.26   0.75   0.07  -1.15
0  2.62e+06 3635.50 | 3610.77    0.0   2883     0 |    1.25   0.69   0.02  -1.17
0  2.70e+06 3635.50 | 3618.09    0.0   2883     0 |    1.25   0.71  -0.04  -1.16
0  2.78e+06 3635.50 | 3620.94    0.0   2884     0 |    1.25   0.60  -0.02  -1.16
0  2.86e+06 3635.50 | 3632.25    0.0   2884     0 |    1.26   0.65   0.01  -1.16
0  2.94e+06 3635.50 | 3622.10    0.0   2885     0 |    1.25   0.66   0.00  -1.17
0  3.02e+06 3635.50 | 3623.86    0.0   2884     0 |    1.25   0.63   0.08  -1.17
0  3.10e+06 3635.50 | 3631.86    0.0   2884     0 |    1.26   0.72   0.09  -1.17
0  3.18e+06 3635.50 | 3629.92    0.0   2884     0 |    1.25   0.77   0.16  -1.17
0  3.26e+06 3635.50 | 3620.82    0.0   2883     0 |    1.25   0.77   0.08  -1.16
0  3.35e+06 3635.50 | 3612.85    0.0   2883     0 |    1.25   0.67   0.01  -1.17
0  3.43e+06 3635.50 | 3626.40    0.0   2885     0 |    1.26   0.66  -0.01  -1.16
0  3.51e+06 3635.50 | 3628.49    0.0   2883     0 |    1.25   0.65  -0.05  -1.17
0  3.59e+06 3635.50 | 3622.74    0.0   2883     0 |    1.25   0.65   0.08  -1.16
0  3.67e+06 3635.50 | 3613.88    0.0   2883     0 |    1.25   0.58   0.17  -1.17
0  3.75e+06 3635.50 | 3619.15    0.0   2883     0 |    1.25   0.62   0.01  -1.17
0  3.83e+06 3635.50 | 3623.51    0.0   2883     0 |    1.25   0.71   0.01  -1.18
0  3.91e+06 3635.50 | 3626.09    0.0   2883     0 |    1.25   0.68   0.08  -1.17
0  4.00e+06 3635.50 | 3624.93    0.0   2883     0 |    1.25   0.62   0.04  -1.16
0  4.08e+06 3635.50 | 3621.90    0.0   2883     0 |    1.25   0.65   0.00  -1.17
0  4.16e+06 3635.50 | 3622.25    0.0   2883     0 |    1.25   0.70   0.06  -1.17
0  4.24e+06 3635.50 | 3616.75    0.0   2883     0 |    1.25   0.70  -0.02  -1.17
0  4.32e+06 3635.50 | 3617.04    0.0   2883     0 |    1.25   0.68   0.10  -1.17
0  4.40e+06 3635.50 | 3609.00    0.0   2883     0 |    1.25   0.69   0.03  -1.17
0  4.48e+06 3635.50 | 3610.88    0.0   2883     0 |    1.25   0.64   0.01  -1.19
0  4.56e+06 3635.50 | 3628.60    0.0   2883     0 |    1.25   0.62   0.02  -1.18
0  4.64e+06 3635.50 | 3623.39    0.0   2883     0 |    1.25   0.72   0.05  -1.17
0  4.72e+06 3635.50 | 3625.44    0.0   2883     0 |    1.25   0.62  -0.06  -1.17
0  4.80e+06 3635.50 | 3622.43    0.0   2883     0 |    1.25   0.70   0.05  -1.18
0  4.88e+06 3635.50 | 3617.15    0.0   2883     0 |    1.25   0.71  -0.01  -1.18
0  4.97e+06 3635.50 | 3624.10    0.0   2883     0 |    1.25   0.61   0.11  -1.17
0  5.05e+06 3635.50 | 3626.56    0.0   2883     0 |    1.26   0.60   0.11  -1.16
0  5.13e+06 3635.50 | 3628.07    0.0   2885     0 |    1.26   0.75   0.16  -1.16
0  5.21e+06 3635.50 | 3619.18    0.0   2883     0 |    1.25   0.69   0.14  -1.16
0  5.29e+06 3635.50 | 3600.85    0.0   2883     0 |    1.25   0.69  -0.10  -1.17
0  5.37e+06 3635.50 | 3571.38    0.0   2883     0 |    1.24   0.67   0.04  -1.16
0  5.45e+06 3635.50 | 3606.87    0.0   2883     0 |    1.25   0.72   0.03  -1.16
0  5.53e+06 3657.19 |
成功率：100.0%, 提交量大于阈值的概率：0.03077%, 超供率：96.6%, 超供程度：86.1%, 超供平均值：5.7, 方差：212.4
0  5.53e+06 3657.19 | 3657.19    0.0   2886     0 |    1.26   0.58  -0.00  -1.16
0  5.59e+06 3657.19 | 3606.67    0.0   2882     0 |    1.25   0.69  -0.05  -1.15
0  5.66e+06 3657.19 | 3614.34    0.0   2883     0 |    1.25   0.67   0.05  -1.16
0  5.74e+06 3657.19 | 3619.53    0.0   2882     0 |    1.25   0.64  -0.04  -1.17
0  5.82e+06 3657.19 | 3601.23    0.0   2882     0 |    1.25   0.74  -0.12  -1.17
0  5.91e+06 3657.19 | 3558.72    0.0   2882     0 |    1.23   0.66   0.01  -1.17
0  5.99e+06 3657.19 | 3615.11    0.0   2882     0 |    1.25   0.58   0.05  -1.16
0  6.07e+06 3657.19 | 3620.19    0.0   2882     0 |    1.25   0.69   0.04  -1.16
0  6.15e+06 3657.19 | 3641.59    0.0   2887     0 |    1.27   0.67   0.10  -1.15
0  6.23e+06 3657.19 | 3619.86    0.0   2882     0 |    1.25   0.67   0.13  -1.15
0  6.31e+06 3657.19 | 3604.81    0.0   2882     0 |    1.25   0.65   0.04  -1.16
0  6.39e+06 3657.19 | 3631.15    0.0   2887     0 |    1.26   0.60  -0.02  -1.17
0  6.47e+06 3657.19 | 3628.68    0.0   2885     0 |    1.25   0.76  -0.05  -1.18
0  6.55e+06 3657.19 | 3593.49    0.0   2882     0 |    1.25   0.63   0.11  -1.17
0  6.63e+06 3657.19 | 3569.19    0.0   2882     0 |    1.24   0.66   0.05  -1.17
0  6.71e+06 3657.19 | 3577.78    0.0   2882     0 |    1.24   0.72  -0.03  -1.17
0  6.79e+06 3657.19 | 3568.59    0.0   2882     0 |    1.24   0.69   0.01  -1.16
0  6.87e+06 3657.19 | 3571.57    0.0   2882     0 |    1.24   0.72   0.14  -1.16
0  6.95e+06 3657.19 | 3567.32    0.0   2882     0 |    1.24   0.64   0.03  -1.16
0  7.04e+06 3657.19 | 3562.78    0.0   2882     0 |    1.23   0.74   0.00  -1.16
0  7.12e+06 3657.19 | 3562.09    0.0   2882     0 |    1.23   0.53  -0.04  -1.16
0  7.20e+06 3657.19 | 3566.34    0.0   2882     0 |    1.23   0.71   0.02  -1.17
0  7.28e+06 3657.19 | 3568.98    0.0   2882     0 |    1.24   0.64  -0.04  -1.17
0  7.36e+06 3657.19 | 3571.12    0.0   2882     0 |    1.24   0.70   0.07  -1.17
0  7.44e+06 3657.19 | 3575.77    0.0   2882     0 |    1.24   0.58  -0.05  -1.16
0  7.52e+06 3657.19 | 3587.87    0.0   2883     0 |    1.24   0.65  -0.04  -1.18
0  7.60e+06 3657.19 | 3579.21    0.0   2882     0 |    1.24   0.64  -0.02  -1.17
0  7.68e+06 3657.19 | 3586.74    0.0   2882     0 |    1.24   0.71   0.09  -1.17
0  7.76e+06 3657.19 | 3587.67    0.0   2883     0 |    1.24   0.66  -0.08  -1.18
0  7.84e+06 3657.19 | 3583.65    0.0   2883     0 |    1.24   0.57   0.04  -1.17
0  7.92e+06 3657.19 | 3592.24    0.0   2884     0 |    1.24   0.66   0.07  -1.17
0  8.00e+06 3657.19 | 3576.02    0.0   2882     0 |    1.24   0.70  -0.05  -1.17
0  8.08e+06 3657.19 | 3583.92    0.0   2882     0 |    1.24   0.55   0.04  -1.17
0  8.17e+06 3657.19 | 3596.53    0.0   2882     0 |    1.24   0.61   0.05  -1.17
0  8.25e+06 3657.19 | 3591.22    0.0   2882     0 |    1.25   0.71   0.01  -1.16
0  8.33e+06 3657.19 | 3594.05    0.0   2882     0 |    1.25   0.69   0.02  -1.17
0  8.41e+06 3657.19 | 3583.14    0.0   2882     0 |    1.24   0.70  -0.08  -1.18
0  8.49e+06 3657.19 | 3584.10    0.0   2882     0 |    1.24   0.72  -0.04  -1.17
0  8.57e+06 3657.19 | 3596.95    0.0   2882     0 |    1.25   0.70   0.11  -1.18
0  8.65e+06 3657.19 | 3565.32    0.0   2882     0 |    1.24   0.59  -0.06  -1.18
0  8.73e+06 3657.19 | 3574.60    0.0   2882     0 |    1.24   0.64  -0.04  -1.16
0  8.81e+06 3657.19 | 3600.63    0.0   2882     0 |    1.25   0.70   0.05  -1.17
0  8.89e+06 3657.19 | 3549.45    0.0   2882     0 |    1.23   0.61   0.08  -1.17
0  8.97e+06 3657.19 | 3548.65    0.0   2882     0 |    1.23   0.65   0.02  -1.18
0  9.05e+06 3657.19 | 3579.96    0.0   2882     0 |    1.24   0.66   0.04  -1.17
0  9.13e+06 3657.19 | 3623.71    0.0   2886     0 |    1.25   0.69   0.09  -1.17
0  9.21e+06 3657.19 | 3575.81    0.0   2882     0 |    1.25   0.65   0.08  -1.17
0  9.30e+06 3657.19 | 3535.10    0.0   2882     0 |    1.22   0.63   0.03  -1.18
0  9.38e+06 3657.19 | 3551.74    0.0   2882     0 |    1.23   0.58  -0.02  -1.17
0  9.46e+06 3657.19 | 3572.28    0.0   2882     0 |    1.24   0.61   0.05  -1.16
0  9.54e+06 3657.19 | 3605.16    0.0   2883     0 |    1.24   0.71   0.03  -1.17
0  9.62e+06 3657.19 | 3551.42    0.0   2882     0 |    1.23   0.74  -0.05  -1.15
0  9.70e+06 3657.19 | 3561.53    0.0   2882     0 |    1.23   0.68   0.20  -1.16
0  9.78e+06 3657.19 | 3572.83    0.0   2885     0 |    1.24   0.65   0.07  -1.17
0  9.86e+06 3657.19 | 3551.60    0.0   2882     0 |    1.23   0.59   0.04  -1.16
0  9.94e+06 3657.19 | 3567.89    0.0   2882     0 |    1.24   0.53   0.02  -1.18
0  1.00e+07 3657.19 | 3569.35    0.0   2882     0 |    1.24   0.73   0.04  -1.18
0  1.01e+07 3657.19 | 3569.96    0.0   2886     0 |    1.24   0.60   0.07  -1.17
0  1.02e+07 3657.19 | 3573.40    0.0   2886     0 |    1.24   0.61   0.03  -1.18
0  1.03e+07 3657.19 | 3571.89    0.0   2883     0 |    1.24   0.66   0.17  -1.17
0  1.03e+07 3657.19 | 3558.69    0.0   2882     0 |    1.23   0.59  -0.06  -1.16
0  1.04e+07 3657.19 | 3575.92    0.0   2882     0 |    1.24   0.72   0.12  -1.16
0  1.05e+07 3657.19 | 3578.96    0.0   2887     0 |    1.24   0.73   0.10  -1.16
0  1.06e+07 3657.19 | 3594.19    0.0   2882     0 |    1.24   0.57   0.01  -1.16
0  1.07e+07 3657.19 | 3589.96    0.0   2883     0 |    1.24   0.67   0.11  -1.16
0  1.07e+07 3657.19 | 3574.24    0.0   2886     0 |    1.24   0.64   0.03  -1.16
0  1.08e+07 3657.19 | 3593.16    0.0   2882     0 |    1.25   0.63  -0.01  -1.16
0  1.09e+07 3657.19 | 3615.32    0.0   2887     0 |    1.25   0.68   0.07  -1.16
0  1.10e+07 3657.19 | 3610.64    0.0   2887     0 |    1.25   0.56  -0.01  -1.15
0  1.11e+07 3657.19 | 3626.93    0.0   2887     0 |    1.25   0.54  -0.00  -1.15
0  1.12e+07 3657.19 | 3582.57    0.0   2884     0 |    1.24   0.68   0.04  -1.16
0  1.12e+07 3657.19 | 3610.44    0.0   2884     0 |    1.25   0.57   0.11  -1.16
0  1.13e+07 3657.19 | 3585.81    0.0   2883     0 |    1.24   0.69   0.02  -1.16
0  1.14e+07 3657.19 | 3599.96    0.0   2887     0 |    1.25   0.70   0.02  -1.15
0  1.15e+07 3657.19 | 3603.15    0.0   2883     0 |    1.25   0.58   0.07  -1.15
0  1.16e+07 3657.19 | 3585.49    0.0   2882     0 |    1.24   0.62  -0.03  -1.15
0  1.16e+07 3657.19 | 3616.71    0.0   2886     0 |    1.25   0.64  -0.04  -1.15
0  1.17e+07 3657.19 | 3593.43    0.0   2882     0 |    1.24   0.64   0.01  -1.16
0  1.18e+07 3657.19 | 3604.06    0.0   2882     0 |    1.25   0.65   0.03  -1.16
0  1.19e+07 3657.19 | 3574.93    0.0   2882     0 |    1.24   0.57   0.04  -1.16
0  1.20e+07 3657.19 | 3561.17    0.0   2882     0 |    1.23   0.65   0.06  -1.18
0  1.20e+07 3657.19 | 3580.38    0.0   2882     0 |    1.24   0.70   0.03  -1.18
0  1.21e+07 3657.19 | 3578.00    0.0   2882     0 |    1.24   0.63  -0.02  -1.17
0  1.22e+07 3657.19 | 3589.09    0.0   2882     0 |    1.24   0.59   0.05  -1.18
0  1.23e+07 3657.19 | 3586.02    0.0   2883     0 |    1.24   0.63   0.01  -1.17
0  1.24e+07 3657.19 | 3583.80    0.0   2882     0 |    1.24   0.59  -0.05  -1.16
0  1.24e+07 3657.19 | 3585.26    0.0   2883     0 |    1.24   0.70   0.01  -1.16
0  1.25e+07 3657.19 | 3591.51    0.0   2883     0 |    1.24   0.68  -0.04  -1.16
0  1.26e+07 3657.19 | 3562.54    0.0   2883     0 |    1.23   0.66  -0.10  -1.16
