################################################################################
ID     Step    maxR |    avgR   stdR   avgS  stdS |    expR   objC   etc.
0  5.77e+03 3460.97 |
成功率：99.1%, 提交量大于阈值的概率：0.21873%, 超供率：95.6%, 超供程度：82.9%, 超供平均值：5.7, 方差：187.0
0  5.77e+03 3460.97 | 3460.97    0.0   2886     0 |    1.12  14.46   0.07  -0.50
0  5.77e+04 3516.11 |
成功率：99.6%, 提交量大于阈值的概率：0.21318%, 超供率：96.9%, 超供程度：83.4%, 超供平均值：5.7, 方差：188.6
0  5.77e+04 3516.11 | 3516.11    0.0   2886     0 |    1.13  11.61  -0.02  -0.51
0  1.15e+05 3526.14 |
成功率：99.6%, 提交量大于阈值的概率：0.20012%, 超供率：97.3%, 超供程度：83.8%, 超供平均值：5.7, 方差：186.2
0  1.15e+05 3526.14 | 3526.14    0.0   2886     0 |    1.14   9.36  -0.04  -0.51
0  1.73e+05 3560.75 |
成功率：99.6%, 提交量大于阈值的概率：0.17946%, 超供率：97.2%, 超供程度：83.0%, 超供平均值：5.6, 方差：184.3
0  1.73e+05 3560.75 | 3560.75    0.0   2886     0 |    1.15  10.85   0.07  -0.52
0  2.31e+05 3574.70 |
成功率：99.7%, 提交量大于阈值的概率：0.16756%, 超供率：97.3%, 超供程度：82.9%, 超供平均值：5.6, 方差：183.6
0  2.31e+05 3574.70 | 3574.70    0.0   2885     0 |    1.16  10.19  -0.06  -0.53
0  2.89e+05 3576.73 |
成功率：99.9%, 提交量大于阈值的概率：0.18186%, 超供率：97.6%, 超供程度：83.3%, 超供平均值：5.6, 方差：186.0
0  2.89e+05 3576.73 | 3576.73    0.0   2885     0 |    1.16   8.90   0.09  -0.55
0  3.46e+05 3587.84 |
成功率：99.8%, 提交量大于阈值的概率：0.15705%, 超供率：97.5%, 超供程度：83.0%, 超供平均值：5.6, 方差：183.4
0  3.46e+05 3587.84 | 3587.84    0.0   2883     0 |    1.17   8.18   0.05  -0.56
0  4.04e+05 3591.38 |
成功率：99.8%, 提交量大于阈值的概率：0.14832%, 超供率：97.4%, 超供程度：82.6%, 超供平均值：5.6, 方差：183.2
0  4.04e+05 3591.38 | 3591.38    0.0   2883     0 |    1.17   9.42   0.01  -0.57
0  4.62e+05 3601.57 |
成功率：99.7%, 提交量大于阈值的概率：0.14846%, 超供率：97.0%, 超供程度：81.9%, 超供平均值：5.5, 方差：181.5
0  4.62e+05 3601.57 | 3601.57    0.0   2884     0 |    1.19  11.45   0.08  -0.58
0  5.19e+05 3620.17 |
成功率：99.8%, 提交量大于阈值的概率：0.13502%, 超供率：97.1%, 超供程度：81.8%, 超供平均值：5.5, 方差：181.0
0  5.19e+05 3620.17 | 3620.17    0.0   2883     0 |    1.19   9.10   0.10  -0.59
0  5.77e+05 3626.53 |
成功率：100.0%, 提交量大于阈值的概率：0.14067%, 超供率：97.4%, 超供程度：82.2%, 超供平均值：5.5, 方差：182.4
0  5.77e+05 3626.53 | 3626.53    0.0   2883     0 |    1.19  10.04   0.09  -0.61
0  6.35e+05 3626.53 | 3626.15    0.0   2883     0 |    1.19  10.00   0.05  -0.62
0  7.15e+05 3626.53 | 3626.30    0.0   2883     0 |    1.20   9.50   0.07  -0.62
0  7.96e+05 3634.76 |
成功率：99.9%, 提交量大于阈值的概率：0.13782%, 超供率：97.2%, 超供程度：81.9%, 超供平均值：5.5, 方差：182.7
0  7.96e+05 3634.76 | 3634.76    0.0   2883     0 |    1.21  10.16   0.02  -0.63
0  8.54e+05 3646.35 |
成功率：99.9%, 提交量大于阈值的概率：0.11436%, 超供率：97.2%, 超供程度：80.8%, 超供平均值：5.4, 方差：179.9
0  8.54e+05 3646.35 | 3646.35    0.0   2884     0 |    1.21  10.32   0.03  -0.65
0  9.12e+05 3653.77 |
成功率：100.0%, 提交量大于阈值的概率：0.10841%, 超供率：97.4%, 超供程度：80.9%, 超供平均值：5.4, 方差：179.2
0  9.12e+05 3653.77 | 3653.77    0.0   2883     0 |    1.22  10.91  -0.04  -0.65
0  9.69e+05 3653.77 | 3645.89    0.0   2883     0 |    1.21  11.57   0.07  -0.65
0  1.05e+06 3653.77 | 3649.67    0.0   2883     0 |    1.22  10.19  -0.13  -0.67
0  1.13e+06 3662.69 |
成功率：100.0%, 提交量大于阈值的概率：0.10844%, 超供率：97.4%, 超供程度：79.2%, 超供平均值：5.3, 方差：176.2
0  1.13e+06 3662.69 | 3662.69    0.0   2883     0 |    1.23  10.27   0.03  -0.69
0  1.19e+06 3662.69 | 3660.91    0.0   2883     0 |    1.22   9.39   0.04  -0.70
0  1.27e+06 3668.93 |
成功率：100.0%, 提交量大于阈值的概率：0.09378%, 超供率：97.3%, 超供程度：79.9%, 超供平均值：5.4, 方差：177.4
0  1.27e+06 3668.93 | 3668.93    0.0   2883     0 |    1.23  10.12   0.05  -0.71
0  1.33e+06 3668.93 | 3668.48    0.0   2883     0 |    1.23  10.54  -0.07  -0.71
0  1.41e+06 3674.44 |
成功率：100.0%, 提交量大于阈值的概率：0.09673%, 超供率：97.3%, 超供程度：79.9%, 超供平均值：5.4, 方差：178.1
0  1.41e+06 3674.44 | 3674.44    0.0   2883     0 |    1.23   9.57   0.15  -0.74
0  1.47e+06 3674.44 | 3667.12    0.0   2884     0 |    1.23   9.21  -0.05  -0.75
0  1.55e+06 3674.44 | 3661.07    0.0   2883     0 |    1.23  10.54   0.03  -0.76
0  1.63e+06 3674.44 | 3663.52    0.0   2883     0 |    1.23   9.43   0.11  -0.78
0  1.71e+06 3674.44 | 3652.86    0.0   2883     0 |    1.22   8.88   0.02  -0.78
0  1.79e+06 3674.44 | 3647.62    0.0   2883     0 |    1.22  10.40   0.01  -0.78
0  1.87e+06 3674.44 | 3659.39    0.0   2883     0 |    1.24  10.66   0.12  -0.79
0  1.95e+06 3674.44 | 3669.95    0.0   2883     0 |    1.24  10.47  -0.03  -0.81
0  2.03e+06 3674.44 | 3666.46    0.0   2884     0 |    1.24   9.93   0.03  -0.83
0  2.11e+06 3675.78 |
成功率：99.9%, 提交量大于阈值的概率：0.08501%, 超供率：97.6%, 超供程度：79.7%, 超供平均值：5.3, 方差：177.5
0  2.11e+06 3675.78 | 3675.78    0.0   2883     0 |    1.24  10.07   0.05  -0.84
0  2.17e+06 3681.72 |
成功率：99.9%, 提交量大于阈值的概率：0.08502%, 超供率：97.6%, 超供程度：79.2%, 超供平均值：5.3, 方差：177.2
0  2.17e+06 3681.72 | 3681.72    0.0   2883     0 |    1.25  10.94   0.03  -0.86
0  2.23e+06 3681.72 | 3679.19    0.0   2883     0 |    1.25  10.43  -0.02  -0.86
0  2.31e+06 3681.72 | 3666.52    0.0   2883     0 |    1.25  10.53   0.07  -0.88
0  2.39e+06 3681.72 | 3666.83    0.0   2883     0 |    1.25  10.30  -0.03  -0.88
0  2.47e+06 3681.72 | 3674.15    0.0   2883     0 |    1.25  11.56   0.08  -0.89
0  2.54e+06 3681.72 | 3657.91    0.0   2883     0 |    1.25  11.20   0.03  -0.90
0  2.62e+06 3681.72 | 3640.62    0.0   2883     0 |    1.25   9.55   0.02  -0.91
0  2.71e+06 3681.72 | 3649.13    0.0   2883     0 |    1.25   9.12  -0.01  -0.93
0  2.79e+06 3681.72 | 3658.72    0.0   2883     0 |    1.25  11.32  -0.06  -0.95
0  2.87e+06 3681.72 | 3658.48    0.0   2883     0 |    1.25  11.62   0.04  -0.96
0  2.95e+06 3681.72 | 3660.22    0.0   2883     0 |    1.25   9.75  -0.05  -0.96
0  3.03e+06 3681.72 | 3663.42    0.0   2883     0 |    1.26  10.48   0.10  -0.99
0  3.11e+06 3681.72 | 3663.88    0.0   2883     0 |    1.26  10.12   0.10  -1.01
0  3.19e+06 3681.72 | 3667.24    0.0   2883     0 |    1.26  11.39   0.13  -1.03
0  3.27e+06 3681.72 | 3680.25    0.0   2883     0 |    1.26  11.36   0.08  -1.03
0  3.35e+06 3683.58 |
成功率：99.7%, 提交量大于阈值的概率：0.08084%, 超供率：97.4%, 超供程度：76.2%, 超供平均值：5.1, 方差：169.9
0  3.35e+06 3683.58 | 3683.58    0.0   2883     0 |    1.27   9.78   0.02  -1.04
0  3.41e+06 3685.27 |
成功率：99.7%, 提交量大于阈值的概率：0.09109%, 超供率：97.4%, 超供程度：75.9%, 超供平均值：5.1, 方差：169.9
0  3.41e+06 3685.27 | 3685.27    0.0   2883     0 |    1.26  10.40   0.06  -1.05
0  3.47e+06 3688.33 |
成功率：99.7%, 提交量大于阈值的概率：0.08960%, 超供率：97.4%, 超供程度：75.5%, 超供平均值：5.1, 方差：170.0
0  3.47e+06 3688.33 | 3688.33    0.0   2883     0 |    1.27  10.69   0.10  -1.07
0  3.52e+06 3688.33 | 3685.61    0.0   2883     0 |    1.27   9.64   0.06  -1.08
0  3.60e+06 3689.08 |
成功率：99.8%, 提交量大于阈值的概率：0.09545%, 超供率：97.4%, 超供程度：76.2%, 超供平均值：5.1, 方差：171.2
0  3.60e+06 3689.08 | 3689.08    0.0   2883     0 |    1.27  11.28   0.07  -1.09
0  3.66e+06 3693.38 |
成功率：99.7%, 提交量大于阈值的概率：0.09106%, 超供率：97.4%, 超供程度：76.0%, 超供平均值：5.1, 方差：170.3
0  3.66e+06 3693.38 | 3693.38    0.0   2883     0 |    1.27  10.25   0.08  -1.10
0  3.71e+06 3693.90 |
成功率：99.8%, 提交量大于阈值的概率：0.09545%, 超供率：97.4%, 超供程度：76.2%, 超供平均值：5.1, 方差：171.3
0  3.71e+06 3693.90 | 3693.90    0.0   2883     0 |    1.26   9.48  -0.04  -1.11
0  3.77e+06 3693.90 | 3687.10    0.0   2883     0 |    1.27  10.00  -0.06  -1.12
0  3.85e+06 3693.90 | 3690.32    0.0   2883     0 |    1.26  10.40  -0.01  -1.14
0  3.93e+06 3693.90 | 3686.91    0.0   2883     0 |    1.27  10.05  -0.02  -1.14
0  4.01e+06 3693.90 | 3690.07    0.0   2883     0 |    1.26   9.59   0.08  -1.15
0  4.10e+06 3693.90 | 3682.72    0.0   2883     0 |    1.26  10.58   0.11  -1.14
0  4.18e+06 3693.90 | 3686.54    0.0   2883     0 |    1.27   9.55   0.08  -1.14
0  4.26e+06 3693.90 | 3691.48    0.0   2883     0 |    1.27  10.22  -0.03  -1.15
0  4.34e+06 3695.27 |
成功率：99.7%, 提交量大于阈值的概率：0.07491%, 超供率：97.2%, 超供程度：75.7%, 超供平均值：5.1, 方差：169.6
0  4.34e+06 3695.27 | 3695.27    0.0   2883     0 |    1.27   9.74   0.13  -1.14
0  4.40e+06 3695.27 | 3690.20    0.0   2883     0 |    1.27   9.90   0.08  -1.15
0  4.48e+06 3695.27 | 3685.94    0.0   2883     0 |    1.27   9.97   0.06  -1.15
0  4.56e+06 3695.27 | 3690.40    0.0   2883     0 |    1.27   9.31   0.05  -1.15
0  4.64e+06 3695.27 | 3686.25    0.0   2883     0 |    1.27   9.61   0.17  -1.14
0  4.72e+06 3695.27 | 3680.10    0.0   2883     0 |    1.27  10.44   0.07  -1.15
0  4.80e+06 3695.27 | 3676.27    0.0   2883     0 |    1.27  10.16   0.10  -1.15
0  4.88e+06 3702.82 |
成功率：99.8%, 提交量大于阈值的概率：0.08956%, 超供率：97.0%, 超供程度：73.5%, 超供平均值：4.9, 方差：169.5
0  4.88e+06 3702.82 | 3702.82    0.0   2883     0 |    1.27   9.67   0.16  -1.15
0  4.94e+06 3706.98 |
成功率：99.8%, 提交量大于阈值的概率：0.08806%, 超供率：97.2%, 超供程度：74.1%, 超供平均值：5.0, 方差：169.8
0  4.94e+06 3706.98 | 3706.98    0.0   2883     0 |    1.28   9.04   0.03  -1.15
0  4.99e+06 3711.96 |
成功率：99.8%, 提交量大于阈值的概率：0.08805%, 超供率：97.2%, 超供程度：74.2%, 超供平均值：5.0, 方差：169.0
0  4.99e+06 3711.96 | 3711.96    0.0   2883     0 |    1.28   9.64   0.07  -1.15
0  5.05e+06 3713.11 |
成功率：99.8%, 提交量大于阈值的概率：0.08660%, 超供率：97.0%, 超供程度：73.7%, 超供平均值：4.9, 方差：169.0
0  5.05e+06 3713.11 | 3713.11    0.0   2883     0 |    1.28   9.32   0.18  -1.16
0  5.11e+06 3713.11 | 3708.96    0.0   2883     0 |    1.28   9.70   0.03  -1.16
0  5.19e+06 3715.75 |
成功率：99.8%, 提交量大于阈值的概率：0.08220%, 超供率：97.0%, 超供程度：73.8%, 超供平均值：4.9, 方差：168.4
0  5.19e+06 3715.75 | 3715.75    0.0   2883     0 |    1.28   9.69   0.04  -1.16
0  5.25e+06 3715.75 | 3713.74    0.0   2883     0 |    1.28   8.02   0.09  -1.17
0  5.33e+06 3718.75 |
成功率：99.8%, 提交量大于阈值的概率：0.08221%, 超供率：97.0%, 超供程度：73.9%, 超供平均值：4.9, 方差：168.4
0  5.33e+06 3718.75 | 3718.75    0.0   2883     0 |    1.28   9.57   0.12  -1.16
0  5.39e+06 3718.75 | 3711.29    0.0   2883     0 |    1.27   9.62   0.10  -1.16
0  5.47e+06 3718.75 | 3713.55    0.0   2883     0 |    1.28   9.46   0.09  -1.16
0  5.55e+06 3719.33 |
成功率：99.8%, 提交量大于阈值的概率：0.08514%, 超供率：96.9%, 超供程度：73.9%, 超供平均值：5.0, 方差：168.2
0  5.55e+06 3719.33 | 3719.33    0.0   2883     0 |    1.28   9.89  -0.11  -1.16
0  5.61e+06 3719.33 | 3709.73    0.0   2883     0 |    1.28   9.67   0.05  -1.15
0  5.69e+06 3719.33 | 3709.09    0.0   2883     0 |    1.28  10.00   0.08  -1.16
0  5.77e+06 3719.33 | 3700.30    0.0   2883     0 |    1.27   8.64   0.11  -1.16
0  5.85e+06 3719.33 | 3715.62    0.0   2884     0 |    1.27  10.99  -0.01  -1.16
0  5.93e+06 3719.33 | 3717.04    0.0   2884     0 |    1.28   9.50   0.06  -1.16
0  6.01e+06 3720.55 |
成功率：99.8%, 提交量大于阈值的概率：0.09983%, 超供率：96.8%, 超供程度：72.9%, 超供平均值：4.9, 方差：168.7
0  6.01e+06 3720.55 | 3720.55    0.0   2884     0 |    1.28  10.86   0.06  -1.16
0  6.07e+06 3720.55 | 3714.55    0.0   2884     0 |    1.28  10.65   0.09  -1.15
0  6.15e+06 3720.55 | 3710.80    0.0   2884     0 |    1.27   9.18  -0.03  -1.15
0  6.23e+06 3720.55 | 3711.41    0.0   2884     0 |    1.27   8.99   0.12  -1.15
0  6.31e+06 3720.55 | 3704.07    0.0   2884     0 |    1.27   8.44   0.15  -1.15
0  6.39e+06 3720.55 | 3705.31    0.0   2883     0 |    1.27   9.95   0.04  -1.16
0  6.47e+06 3720.55 | 3702.93    0.0   2883     0 |    1.27   9.65  -0.01  -1.16
0  6.55e+06 3720.55 | 3699.79    0.0   2884     0 |    1.27   9.37   0.04  -1.15
0  6.63e+06 3720.55 | 3697.90    0.0   2884     0 |    1.27   9.40   0.09  -1.15
0  6.71e+06 3720.55 | 3688.28    0.0   2883     0 |    1.27   9.08  -0.02  -1.17
0  6.79e+06 3720.55 | 3686.24    0.0   2883     0 |    1.26  10.86   0.15  -1.17
0  6.87e+06 3720.55 | 3691.23    0.0   2883     0 |    1.27   9.70   0.02  -1.17
0  6.96e+06 3720.55 | 3685.64    0.0   2884     0 |    1.26   9.25   0.09  -1.16
0  7.04e+06 3720.55 | 3686.64    0.0   2884     0 |    1.26   9.85   0.07  -1.17
0  7.12e+06 3720.55 | 3685.12    0.0   2883     0 |    1.27   9.01   0.08  -1.16
0  7.20e+06 3720.55 | 3694.68    0.0   2884     0 |    1.27   8.93   0.11  -1.16
0  7.28e+06 3720.55 | 3694.20    0.0   2884     0 |    1.26   8.47   0.08  -1.16
0  7.36e+06 3720.55 | 3694.11    0.0   2883     0 |    1.27   9.66   0.10  -1.17
0  7.44e+06 3720.55 | 3694.08    0.0   2884     0 |    1.27   8.96   0.03  -1.17
0  7.52e+06 3720.55 | 3684.68    0.0   2884     0 |    1.26   9.69   0.07  -1.17
0  7.60e+06 3720.55 | 3685.69    0.0   2884     0 |    1.27   9.63   0.13  -1.18
0  7.68e+06 3720.55 | 3685.31    0.0   2884     0 |    1.27   8.58   0.05  -1.17
0  7.76e+06 3720.55 | 3681.86    0.0   2884     0 |    1.26   8.27  -0.02  -1.17
0  7.84e+06 3720.55 | 3680.19    0.0   2884     0 |    1.26   8.86   0.14  -1.15
0  7.92e+06 3720.55 | 3680.75    0.0   2884     0 |    1.26  10.36   0.03  -1.15
0  8.01e+06 3720.55 | 3685.41    0.0   2884     0 |    1.27   8.20   0.07  -1.15
0  8.09e+06 3720.55 | 3678.63    0.0   2884     0 |    1.27  10.11   0.03  -1.16
0  8.17e+06 3720.55 | 3692.48    0.0   2884     0 |    1.27   9.34   0.07  -1.17
0  8.25e+06 3720.55 | 3687.11    0.0   2884     0 |    1.27   9.90   0.13  -1.17
0  8.33e+06 3720.55 | 3684.32    0.0   2884     0 |    1.27   9.60   0.01  -1.17
0  8.41e+06 3720.55 | 3684.57    0.0   2884     0 |    1.27  10.00   0.09  -1.17
0  8.49e+06 3720.55 | 3687.44    0.0   2883     0 |    1.27   9.09  -0.06  -1.17
0  8.57e+06 3720.55 | 3688.18    0.0   2884     0 |    1.27   9.73   0.10  -1.17
0  8.65e+06 3720.55 | 3692.40    0.0   2883     0 |    1.27   9.59   0.14  -1.16
0  8.73e+06 3720.55 | 3691.83    0.0   2883     0 |    1.27  10.04   0.09  -1.15
0  8.81e+06 3720.55 | 3680.83    0.0   2883     0 |    1.27   9.65   0.05  -1.16
0  8.89e+06 3720.55 | 3684.94    0.0   2883     0 |    1.27   9.78   0.05  -1.16
0  8.97e+06 3720.55 | 3689.17    0.0   2883     0 |    1.27   8.56  -0.12  -1.16
0  9.05e+06 3720.55 | 3685.68    0.0   2883     0 |    1.27  10.03   0.11  -1.15
0  9.14e+06 3720.55 | 3692.41    0.0   2883     0 |    1.27   8.86  -0.01  -1.16
0  9.22e+06 3720.55 | 3688.84    0.0   2883     0 |    1.27   8.95   0.14  -1.17
0  9.30e+06 3720.55 | 3696.70    0.0   2883     0 |    1.27  10.24  -0.03  -1.16
0  9.38e+06 3720.55 | 3695.31    0.0   2883     0 |    1.27   9.23   0.06  -1.17
0  9.46e+06 3720.55 | 3684.52    0.0   2883     0 |    1.27  10.54   0.05  -1.15
0  9.54e+06 3720.55 | 3681.64    0.0   2883     0 |    1.26  10.14   0.09  -1.15
0  9.62e+06 3720.55 | 3676.25    0.0   2883     0 |    1.27   9.43  -0.07  -1.16
0  9.70e+06 3720.55 | 3687.07    0.0   2883     0 |    1.27  10.97  -0.06  -1.15
0  9.78e+06 3720.55 | 3687.43    0.0   2883     0 |    1.27   9.02   0.07  -1.16
0  9.86e+06 3720.55 | 3685.38    0.0   2883     0 |    1.27   9.96   0.07  -1.16
0  9.94e+06 3720.55 | 3670.62    0.0   2883     0 |    1.27   8.90   0.13  -1.17
0  1.00e+07 3720.55 | 3668.17    0.0   2883     0 |    1.27   8.85   0.03  -1.16
0  1.01e+07 3720.55 | 3669.82    0.0   2883     0 |    1.27   8.85  -0.08  -1.15
0  1.02e+07 3720.55 | 3669.31    0.0   2883     0 |    1.26   9.10   0.08  -1.14
0  1.03e+07 3720.55 | 3670.33    0.0   2883     0 |    1.26   9.59   0.15  -1.14
0  1.03e+07 3720.55 | 3663.90    0.0   2883     0 |    1.26  10.74   0.04  -1.15
0  1.04e+07 3720.55 | 3667.04    0.0   2883     0 |    1.26   8.16   0.09  -1.14
0  1.05e+07 3720.55 | 3663.56    0.0   2883     0 |    1.26  10.67   0.04  -1.15
0  1.06e+07 3720.55 | 3650.16    0.0   2883     0 |    1.25   8.79   0.05  -1.15
0  1.07e+07 3720.55 | 3639.84    0.0   2883     0 |    1.25   9.14   0.06  -1.15
0  1.07e+07 3720.55 | 3659.86    0.0   2883     0 |    1.26  10.33   0.08  -1.15
0  1.08e+07 3720.55 | 3652.25    0.0   2883     0 |    1.26   9.33   0.18  -1.16
0  1.09e+07 3720.55 | 3652.67    0.0   2883     0 |    1.25   8.76  -0.00  -1.16
0  1.10e+07 3720.55 | 3648.05    0.0   2883     0 |    1.25   9.86   0.08  -1.16
0  1.11e+07 3720.55 | 3652.03    0.0   2883     0 |    1.26   8.29   0.17  -1.18
0  1.12e+07 3720.55 | 3666.41    0.0   2883     0 |    1.26   8.21   0.13  -1.17
0  1.12e+07 3720.55 | 3667.69    0.0   2883     0 |    1.26  10.06   0.04  -1.16
0  1.13e+07 3720.55 | 3666.65    0.0   2883     0 |    1.26  10.70   0.03  -1.17
0  1.14e+07 3720.55 | 3663.65    0.0   2883     0 |    1.26   9.85   0.04  -1.16
0  1.15e+07 3720.55 | 3665.16    0.0   2883     0 |    1.26   8.15   0.20  -1.17
0  1.16e+07 3720.55 | 3669.90    0.0   2883     0 |    1.26   9.72   0.02  -1.16
0  1.16e+07 3720.55 | 3663.65    0.0   2883     0 |    1.26   9.37   0.05  -1.16
0  1.17e+07 3720.55 | 3671.04    0.0   2883     0 |    1.26   9.46   0.12  -1.16
0  1.18e+07 3720.55 | 3666.22    0.0   2883     0 |    1.26   8.95   0.09  -1.16
