################################################################################
ID     Step    maxR |    avgR   stdR   avgS  stdS |    expR   objC   etc.
0  5.77e+03 3471.46 |
成功率：99.1%, 提交量大于阈值的概率：0.21131%, 超供率：95.7%, 超供程度：82.9%, 超供平均值：5.7, 方差：186.3
0  5.77e+03 3471.46 | 3471.46    0.0   2886     0 |    1.12   1.11   0.04  -0.50
0  6.35e+04 3596.41 |
成功率：99.6%, 提交量大于阈值的概率：0.11184%, 超供率：96.2%, 超供程度：83.4%, 超供平均值：5.7, 方差：182.6
0  6.35e+04 3596.41 | 3596.41    0.0   2886     0 |    1.17   0.88  -0.04  -0.53
0  1.21e+05 3636.44 |
成功率：99.6%, 提交量大于阈值的概率：0.05297%, 超供率：96.9%, 超供程度：83.3%, 超供平均值：5.6, 方差：181.2
0  1.21e+05 3636.44 | 3636.44    0.0   2884     0 |    1.21   0.87   0.08  -0.55
0  1.79e+05 3641.04 |
成功率：99.5%, 提交量大于阈值的概率：0.02061%, 超供率：97.7%, 超供程度：84.4%, 超供平均值：5.7, 方差：183.5
0  1.79e+05 3641.04 | 3641.04    0.0   2884     0 |    1.22   0.85   0.15  -0.56
0  2.37e+05 3641.04 | 3633.41    0.0   2883     0 |    1.23   0.70  -0.09  -0.59
0  3.17e+05 3643.12 |
成功率：99.6%, 提交量大于阈值的概率：0.02207%, 超供率：97.6%, 超供程度：84.6%, 超供平均值：5.7, 方差：188.2
0  3.17e+05 3643.12 | 3643.12    0.0   2883     0 |    1.23   0.98   0.04  -0.60
0  3.75e+05 3646.86 |
成功率：99.6%, 提交量大于阈值的概率：0.01617%, 超供率：97.6%, 超供程度：85.3%, 超供平均值：5.7, 方差：190.4
0  3.75e+05 3646.86 | 3646.86    0.0   2883     0 |    1.24   0.94   0.10  -0.61
0  4.33e+05 3646.86 | 3639.02    0.0   2883     0 |    1.24   0.86   0.08  -0.62
0  5.13e+05 3646.86 | 3641.17    0.0   2883     0 |    1.24   0.91  -0.03  -0.65
0  5.94e+05 3649.35 |
成功率：99.6%, 提交量大于阈值的概率：0.01470%, 超供率：96.6%, 超供程度：84.2%, 超供平均值：5.6, 方差：188.3
0  5.94e+05 3649.35 | 3649.35    0.0   2883     0 |    1.25   0.90   0.02  -0.69
0  6.52e+05 3649.35 | 3643.38    0.0   2883     0 |    1.24   0.89   0.08  -0.71
0  7.33e+05 3649.35 | 3642.05    0.0   2883     0 |    1.25   0.84   0.13  -0.72
0  8.13e+05 3657.16 |
成功率：99.8%, 提交量大于阈值的概率：0.01468%, 超供率：97.2%, 超供程度：85.4%, 超供平均值：5.7, 方差：193.1
0  8.13e+05 3657.16 | 3657.16    0.0   2883     0 |    1.25   0.91   0.01  -0.74
0  8.71e+05 3657.16 | 3645.92    0.0   2886     0 |    1.25   0.83   0.01  -0.74
0  9.52e+05 3657.16 | 3640.38    0.0   2886     0 |    1.25   0.97   0.06  -0.78
0  1.03e+06 3657.16 | 3646.24    0.0   2883     0 |    1.25   0.93   0.15  -0.79
0  1.11e+06 3657.16 | 3648.08    0.0   2883     0 |    1.25   1.12   0.00  -0.82
0  1.19e+06 3657.16 | 3645.67    0.0   2883     0 |    1.26   0.91  -0.04  -0.85
0  1.27e+06 3657.16 | 3649.42    0.0   2883     0 |    1.26   1.02  -0.06  -0.87
0  1.36e+06 3657.16 | 3643.82    0.0   2883     0 |    1.26   0.94   0.09  -0.89
0  1.44e+06 3657.16 | 3645.99    0.0   2883     0 |    1.26   0.95   0.12  -0.91
0  1.52e+06 3657.16 | 3624.89    0.0   2883     0 |    1.25   1.09   0.08  -0.93
0  1.60e+06 3657.16 | 3641.04    0.0   2883     0 |    1.25   0.99   0.03  -0.96
0  1.68e+06 3657.16 | 3646.26    0.0   2883     0 |    1.26   1.05   0.08  -0.99
0  1.77e+06 3657.16 | 3644.63    0.0   2883     0 |    1.26   0.94  -0.03  -1.02
0  1.85e+06 3657.16 | 3646.24    0.0   2883     0 |    1.26   0.98   0.02  -1.04
0  1.93e+06 3657.16 | 3633.83    0.0   2883     0 |    1.25   0.98  -0.00  -1.06
0  2.01e+06 3657.16 | 3644.72    0.0   2883     0 |    1.26   1.06   0.13  -1.06
0  2.09e+06 3657.16 | 3647.07    0.0   2883     0 |    1.26   1.13   0.17  -1.09
0  2.17e+06 3657.16 | 3651.08    0.0   2883     0 |    1.26   1.03   0.14  -1.10
0  2.26e+06 3657.16 | 3649.64    0.0   2884     0 |    1.26   1.00   0.08  -1.13
0  2.34e+06 3657.16 | 3627.50    0.0   2887     0 |    1.25   0.93   0.04  -1.14
0  2.43e+06 3657.16 | 3650.20    0.0   2883     0 |    1.26   0.86   0.01  -1.14
0  2.51e+06 3657.16 | 3640.92    0.0   2883     0 |    1.26   0.96   0.04  -1.15
0  2.59e+06 3657.16 | 3643.36    0.0   2883     0 |    1.26   0.96  -0.06  -1.16
0  2.67e+06 3657.16 | 3645.82    0.0   2883     0 |    1.26   1.04  -0.07  -1.17
0  2.75e+06 3657.16 | 3637.29    0.0   2883     0 |    1.26   1.16  -0.01  -1.17
0  2.83e+06 3657.16 | 3646.04    0.0   2883     0 |    1.26   0.84   0.04  -1.17
0  2.91e+06 3657.16 | 3639.54    0.0   2883     0 |    1.26   0.80  -0.03  -1.17
0  2.99e+06 3657.16 | 3641.94    0.0   2883     0 |    1.26   1.05   0.00  -1.17
0  3.07e+06 3657.16 | 3638.93    0.0   2883     0 |    1.26   0.96   0.04  -1.18
0  3.16e+06 3657.16 | 3616.56    0.0   2883     0 |    1.25   1.03   0.17  -1.18
0  3.24e+06 3657.16 | 3627.12    0.0   2883     0 |    1.25   0.99   0.07  -1.17
0  3.33e+06 3657.16 | 3627.97    0.0   2883     0 |    1.25   0.90  -0.09  -1.18
0  3.41e+06 3657.16 | 3635.60    0.0   2883     0 |    1.26   0.90   0.03  -1.17
0  3.49e+06 3657.16 | 3640.87    0.0   2883     0 |    1.26   0.87   0.06  -1.17
0  3.57e+06 3657.16 | 3632.09    0.0   2883     0 |    1.26   0.97   0.05  -1.17
0  3.65e+06 3657.16 | 3626.83    0.0   2883     0 |    1.25   1.10   0.04  -1.17
0  3.73e+06 3657.16 | 3643.33    0.0   2883     0 |    1.26   0.95   0.15  -1.17
0  3.81e+06 3657.16 | 3627.95    0.0   2883     0 |    1.25   0.95  -0.11  -1.18
0  3.90e+06 3657.16 | 3623.40    0.0   2883     0 |    1.25   0.97   0.07  -1.18
0  3.99e+06 3657.16 | 3640.43    0.0   2883     0 |    1.26   0.86   0.02  -1.16
0  4.07e+06 3657.16 | 3636.30    0.0   2883     0 |    1.26   0.96  -0.05  -1.16
0  4.15e+06 3657.16 | 3633.44    0.0   2883     0 |    1.26   0.90  -0.08  -1.16
0  4.23e+06 3657.16 | 3630.22    0.0   2883     0 |    1.26   1.00   0.09  -1.17
0  4.31e+06 3657.16 | 3629.03    0.0   2883     0 |    1.26   0.94   0.08  -1.19
0  4.39e+06 3657.16 | 3626.36    0.0   2883     0 |    1.26   0.89  -0.10  -1.17
0  4.47e+06 3657.16 | 3630.06    0.0   2883     0 |    1.26   0.91   0.00  -1.18
0  4.55e+06 3657.16 | 3624.22    0.0   2883     0 |    1.26   0.92  -0.02  -1.17
0  4.63e+06 3657.16 | 3622.11    0.0   2883     0 |    1.25   0.89   0.01  -1.17
0  4.71e+06 3657.16 | 3625.00    0.0   2883     0 |    1.26   0.98   0.02  -1.18
0  4.79e+06 3657.16 | 3623.58    0.0   2883     0 |    1.25   0.90   0.16  -1.16
0  4.87e+06 3657.16 | 3631.96    0.0   2883     0 |    1.26   0.89  -0.07  -1.16
0  4.95e+06 3657.16 | 3635.95    0.0   2883     0 |    1.26   0.86   0.00  -1.17
0  5.03e+06 3657.16 | 3621.33    0.0   2883     0 |    1.25   1.13  -0.02  -1.17
0  5.12e+06 3657.16 | 3624.90    0.0   2883     0 |    1.26   0.84   0.03  -1.16
0  5.20e+06 3657.16 | 3643.14    0.0   2883     0 |    1.26   1.01   0.09  -1.16
0  5.28e+06 3657.16 | 3644.90    0.0   2883     0 |    1.26   0.92  -0.01  -1.16
0  5.36e+06 3657.16 | 3644.19    0.0   2883     0 |    1.26   0.91   0.06  -1.17
0  5.45e+06 3657.16 | 3645.52    0.0   2883     0 |    1.26   0.87   0.12  -1.17
0  5.53e+06 3657.16 | 3643.28    0.0   2882     0 |    1.26   0.85   0.03  -1.18
0  5.61e+06 3657.16 | 3648.38    0.0   2883     0 |    1.26   0.94   0.07  -1.17
0  5.69e+06 3657.16 | 3644.90    0.0   2883     0 |    1.26   0.84  -0.03  -1.18
0  5.77e+06 3657.16 | 3654.14    0.0   2883     0 |    1.27   0.86  -0.03  -1.18
0  5.85e+06 3657.16 | 3642.47    0.0   2883     0 |    1.26   0.80   0.14  -1.17
0  5.93e+06 3657.16 | 3651.28    0.0   2883     0 |    1.26   0.78  -0.02  -1.16
0  6.01e+06 3657.16 | 3654.40    0.0   2883     0 |    1.26   0.92   0.11  -1.16
0  6.10e+06 3657.16 | 3651.69    0.0   2883     0 |    1.26   0.94   0.09  -1.15
0  6.18e+06 3657.16 | 3646.51    0.0   2883     0 |    1.26   1.03   0.10  -1.17
0  6.26e+06 3657.16 | 3644.25    0.0   2883     0 |    1.26   0.92  -0.00  -1.17
0  6.34e+06 3657.16 | 3634.30    0.0   2882     0 |    1.26   0.84   0.10  -1.18
0  6.42e+06 3657.16 | 3624.12    0.0   2882     0 |    1.25   0.89   0.10  -1.18
0  6.50e+06 3657.16 | 3639.40    0.0   2882     0 |    1.26   0.94   0.00  -1.17
0  6.58e+06 3657.16 | 3645.92    0.0   2882     0 |    1.26   0.91   0.06  -1.17
0  6.66e+06 3657.16 | 3630.37    0.0   2882     0 |    1.26   1.11   0.05  -1.17
0  6.74e+06 3657.16 | 3637.10    0.0   2882     0 |    1.26   1.05  -0.04  -1.17
0  6.82e+06 3657.16 | 3637.07    0.0   2882     0 |    1.26   0.88  -0.03  -1.17
0  6.90e+06 3657.16 | 3643.07    0.0   2882     0 |    1.26   0.94  -0.02  -1.17
0  6.98e+06 3657.16 | 3646.07    0.0   2884     0 |    1.26   0.94   0.04  -1.18
0  7.06e+06 3657.16 | 3633.24    0.0   2882     0 |    1.26   0.90   0.00  -1.18
0  7.14e+06 3657.16 | 3628.31    0.0   2882     0 |    1.26   0.96   0.01  -1.17
0  7.23e+06 3657.16 | 3625.24    0.0   2882     0 |    1.26   0.92   0.10  -1.18
0  7.31e+06 3657.16 | 3628.56    0.0   2882     0 |    1.26   1.00  -0.02  -1.18
0  7.39e+06 3657.16 | 3638.26    0.0   2882     0 |    1.26   0.89  -0.01  -1.17
0  7.47e+06 3657.16 | 3636.78    0.0   2882     0 |    1.26   1.04   0.04  -1.17
0  7.55e+06 3657.16 | 3646.31    0.0   2882     0 |    1.26   1.01  -0.05  -1.17
0  7.63e+06 3657.16 | 3652.00    0.0   2884     0 |    1.27   0.84  -0.04  -1.18
0  7.71e+06 3713.84 |
成功率：100.0%, 提交量大于阈值的概率：0.04396%, 超供率：96.6%, 超供程度：79.0%, 超供平均值：5.2, 方差：189.5
0  7.71e+06 3713.84 | 3713.84    0.0   2886     0 |    1.29   0.90  -0.01  -1.17
0  7.77e+06 3755.76 |
成功率：100.0%, 提交量大于阈值的概率：0.06594%, 超供率：97.8%, 超供程度：72.9%, 超供平均值：4.8, 方差：185.1
0  7.77e+06 3755.76 | 3755.76    0.0   2887     0 |    1.30   0.84   0.07  -1.17
0  7.83e+06 3755.76 | 3700.42    0.0   2886     0 |    1.28   0.85  -0.05  -1.17
0  7.91e+06 3755.76 | 3635.26    0.0   2884     0 |    1.26   0.98   0.07  -1.18
0  7.99e+06 3755.76 | 3601.12    0.0   2883     0 |    1.25   0.93   0.13  -1.17
0  8.07e+06 3755.76 | 3601.82    0.0   2884     0 |    1.25   0.86   0.06  -1.18
0  8.15e+06 3755.76 | 3585.11    0.0   2884     0 |    1.24   0.94  -0.02  -1.17
0  8.23e+06 3755.76 | 3591.78    0.0   2884     0 |    1.24   0.84   0.02  -1.17
0  8.31e+06 3755.76 | 3589.33    0.0   2884     0 |    1.24   0.91  -0.01  -1.17
0  8.39e+06 3755.76 | 3599.72    0.0   2884     0 |    1.24   0.83  -0.01  -1.17
0  8.47e+06 3755.76 | 3591.98    0.0   2884     0 |    1.24   1.01   0.13  -1.17
0  8.56e+06 3755.76 | 3601.48    0.0   2884     0 |    1.25   0.91   0.07  -1.17
0  8.64e+06 3755.76 | 3601.13    0.0   2883     0 |    1.25   0.93  -0.01  -1.17
0  8.72e+06 3755.76 | 3645.65    0.0   2887     0 |    1.26   0.84   0.08  -1.16
0  8.80e+06 3755.76 | 3649.68    0.0   2886     0 |    1.26   0.83   0.02  -1.17
0  8.88e+06 3755.76 | 3659.33    0.0   2885     0 |    1.26   0.91  -0.05  -1.17
0  8.96e+06 3755.76 | 3643.11    0.0   2887     0 |    1.26   0.85   0.18  -1.16
0  9.04e+06 3755.76 | 3636.92    0.0   2887     0 |    1.26   0.94   0.09  -1.17
0  9.12e+06 3755.76 | 3643.81    0.0   2887     0 |    1.26   0.87  -0.06  -1.17
0  9.20e+06 3755.76 | 3635.42    0.0   2885     0 |    1.26   0.93   0.08  -1.15
0  9.28e+06 3755.76 | 3672.04    0.0   2887     0 |    1.27   0.81   0.04  -1.15
0  9.37e+06 3755.76 | 3654.44    0.0   2885     0 |    1.26   0.86   0.00  -1.16
0  9.45e+06 3755.76 | 3659.27    0.0   2886     0 |    1.26   0.88   0.05  -1.16
0  9.53e+06 3755.76 | 3624.16    0.0   2883     0 |    1.25   0.88  -0.04  -1.16
0  9.61e+06 3755.76 | 3618.28    0.0   2882     0 |    1.25   0.90   0.08  -1.15
0  9.69e+06 3755.76 | 3634.68    0.0   2882     0 |    1.26   1.00   0.00  -1.16
0  9.77e+06 3755.76 | 3629.34    0.0   2882     0 |    1.26   1.02  -0.00  -1.16
0  9.85e+06 3755.76 | 3592.78    0.0   2882     0 |    1.25   0.90  -0.01  -1.17
0  9.93e+06 3755.76 | 3624.71    0.0   2882     0 |    1.25   0.90   0.06  -1.16
0  1.00e+07 3755.76 | 3586.79    0.0   2882     0 |    1.24   0.82   0.08  -1.16
0  1.01e+07 3755.76 | 3607.88    0.0   2882     0 |    1.25   0.97   0.06  -1.17
0  1.02e+07 3755.76 | 3614.38    0.0   2882     0 |    1.25   0.78   0.02  -1.17
0  1.03e+07 3755.76 | 3618.12    0.0   2882     0 |    1.25   1.08  -0.04  -1.17
0  1.03e+07 3755.76 | 3619.03    0.0   2882     0 |    1.25   1.03   0.11  -1.17
0  1.04e+07 3755.76 | 3615.74    0.0   2882     0 |    1.25   0.83  -0.01  -1.18
0  1.05e+07 3755.76 | 3625.72    0.0   2882     0 |    1.26   0.81  -0.05  -1.18
0  1.06e+07 3755.76 | 3625.47    0.0   2882     0 |    1.26   0.84  -0.01  -1.17
0  1.07e+07 3755.76 | 3619.79    0.0   2882     0 |    1.25   0.96  -0.06  -1.17
0  1.07e+07 3755.76 | 3629.96    0.0   2882     0 |    1.26   0.91   0.06  -1.17
0  1.08e+07 3755.76 | 3631.94    0.0   2882     0 |    1.26   0.94  -0.06  -1.16
0  1.09e+07 3755.76 | 3637.30    0.0   2882     0 |    1.26   0.93  -0.07  -1.15
0  1.10e+07 3755.76 | 3629.01    0.0   2882     0 |    1.26   0.97   0.07  -1.16
0  1.11e+07 3755.76 | 3637.74    0.0   2882     0 |    1.26   0.87   0.06  -1.17
0  1.11e+07 3755.76 | 3635.17    0.0   2882     0 |    1.25   0.99   0.01  -1.17
0  1.12e+07 3755.76 | 3628.84    0.0   2882     0 |    1.26   0.83   0.08  -1.17
0  1.13e+07 3755.76 | 3639.52    0.0   2882     0 |    1.26   0.84   0.14  -1.17
0  1.14e+07 3755.76 | 3644.25    0.0   2882     0 |    1.26   0.99   0.09  -1.17
0  1.15e+07 3755.76 | 3641.29    0.0   2882     0 |    1.26   0.97   0.04  -1.16
0  1.15e+07 3755.76 | 3627.03    0.0   2882     0 |    1.26   0.86   0.14  -1.16
0  1.16e+07 3755.76 | 3614.42    0.0   2882     0 |    1.25   0.83   0.09  -1.16
0  1.17e+07 3755.76 | 3609.44    0.0   2882     0 |    1.25   0.79   0.07  -1.16
0  1.18e+07 3755.76 | 3613.62    0.0   2882     0 |    1.25   0.99  -0.03  -1.15
0  1.19e+07 3755.76 | 3615.55    0.0   2882     0 |    1.25   0.89   0.04  -1.16
0  1.19e+07 3755.76 | 3612.92    0.0   2882     0 |    1.25   0.91   0.05  -1.17
0  1.20e+07 3755.76 | 3619.07    0.0   2882     0 |    1.25   0.81   0.10  -1.16
0  1.21e+07 3755.76 | 3625.73    0.0   2882     0 |    1.26   0.85   0.14  -1.16
0  1.22e+07 3755.76 | 3607.26    0.0   2884     0 |    1.25   0.80  -0.05  -1.17
0  1.23e+07 3755.76 | 3617.54    0.0   2884     0 |    1.25   0.92   0.01  -1.17
0  1.23e+07 3755.76 | 3605.78    0.0   2882     0 |    1.25   0.78   0.07  -1.16
0  1.24e+07 3755.76 | 3608.46    0.0   2882     0 |    1.25   0.84   0.10  -1.16
0  1.25e+07 3755.76 | 3594.56    0.0   2882     0 |    1.24   1.01  -0.05  -1.15
