################################################################################
ID     Step    maxR |    avgR   stdR   avgS  stdS |    expR   objC   etc.
0  5.77e+03 3462.32 |
成功率：99.1%, 提交量大于阈值的概率：0.21875%, 超供率：95.6%, 超供程度：82.8%, 超供平均值：5.7, 方差：186.8
0  5.77e+03 3462.32 | 3462.32    0.0   2886     0 |    1.12   4.48   0.05  -0.50
0  6.35e+04 3530.63 |
成功率：99.7%, 提交量大于阈值的概率：0.21011%, 超供率：97.0%, 超供程度：83.5%, 超供平均值：5.7, 方差：188.4
0  6.35e+04 3530.63 | 3530.63    0.0   2886     0 |    1.14   2.99   0.14  -0.52
0  1.21e+05 3544.72 |
成功率：99.4%, 提交量大于阈值的概率：0.17101%, 超供率：96.6%, 超供程度：83.5%, 超供平均值：5.7, 方差：183.4
0  1.21e+05 3544.72 | 3544.72    0.0   2886     0 |    1.16   3.32   0.11  -0.51
0  1.85e+05 3601.46 |
成功率：99.7%, 提交量大于阈值的概率：0.11902%, 超供率：97.5%, 超供程度：84.1%, 超供平均值：5.7, 方差：183.1
0  1.85e+05 3601.46 | 3601.46    0.0   2885     0 |    1.19   2.88   0.02  -0.52
0  2.42e+05 3620.93 |
成功率：99.7%, 提交量大于阈值的概率：0.08371%, 超供率：97.4%, 超供程度：83.3%, 超供平均值：5.6, 方差：182.7
0  2.42e+05 3620.93 | 3620.93    0.0   2885     0 |    1.20   3.27  -0.00  -0.55
0  3.00e+05 3640.54 |
成功率：99.8%, 提交量大于阈值的概率：0.06900%, 超供率：98.1%, 超供程度：83.1%, 超供平均值：5.6, 方差：182.1
0  3.00e+05 3640.54 | 3640.54    0.0   2885     0 |    1.20   3.18  -0.01  -0.56
0  3.58e+05 3643.64 |
成功率：99.7%, 提交量大于阈值的概率：0.06318%, 超供率：97.8%, 超供程度：82.7%, 超供平均值：5.6, 方差：180.2
0  3.58e+05 3643.64 | 3643.64    0.0   2883     0 |    1.21   3.26  -0.00  -0.57
0  4.15e+05 3648.45 |
成功率：99.7%, 提交量大于阈值的概率：0.05436%, 超供率：98.1%, 超供程度：82.9%, 超供平均值：5.6, 方差：182.5
0  4.15e+05 3648.45 | 3648.45    0.0   2885     0 |    1.21   3.48  -0.01  -0.58
0  4.73e+05 3661.12 |
成功率：99.6%, 提交量大于阈值的概率：0.04708%, 超供率：97.8%, 超供程度：81.0%, 超供平均值：5.4, 方差：177.2
0  4.73e+05 3661.12 | 3661.12    0.0   2885     0 |    1.23   3.42   0.04  -0.59
0  5.31e+05 3661.12 | 3653.28    0.0   2885     0 |    1.23   3.46   0.11  -0.60
0  6.12e+05 3661.12 | 3648.85    0.0   2883     0 |    1.23   3.76  -0.02  -0.64
0  6.92e+05 3661.14 |
成功率：99.4%, 提交量大于阈值的概率：0.03831%, 超供率：97.6%, 超供程度：81.0%, 超供平均值：5.4, 方差：175.4
0  6.92e+05 3661.14 | 3661.14    0.0   2883     0 |    1.24   3.24   0.03  -0.67
0  7.50e+05 3661.14 | 3656.94    0.0   2885     0 |    1.24   3.55   0.09  -0.68
0  8.37e+05 3661.14 | 3661.09    0.0   2883     0 |    1.25   3.89   0.06  -0.71
0  9.23e+05 3669.59 |
成功率：99.5%, 提交量大于阈值的概率：0.03828%, 超供率：97.6%, 超供程度：80.3%, 超供平均值：5.4, 方差：174.7
0  9.23e+05 3669.59 | 3669.59    0.0   2884     0 |    1.25   3.84   0.11  -0.72
0  9.81e+05 3669.59 | 3665.60    0.0   2883     0 |    1.25   3.23  -0.02  -0.73
0  1.07e+06 3672.00 |
成功率：99.5%, 提交量大于阈值的概率：0.03388%, 超供率：97.5%, 超供程度：80.1%, 超供平均值：5.4, 方差：174.2
0  1.07e+06 3672.00 | 3672.00    0.0   2883     0 |    1.26   4.26  -0.01  -0.75
0  1.13e+06 3683.48 |
成功率：99.5%, 提交量大于阈值的概率：0.03974%, 超供率：97.4%, 超供程度：79.3%, 超供平均值：5.3, 方差：173.2
0  1.13e+06 3683.48 | 3683.48    0.0   2883     0 |    1.26   3.39  -0.08  -0.76
0  1.18e+06 3683.48 | 3680.97    0.0   2883     0 |    1.26   3.71   0.06  -0.78
0  1.27e+06 3687.93 |
成功率：99.6%, 提交量大于阈值的概率：0.03090%, 超供率：97.3%, 超供程度：79.4%, 超供平均值：5.3, 方差：174.4
0  1.27e+06 3687.93 | 3687.93    0.0   2883     0 |    1.26   4.15   0.02  -0.80
0  1.33e+06 3687.93 | 3681.37    0.0   2885     0 |    1.26   3.99  -0.05  -0.81
0  1.41e+06 3687.93 | 3682.78    0.0   2885     0 |    1.26   3.43  -0.13  -0.83
0  1.50e+06 3687.93 | 3678.11    0.0   2885     0 |    1.26   3.60   0.00  -0.84
0  1.59e+06 3687.93 | 3675.76    0.0   2884     0 |    1.26   3.79   0.01  -0.86
0  1.67e+06 3687.93 | 3675.67    0.0   2883     0 |    1.26   4.36   0.05  -0.88
0  1.75e+06 3687.93 | 3671.45    0.0   2883     0 |    1.26   3.79  -0.01  -0.89
0  1.83e+06 3687.93 | 3671.33    0.0   2883     0 |    1.26   4.02   0.00  -0.90
0  1.92e+06 3687.93 | 3674.79    0.0   2883     0 |    1.26   3.44   0.15  -0.91
0  2.01e+06 3687.93 | 3673.37    0.0   2883     0 |    1.27   3.67   0.05  -0.93
0  2.09e+06 3687.93 | 3672.67    0.0   2883     0 |    1.26   3.43   0.04  -0.95
0  2.18e+06 3687.93 | 3680.55    0.0   2883     0 |    1.27   4.01  -0.02  -0.98
0  2.26e+06 3687.93 | 3682.86    0.0   2883     0 |    1.27   3.91   0.06  -1.01
0  2.35e+06 3687.93 | 3677.18    0.0   2883     0 |    1.26   3.67   0.04  -1.03
0  2.43e+06 3687.93 | 3671.27    0.0   2883     0 |    1.26   3.67  -0.07  -1.05
0  2.52e+06 3687.93 | 3665.88    0.0   2883     0 |    1.26   3.60   0.05  -1.07
0  2.60e+06 3687.93 | 3670.68    0.0   2883     0 |    1.26   4.07  -0.00  -1.09
0  2.68e+06 3687.93 | 3655.78    0.0   2884     0 |    1.25   3.82   0.04  -1.12
0  2.76e+06 3687.93 | 3662.01    0.0   2884     0 |    1.26   3.81   0.17  -1.11
0  2.84e+06 3687.93 | 3665.47    0.0   2884     0 |    1.26   3.81   0.07  -1.11
0  2.93e+06 3687.93 | 3660.48    0.0   2884     0 |    1.26   3.81   0.03  -1.13
0  3.01e+06 3687.93 | 3670.66    0.0   2884     0 |    1.26   3.53  -0.04  -1.15
0  3.09e+06 3687.93 | 3674.78    0.0   2884     0 |    1.27   3.69   0.09  -1.16
0  3.18e+06 3687.93 | 3670.75    0.0   2885     0 |    1.26   4.00   0.04  -1.17
0  3.26e+06 3687.93 | 3668.61    0.0   2884     0 |    1.26   3.56   0.08  -1.18
0  3.34e+06 3687.93 | 3667.30    0.0   2884     0 |    1.26   3.43   0.09  -1.18
0  3.42e+06 3687.93 | 3673.84    0.0   2884     0 |    1.26   3.51   0.18  -1.17
0  3.51e+06 3687.93 | 3668.05    0.0   2884     0 |    1.26   3.63   0.11  -1.18
0  3.59e+06 3687.93 | 3665.01    0.0   2884     0 |    1.26   3.45  -0.02  -1.18
0  3.68e+06 3687.93 | 3661.86    0.0   2884     0 |    1.26   3.97   0.00  -1.17
0  3.77e+06 3687.93 | 3666.51    0.0   2884     0 |    1.26   3.34  -0.02  -1.17
0  3.85e+06 3687.93 | 3664.81    0.0   2884     0 |    1.26   3.97   0.19  -1.18
0  3.94e+06 3687.93 | 3670.81    0.0   2884     0 |    1.26   3.57  -0.03  -1.17
0  4.03e+06 3687.93 | 3666.08    0.0   2884     0 |    1.26   3.90   0.01  -1.18
0  4.11e+06 3687.93 | 3663.08    0.0   2884     0 |    1.26   3.00   0.06  -1.18
0  4.20e+06 3687.93 | 3659.10    0.0   2884     0 |    1.26   3.64   0.05  -1.18
0  4.29e+06 3687.93 | 3657.88    0.0   2886     0 |    1.26   3.75   0.06  -1.18
0  4.37e+06 3687.93 | 3661.53    0.0   2885     0 |    1.26   4.05   0.03  -1.18
0  4.46e+06 3687.93 | 3661.03    0.0   2885     0 |    1.26   3.99  -0.06  -1.17
0  4.54e+06 3687.93 | 3663.81    0.0   2886     0 |    1.26   3.54   0.05  -1.17
0  4.62e+06 3687.93 | 3671.92    0.0   2885     0 |    1.26   3.91   0.16  -1.17
0  4.70e+06 3687.93 | 3670.25    0.0   2885     0 |    1.27   3.48   0.07  -1.17
0  4.79e+06 3687.93 | 3664.21    0.0   2885     0 |    1.26   3.62   0.03  -1.17
0  4.88e+06 3687.93 | 3667.20    0.0   2885     0 |    1.26   3.53  -0.05  -1.17
0  4.96e+06 3687.93 | 3675.23    0.0   2886     0 |    1.27   3.80   0.06  -1.17
0  5.05e+06 3687.93 | 3667.92    0.0   2886     0 |    1.27   4.18   0.17  -1.17
0  5.13e+06 3687.93 | 3672.02    0.0   2886     0 |    1.26   3.69   0.16  -1.18
0  5.22e+06 3687.93 | 3685.07    0.0   2886     0 |    1.27   3.67  -0.01  -1.17
0  5.31e+06 3687.93 | 3680.78    0.0   2886     0 |    1.27   3.75   0.07  -1.16
0  5.39e+06 3687.93 | 3679.95    0.0   2886     0 |    1.27   3.72  -0.01  -1.17
0  5.48e+06 3687.93 | 3672.50    0.0   2885     0 |    1.26   3.80   0.02  -1.17
0  5.57e+06 3687.93 | 3679.96    0.0   2886     0 |    1.27   2.97   0.09  -1.17
0  5.65e+06 3690.73 |
成功率：99.9%, 提交量大于阈值的概率：0.04400%, 超供率：96.9%, 超供程度：79.6%, 超供平均值：5.3, 方差：188.3
0  5.65e+06 3690.73 | 3690.73    0.0   2886     0 |    1.27   3.93   0.11  -1.17
0  5.71e+06 3690.73 | 3684.04    0.0   2886     0 |    1.27   3.51  -0.03  -1.17
0  5.80e+06 3690.73 | 3684.38    0.0   2886     0 |    1.27   3.27   0.08  -1.17
0  5.89e+06 3690.73 | 3677.59    0.0   2886     0 |    1.27   3.41   0.07  -1.17
0  5.97e+06 3690.73 | 3662.69    0.0   2885     0 |    1.26   3.91  -0.02  -1.16
0  6.06e+06 3690.73 | 3655.22    0.0   2885     0 |    1.25   3.81   0.03  -1.16
0  6.14e+06 3690.73 | 3645.47    0.0   2885     0 |    1.25   3.73   0.16  -1.16
0  6.23e+06 3690.73 | 3654.63    0.0   2887     0 |    1.25   3.97   0.10  -1.16
0  6.32e+06 3690.73 | 3676.12    0.0   2887     0 |    1.27   3.52   0.13  -1.16
0  6.40e+06 3690.73 | 3661.24    0.0   2886     0 |    1.26   3.60   0.03  -1.16
0  6.49e+06 3690.73 | 3657.98    0.0   2886     0 |    1.26   3.11   0.05  -1.17
0  6.58e+06 3690.73 | 3671.26    0.0   2886     0 |    1.26   3.48   0.06  -1.17
0  6.66e+06 3690.73 | 3662.70    0.0   2886     0 |    1.26   3.83   0.02  -1.17
0  6.75e+06 3690.73 | 3668.20    0.0   2886     0 |    1.27   3.74   0.09  -1.16
0  6.84e+06 3690.73 | 3676.76    0.0   2887     0 |    1.27   4.09   0.07  -1.16
0  6.92e+06 3690.73 | 3683.04    0.0   2887     0 |    1.27   3.75   0.02  -1.16
0  7.00e+06 3690.73 | 3684.44    0.0   2887     0 |    1.27   3.37   0.13  -1.16
0  7.09e+06 3690.73 | 3679.19    0.0   2886     0 |    1.27   3.96   0.17  -1.17
0  7.18e+06 3690.73 | 3680.30    0.0   2886     0 |    1.27   3.62   0.15  -1.18
0  7.26e+06 3690.73 | 3671.99    0.0   2885     0 |    1.27   3.69   0.01  -1.17
0  7.35e+06 3690.73 | 3667.26    0.0   2885     0 |    1.26   3.54   0.11  -1.16
0  7.43e+06 3690.73 | 3669.41    0.0   2885     0 |    1.26   3.73   0.14  -1.17
0  7.52e+06 3690.73 | 3678.54    0.0   2886     0 |    1.27   3.42   0.09  -1.17
0  7.61e+06 3690.73 | 3684.21    0.0   2885     0 |    1.27   3.12   0.08  -1.18
0  7.69e+06 3690.73 | 3674.46    0.0   2885     0 |    1.26   4.07   0.09  -1.17
0  7.78e+06 3692.42 |
成功率：99.9%, 提交量大于阈值的概率：0.05277%, 超供率：96.4%, 超供程度：80.0%, 超供平均值：5.4, 方差：188.4
0  7.78e+06 3692.42 | 3692.42    0.0   2886     0 |    1.27   3.43   0.06  -1.18
0  7.84e+06 3692.42 | 3689.16    0.0   2886     0 |    1.27   3.92   0.08  -1.17
0  7.92e+06 3692.42 | 3688.81    0.0   2885     0 |    1.27   3.76   0.01  -1.16
0  8.01e+06 3692.42 | 3687.82    0.0   2886     0 |    1.27   3.26   0.08  -1.15
0  8.10e+06 3692.42 | 3690.13    0.0   2886     0 |    1.27   3.35   0.02  -1.16
0  8.18e+06 3692.42 | 3678.93    0.0   2885     0 |    1.27   3.37  -0.03  -1.17
0  8.27e+06 3692.42 | 3685.44    0.0   2886     0 |    1.27   3.98   0.09  -1.17
0  8.36e+06 3692.42 | 3662.02    0.0   2885     0 |    1.26   3.43   0.11  -1.16
0  8.44e+06 3692.42 | 3673.35    0.0   2885     0 |    1.27   4.16   0.13  -1.17
0  8.53e+06 3692.42 | 3676.24    0.0   2885     0 |    1.27   4.16   0.10  -1.17
0  8.61e+06 3692.42 | 3673.54    0.0   2886     0 |    1.27   3.99   0.02  -1.17
0  8.70e+06 3692.42 | 3668.31    0.0   2885     0 |    1.27   3.71   0.11  -1.17
0  8.79e+06 3692.42 | 3655.87    0.0   2885     0 |    1.26   3.55   0.09  -1.16
0  8.87e+06 3692.42 | 3649.41    0.0   2885     0 |    1.25   3.81   0.12  -1.17
0  8.96e+06 3692.42 | 3658.55    0.0   2886     0 |    1.25   3.48   0.03  -1.16
0  9.05e+06 3692.42 | 3663.60    0.0   2886     0 |    1.26   3.61   0.11  -1.17
0  9.13e+06 3692.42 | 3658.42    0.0   2885     0 |    1.26   3.94  -0.01  -1.18
0  9.22e+06 3692.42 | 3656.03    0.0   2884     0 |    1.26   3.88   0.02  -1.19
0  9.31e+06 3692.42 | 3661.02    0.0   2884     0 |    1.26   3.78   0.16  -1.19
0  9.39e+06 3692.42 | 3661.27    0.0   2884     0 |    1.26   4.00   0.09  -1.18
0  9.48e+06 3692.42 | 3667.13    0.0   2885     0 |    1.26   4.07   0.14  -1.18
0  9.57e+06 3692.42 | 3668.70    0.0   2885     0 |    1.26   3.90   0.11  -1.18
0  9.65e+06 3692.42 | 3663.63    0.0   2885     0 |    1.26   4.05   0.16  -1.18
0  9.74e+06 3692.42 | 3656.74    0.0   2885     0 |    1.26   4.08  -0.01  -1.18
0  9.83e+06 3692.42 | 3660.86    0.0   2885     0 |    1.26   3.88   0.13  -1.17
0  9.91e+06 3692.42 | 3656.72    0.0   2885     0 |    1.26   3.37  -0.04  -1.18
0  1.00e+07 3692.42 | 3651.48    0.0   2884     0 |    1.26   3.62   0.14  -1.17
0  1.01e+07 3692.42 | 3662.39    0.0   2885     0 |    1.26   3.68   0.09  -1.17
0  1.02e+07 3692.42 | 3651.61    0.0   2885     0 |    1.26   3.48   0.11  -1.17
0  1.03e+07 3692.42 | 3647.76    0.0   2885     0 |    1.26   3.41   0.15  -1.17
0  1.03e+07 3692.42 | 3649.84    0.0   2885     0 |    1.26   3.66  -0.04  -1.17
0  1.04e+07 3692.42 | 3641.93    0.0   2884     0 |    1.25   4.40   0.13  -1.17
0  1.05e+07 3692.42 | 3646.82    0.0   2884     0 |    1.26   4.14   0.04  -1.17
0  1.06e+07 3692.42 | 3647.50    0.0   2884     0 |    1.26   3.60  -0.02  -1.17
0  1.07e+07 3692.42 | 3643.40    0.0   2884     0 |    1.26   4.15   0.16  -1.17
0  1.08e+07 3692.42 | 3648.03    0.0   2884     0 |    1.26   3.72   0.13  -1.16
0  1.09e+07 3692.42 | 3647.54    0.0   2884     0 |    1.25   3.62   0.07  -1.17
0  1.09e+07 3692.42 | 3643.01    0.0   2883     0 |    1.25   3.66   0.08  -1.16
0  1.10e+07 3692.42 | 3650.50    0.0   2885     0 |    1.26   3.98   0.14  -1.18
0  1.11e+07 3692.42 | 3652.00    0.0   2885     0 |    1.26   3.64   0.09  -1.17
0  1.12e+07 3692.42 | 3657.61    0.0   2885     0 |    1.26   4.07   0.04  -1.18
0  1.13e+07 3692.42 | 3651.59    0.0   2885     0 |    1.26   4.42   0.09  -1.18
0  1.14e+07 3692.42 | 3644.75    0.0   2884     0 |    1.25   3.24   0.04  -1.18
0  1.15e+07 3692.42 | 3652.41    0.0   2883     0 |    1.26   3.49   0.07  -1.17
0  1.15e+07 3692.42 | 3657.10    0.0   2885     0 |    1.26   3.88   0.11  -1.17
0  1.16e+07 3692.42 | 3665.28    0.0   2885     0 |    1.26   3.35   0.08  -1.16
0  1.17e+07 3692.42 | 3670.08    0.0   2885     0 |    1.27   3.62  -0.01  -1.18
0  1.18e+07 3692.42 | 3663.97    0.0   2884     0 |    1.26   3.88   0.12  -1.19
0  1.19e+07 3692.42 | 3660.47    0.0   2884     0 |    1.26   3.79  -0.07  -1.17
0  1.20e+07 3692.42 | 3657.62    0.0   2885     0 |    1.26   3.96   0.04  -1.16
0  1.21e+07 3692.42 | 3654.88    0.0   2884     0 |    1.26   4.02   0.13  -1.16
0  1.22e+07 3692.42 | 3652.74    0.0   2885     0 |    1.25   3.86  -0.10  -1.16
0  1.22e+07 3692.42 | 3660.05    0.0   2884     0 |    1.26   3.85   0.05  -1.16
0  1.23e+07 3692.42 | 3662.16    0.0   2884     0 |    1.26   3.60   0.09  -1.15
0  1.24e+07 3692.42 | 3658.58    0.0   2884     0 |    1.26   3.69   0.03  -1.16
0  1.25e+07 3692.42 | 3664.56    0.0   2885     0 |    1.26   3.23  -0.04  -1.17
0  1.26e+07 3692.42 | 3659.47    0.0   2884     0 |    1.26   3.58   0.07  -1.17
0  1.27e+07 3692.42 | 3658.68    0.0   2885     0 |    1.26   3.52   0.04  -1.17
0  1.28e+07 3692.42 | 3650.62    0.0   2885     0 |    1.25   3.19   0.08  -1.16
