################################################################################
ID     Step    maxR |    avgR   stdR   avgS  stdS |    expR   objC   etc.
0  5.77e+03 3469.53 |
成功率：99.1%, 提交量大于阈值的概率：0.20985%, 超供率：95.7%, 超供程度：82.8%, 超供平均值：5.7, 方差：186.4
0  5.77e+03 3469.53 | 3469.53    0.0   2886     0 |    1.12   1.94   0.04  -0.50
0  6.92e+04 3567.98 |
成功率：99.6%, 提交量大于阈值的概率：0.15886%, 超供率：96.9%, 超供程度：84.1%, 超供平均值：5.7, 方差：185.7
0  6.92e+04 3567.98 | 3567.98    0.0   2886     0 |    1.16   1.40   0.03  -0.52
0  1.33e+05 3613.92 |
成功率：99.7%, 提交量大于阈值的概率：0.07643%, 超供率：97.1%, 超供程度：83.5%, 超供平均值：5.7, 方差：183.6
0  1.33e+05 3613.92 | 3613.92    0.0   2886     0 |    1.19   1.52   0.14  -0.52
0  1.96e+05 3630.91 |
成功率：99.7%, 提交量大于阈值的概率：0.05877%, 超供率：97.8%, 超供程度：83.8%, 超供平均值：5.6, 方差：183.3
0  1.96e+05 3630.91 | 3630.91    0.0   2885     0 |    1.20   1.53  -0.02  -0.54
0  2.60e+05 3635.30 |
成功率：99.7%, 提交量大于阈值的概率：0.04851%, 超供率：97.5%, 超供程度：83.9%, 超供平均值：5.7, 方差：186.2
0  2.60e+05 3635.30 | 3635.30    0.0   2886     0 |    1.21   1.59  -0.02  -0.56
0  3.23e+05 3647.46 |
成功率：99.6%, 提交量大于阈值的概率：0.03236%, 超供率：97.8%, 超供程度：83.4%, 超供平均值：5.6, 方差：183.9
0  3.23e+05 3647.46 | 3647.46    0.0   2883     0 |    1.22   1.67   0.03  -0.57
0  3.81e+05 3647.46 | 3639.81    0.0   2883     0 |    1.23   1.60   0.14  -0.58
0  4.67e+05 3647.46 | 3646.25    0.0   2884     0 |    1.24   1.50   0.04  -0.60
0  5.54e+05 3654.34 |
成功率：99.8%, 提交量大于阈值的概率：0.02790%, 超供率：98.4%, 超供程度：84.3%, 超供平均值：5.6, 方差：188.8
0  5.54e+05 3654.34 | 3654.34    0.0   2883     0 |    1.25   1.69  -0.02  -0.64
0  6.12e+05 3662.58 |
成功率：99.8%, 提交量大于阈值的概率：0.02202%, 超供率：98.3%, 超供程度：84.1%, 超供平均值：5.6, 方差：188.1
0  6.12e+05 3662.58 | 3662.58    0.0   2883     0 |    1.25   1.59   0.09  -0.65
0  6.69e+05 3662.58 | 3662.46    0.0   2884     0 |    1.25   1.51   0.02  -0.66
0  7.56e+05 3666.62 |
成功率：99.9%, 提交量大于阈值的概率：0.03080%, 超供率：98.4%, 超供程度：83.0%, 超供平均值：5.6, 方差：189.5
0  7.56e+05 3666.62 | 3666.62    0.0   2884     0 |    1.25   1.72  -0.03  -0.69
0  8.14e+05 3666.62 | 3663.84    0.0   2884     0 |    1.25   1.62   0.07  -0.71
0  9.00e+05 3666.75 |
成功率：99.9%, 提交量大于阈值的概率：0.02640%, 超供率：98.1%, 超供程度：83.4%, 超供平均值：5.6, 方差：189.8
0  9.00e+05 3666.75 | 3666.75    0.0   2884     0 |    1.25   1.83  -0.02  -0.74
0  9.58e+05 3669.62 |
成功率：99.9%, 提交量大于阈值的概率：0.03079%, 超供率：98.0%, 超供程度：82.9%, 超供平均值：5.6, 方差：191.0
0  9.58e+05 3669.62 | 3669.62    0.0   2887     0 |    1.26   1.64   0.04  -0.75
0  1.02e+06 3670.14 |
成功率：99.9%, 提交量大于阈值的概率：0.02787%, 超供率：97.9%, 超供程度：83.1%, 超供平均值：5.6, 方差：191.0
0  1.02e+06 3670.14 | 3670.14    0.0   2886     0 |    1.26   1.64   0.07  -0.76
0  1.07e+06 3670.80 |
成功率：99.9%, 提交量大于阈值的概率：0.02200%, 超供率：97.9%, 超供程度：83.8%, 超供平均值：5.6, 方差：191.0
0  1.07e+06 3670.80 | 3670.80    0.0   2887     0 |    1.25   1.68   0.07  -0.78
0  1.13e+06 3670.80 | 3661.60    0.0   2886     0 |    1.25   1.60   0.01  -0.80
0  1.22e+06 3670.80 | 3663.02    0.0   2887     0 |    1.25   1.79   0.03  -0.83
0  1.30e+06 3670.80 | 3669.21    0.0   2886     0 |    1.26   1.80   0.06  -0.85
0  1.39e+06 3670.80 | 3669.09    0.0   2886     0 |    1.26   1.64   0.07  -0.87
0  1.48e+06 3673.54 |
成功率：99.9%, 提交量大于阈值的概率：0.02932%, 超供率：98.3%, 超供程度：83.3%, 超供平均值：5.6, 方差：193.1
0  1.48e+06 3673.54 | 3673.54    0.0   2886     0 |    1.27   1.61   0.04  -0.89
0  1.53e+06 3673.54 | 3667.40    0.0   2886     0 |    1.26   1.78  -0.06  -0.89
0  1.62e+06 3673.54 | 3659.04    0.0   2886     0 |    1.26   1.74  -0.04  -0.91
0  1.71e+06 3673.54 | 3658.20    0.0   2886     0 |    1.26   1.64  -0.09  -0.93
0  1.79e+06 3673.54 | 3663.25    0.0   2885     0 |    1.26   1.84  -0.08  -0.95
0  1.88e+06 3673.54 | 3667.00    0.0   2886     0 |    1.26   1.52   0.06  -0.97
0  1.97e+06 3673.57 |
成功率：99.8%, 提交量大于阈值的概率：0.02201%, 超供率：98.4%, 超供程度：83.0%, 超供平均值：5.5, 方差：186.9
0  1.97e+06 3673.57 | 3673.57    0.0   2885     0 |    1.27   1.43  -0.07  -0.98
0  2.03e+06 3676.80 |
成功率：99.9%, 提交量大于阈值的概率：0.02346%, 超供率：98.7%, 超供程度：83.8%, 超供平均值：5.6, 方差：187.3
0  2.03e+06 3676.80 | 3676.80    0.0   2886     0 |    1.26   1.52   0.06  -0.99
0  2.08e+06 3676.80 | 3661.69    0.0   2886     0 |    1.27   1.52   0.09  -1.00
0  2.17e+06 3676.80 | 3662.82    0.0   2885     0 |    1.26   1.64   0.03  -1.01
0  2.26e+06 3676.80 | 3669.24    0.0   2885     0 |    1.26   1.76  -0.02  -1.04
0  2.34e+06 3676.80 | 3655.86    0.0   2885     0 |    1.26   1.72   0.14  -1.05
0  2.43e+06 3676.80 | 3656.53    0.0   2885     0 |    1.26   1.70  -0.00  -1.07
0  2.52e+06 3676.80 | 3651.16    0.0   2885     0 |    1.26   1.81  -0.02  -1.09
0  2.60e+06 3676.80 | 3652.48    0.0   2885     0 |    1.26   1.77  -0.00  -1.11
0  2.69e+06 3676.80 | 3646.14    0.0   2885     0 |    1.26   1.78  -0.09  -1.12
0  2.78e+06 3676.80 | 3641.26    0.0   2882     0 |    1.26   1.69  -0.06  -1.14
0  2.86e+06 3676.80 | 3650.34    0.0   2882     0 |    1.26   1.68   0.01  -1.13
0  2.95e+06 3676.80 | 3651.19    0.0   2885     0 |    1.26   1.56  -0.03  -1.14
0  3.04e+06 3676.80 | 3636.90    0.0   2882     0 |    1.25   1.52   0.12  -1.17
0  3.12e+06 3676.80 | 3640.21    0.0   2886     0 |    1.25   1.76   0.00  -1.17
0  3.21e+06 3676.80 | 3646.87    0.0   2883     0 |    1.26   1.63   0.04  -1.18
0  3.29e+06 3676.80 | 3647.77    0.0   2886     0 |    1.26   1.81   0.06  -1.18
0  3.38e+06 3676.80 | 3638.86    0.0   2886     0 |    1.25   1.63   0.02  -1.18
0  3.47e+06 3676.80 | 3642.37    0.0   2886     0 |    1.26   1.79   0.10  -1.17
0  3.55e+06 3676.80 | 3642.28    0.0   2886     0 |    1.26   1.79  -0.03  -1.18
0  3.64e+06 3676.80 | 3638.17    0.0   2885     0 |    1.25   1.57  -0.02  -1.18
0  3.73e+06 3676.80 | 3639.74    0.0   2883     0 |    1.25   1.68   0.00  -1.19
0  3.81e+06 3676.80 | 3646.16    0.0   2884     0 |    1.26   1.93   0.10  -1.18
0  3.90e+06 3676.80 | 3640.54    0.0   2883     0 |    1.26   1.82   0.02  -1.18
0  3.99e+06 3676.80 | 3641.60    0.0   2883     0 |    1.26   1.72  -0.06  -1.17
0  4.07e+06 3676.80 | 3636.97    0.0   2885     0 |    1.25   1.76  -0.01  -1.17
0  4.16e+06 3676.80 | 3650.40    0.0   2885     0 |    1.26   1.99   0.14  -1.16
0  4.25e+06 3676.80 | 3645.27    0.0   2885     0 |    1.26   1.76   0.03  -1.17
0  4.33e+06 3676.80 | 3632.74    0.0   2885     0 |    1.25   1.73  -0.03  -1.17
0  4.42e+06 3676.80 | 3629.60    0.0   2883     0 |    1.25   1.72   0.01  -1.17
0  4.51e+06 3676.80 | 3634.87    0.0   2883     0 |    1.25   1.95   0.07  -1.17
0  4.59e+06 3676.80 | 3640.15    0.0   2885     0 |    1.25   2.02  -0.04  -1.17
0  4.68e+06 3676.80 | 3636.88    0.0   2883     0 |    1.25   1.78   0.06  -1.16
0  4.77e+06 3676.80 | 3646.53    0.0   2883     0 |    1.26   1.86   0.03  -1.16
0  4.85e+06 3676.80 | 3643.06    0.0   2883     0 |    1.26   1.82   0.06  -1.18
0  4.94e+06 3676.80 | 3645.75    0.0   2883     0 |    1.26   1.74   0.06  -1.18
0  5.03e+06 3676.80 | 3641.16    0.0   2883     0 |    1.25   1.89   0.08  -1.17
0  5.11e+06 3676.80 | 3641.22    0.0   2883     0 |    1.26   1.87   0.03  -1.18
0  5.20e+06 3676.80 | 3633.13    0.0   2886     0 |    1.26   1.93   0.01  -1.17
0  5.28e+06 3676.80 | 3631.68    0.0   2886     0 |    1.25   1.79   0.04  -1.18
0  5.37e+06 3676.80 | 3625.74    0.0   2883     0 |    1.25   1.54  -0.08  -1.17
0  5.46e+06 3676.80 | 3625.58    0.0   2883     0 |    1.24   1.54  -0.04  -1.17
0  5.54e+06 3676.80 | 3635.49    0.0   2885     0 |    1.26   1.85   0.10  -1.17
0  5.63e+06 3676.80 | 3648.66    0.0   2886     0 |    1.26   1.70   0.06  -1.16
0  5.72e+06 3676.80 | 3634.19    0.0   2885     0 |    1.25   1.47  -0.05  -1.17
0  5.80e+06 3676.80 | 3641.00    0.0   2885     0 |    1.26   1.98  -0.02  -1.16
0  5.89e+06 3676.80 | 3646.11    0.0   2886     0 |    1.25   1.68   0.07  -1.17
0  5.98e+06 3676.80 | 3636.04    0.0   2886     0 |    1.26   1.89   0.01  -1.18
0  6.06e+06 3676.80 | 3634.32    0.0   2886     0 |    1.25   1.75   0.04  -1.16
0  6.15e+06 3676.80 | 3643.09    0.0   2884     0 |    1.25   1.67   0.16  -1.16
0  6.24e+06 3676.80 | 3638.63    0.0   2886     0 |    1.26   1.65   0.16  -1.16
0  6.32e+06 3676.80 | 3644.03    0.0   2885     0 |    1.25   1.98   0.04  -1.17
0  6.41e+06 3676.80 | 3641.88    0.0   2886     0 |    1.25   1.62  -0.03  -1.17
0  6.50e+06 3676.80 | 3638.33    0.0   2886     0 |    1.26   1.75   0.09  -1.18
0  6.58e+06 3676.80 | 3656.57    0.0   2886     0 |    1.26   1.58   0.07  -1.17
0  6.67e+06 3676.80 | 3603.28    0.0   2884     0 |    1.24   1.49   0.11  -1.17
0  6.76e+06 3676.80 | 3613.57    0.0   2886     0 |    1.25   1.57   0.08  -1.17
0  6.84e+06 3676.80 | 3646.31    0.0   2885     0 |    1.26   1.96   0.02  -1.16
0  6.93e+06 3676.80 | 3634.76    0.0   2886     0 |    1.26   1.60  -0.03  -1.17
0  7.02e+06 3676.80 | 3648.72    0.0   2886     0 |    1.25   1.85   0.13  -1.16
0  7.10e+06 3676.80 | 3631.90    0.0   2886     0 |    1.25   1.63  -0.04  -1.16
0  7.19e+06 3676.80 | 3624.59    0.0   2886     0 |    1.25   1.83   0.23  -1.15
0  7.28e+06 3676.80 | 3616.01    0.0   2886     0 |    1.25   1.77   0.11  -1.17
0  7.36e+06 3676.80 | 3642.67    0.0   2886     0 |    1.26   1.73   0.10  -1.17
0  7.45e+06 3676.80 | 3642.99    0.0   2886     0 |    1.26   1.47   0.08  -1.17
0  7.54e+06 3676.80 | 3638.93    0.0   2885     0 |    1.25   1.61   0.11  -1.17
0  7.62e+06 3676.80 | 3619.88    0.0   2884     0 |    1.25   1.57   0.04  -1.18
0  7.71e+06 3676.80 | 3622.48    0.0   2884     0 |    1.25   1.80   0.01  -1.17
0  7.79e+06 3676.80 | 3616.68    0.0   2884     0 |    1.25   1.87   0.10  -1.17
0  7.88e+06 3676.80 | 3616.98    0.0   2885     0 |    1.25   1.56   0.09  -1.17
0  7.97e+06 3676.80 | 3624.99    0.0   2885     0 |    1.25   1.62  -0.03  -1.17
0  8.05e+06 3676.80 | 3635.93    0.0   2886     0 |    1.26   1.70   0.12  -1.18
0  8.14e+06 3676.80 | 3624.56    0.0   2884     0 |    1.25   1.85   0.03  -1.18
0  8.23e+06 3676.80 | 3616.43    0.0   2884     0 |    1.25   1.88  -0.00  -1.17
0  8.31e+06 3676.80 | 3620.02    0.0   2884     0 |    1.25   1.72   0.04  -1.17
0  8.40e+06 3676.80 | 3625.83    0.0   2884     0 |    1.25   1.71  -0.01  -1.16
0  8.49e+06 3676.80 | 3623.13    0.0   2884     0 |    1.25   1.70   0.08  -1.17
0  8.57e+06 3676.80 | 3619.67    0.0   2884     0 |    1.25   1.67   0.02  -1.17
0  8.66e+06 3676.80 | 3615.12    0.0   2885     0 |    1.25   1.81   0.09  -1.17
0  8.75e+06 3676.80 | 3624.86    0.0   2884     0 |    1.25   1.79   0.11  -1.17
0  8.83e+06 3676.80 | 3619.81    0.0   2883     0 |    1.25   1.62  -0.02  -1.17
0  8.92e+06 3676.80 | 3611.36    0.0   2883     0 |    1.25   1.58   0.09  -1.18
0  9.01e+06 3676.80 | 3613.66    0.0   2882     0 |    1.25   1.79   0.05  -1.17
0  9.09e+06 3676.80 | 3615.50    0.0   2882     0 |    1.25   1.58  -0.02  -1.17
0  9.18e+06 3676.80 | 3616.12    0.0   2882     0 |    1.25   1.61   0.03  -1.16
0  9.27e+06 3676.80 | 3622.41    0.0   2882     0 |    1.25   1.68   0.07  -1.17
0  9.35e+06 3676.80 | 3611.43    0.0   2882     0 |    1.25   1.84   0.11  -1.16
0  9.44e+06 3676.80 | 3621.33    0.0   2883     0 |    1.25   1.41  -0.05  -1.16
0  9.53e+06 3676.80 | 3618.84    0.0   2882     0 |    1.25   1.59  -0.02  -1.17
0  9.61e+06 3676.80 | 3626.35    0.0   2882     0 |    1.25   1.72   0.19  -1.16
0  9.70e+06 3676.80 | 3631.87    0.0   2882     0 |    1.25   1.47   0.04  -1.17
0  9.78e+06 3676.80 | 3625.68    0.0   2883     0 |    1.25   1.67   0.08  -1.17
0  9.87e+06 3676.80 | 3626.41    0.0   2883     0 |    1.25   1.41   0.12  -1.17
0  9.96e+06 3676.80 | 3630.38    0.0   2883     0 |    1.26   1.65   0.06  -1.18
0  1.00e+07 3676.80 | 3627.62    0.0   2884     0 |    1.25   1.70   0.09  -1.17
0  1.01e+07 3676.80 | 3633.29    0.0   2885     0 |    1.26   1.78   0.18  -1.17
0  1.02e+07 3676.80 | 3645.26    0.0   2885     0 |    1.26   1.82   0.08  -1.18
0  1.03e+07 3676.80 | 3623.44    0.0   2883     0 |    1.25   1.87   0.10  -1.17
0  1.04e+07 3676.80 | 3628.61    0.0   2882     0 |    1.25   1.66   0.03  -1.18
0  1.05e+07 3676.80 | 3632.92    0.0   2883     0 |    1.26   1.45   0.01  -1.16
0  1.06e+07 3676.80 | 3620.32    0.0   2882     0 |    1.25   1.63  -0.01  -1.16
0  1.06e+07 3676.80 | 3616.30    0.0   2882     0 |    1.25   1.77   0.07  -1.17
0  1.07e+07 3676.80 | 3617.98    0.0   2882     0 |    1.25   1.71  -0.02  -1.16
0  1.08e+07 3676.80 | 3626.53    0.0   2882     0 |    1.25   1.51   0.13  -1.16
0  1.09e+07 3676.80 | 3631.71    0.0   2882     0 |    1.25   1.58  -0.02  -1.16
0  1.10e+07 3676.80 | 3613.37    0.0   2882     0 |    1.25   1.57  -0.00  -1.17
0  1.11e+07 3676.80 | 3596.00    0.0   2882     0 |    1.25   1.41  -0.01  -1.17
0  1.12e+07 3676.80 | 3609.33    0.0   2883     0 |    1.25   1.55   0.16  -1.16
0  1.12e+07 3676.80 | 3617.68    0.0   2883     0 |    1.25   1.53   0.02  -1.16
0  1.13e+07 3676.80 | 3632.45    0.0   2882     0 |    1.26   1.58   0.10  -1.15
0  1.14e+07 3676.80 | 3627.26    0.0   2886     0 |    1.25   1.53   0.04  -1.15
0  1.15e+07 3676.80 | 3652.18    0.0   2883     0 |    1.26   1.49   0.04  -1.16
0  1.16e+07 3676.80 | 3602.16    0.0   2882     0 |    1.25   1.67   0.09  -1.16
0  1.17e+07 3676.80 | 3646.44    0.0   2883     0 |    1.26   1.62   0.01  -1.16
0  1.18e+07 3676.80 | 3638.10    0.0   2883     0 |    1.26   1.57   0.17  -1.16
0  1.19e+07 3676.80 | 3648.16    0.0   2885     0 |    1.26   1.41  -0.08  -1.17
0  1.19e+07 3676.80 | 3638.82    0.0   2883     0 |    1.26   1.61   0.11  -1.16
0  1.20e+07 3676.80 | 3607.83    0.0   2883     0 |    1.25   1.66   0.17  -1.16
0  1.21e+07 3676.80 | 3629.72    0.0   2883     0 |    1.25   1.72   0.03  -1.16
0  1.22e+07 3676.80 | 3636.78    0.0   2883     0 |    1.26   1.50  -0.06  -1.17
0  1.23e+07 3676.80 | 3650.53    0.0   2885     0 |    1.26   1.63  -0.11  -1.17
0  1.24e+07 3676.80 | 3591.93    0.0   2882     0 |    1.25   1.48  -0.05  -1.17
0  1.25e+07 3676.80 | 3589.25    0.0   2883     0 |    1.24   1.71   0.03  -1.16
0  1.25e+07 3676.80 | 3590.48    0.0   2883     0 |    1.24   1.50   0.08  -1.16
0  1.26e+07 3676.80 | 3641.17    0.0   2885     0 |    1.26   1.67   0.02  -1.16
0  1.27e+07 3676.80 | 3629.28    0.0   2883     0 |    1.25   1.57   0.01  -1.17
0  1.28e+07 3676.80 | 3622.60    0.0   2883     0 |    1.25   1.80   0.03  -1.17
0  1.29e+07 3676.80 | 3613.33    0.0   2883     0 |    1.25   1.55   0.01  -1.17
0  1.30e+07 3676.80 | 3576.59    0.0   2883     0 |    1.23   1.97   0.12  -1.17
