################################################################################
ID     Step    maxR |    avgR   stdR   avgS  stdS |    expR   objC   etc.
0  5.77e+03 4226.55 |
成功率：98.6%, 提交量大于阈值的概率：0.12570%, 超供率：95.9%, 超供程度：83.5%, 超供平均值：5.7, 方差：198.3
0  5.77e+03 4226.55 | 4226.55    0.0   2886     0 |    1.39  12.98   0.10  -0.50
0  3.46e+04 4252.54 |
成功率：99.0%, 提交量大于阈值的概率：0.13344%, 超供率：96.3%, 超供程度：84.1%, 超供平均值：5.7, 方差：203.1
0  3.46e+04 4252.54 | 4252.54    0.0   2887     0 |    1.40  10.91  -0.01  -0.50
0  6.35e+04 4252.54 | 4246.58    0.0   2887     0 |    1.40   9.44  -0.00  -0.51
0  1.21e+05 4263.91 |
成功率：99.0%, 提交量大于阈值的概率：0.11972%, 超供率：96.7%, 超供程度：84.2%, 超供平均值：5.7, 方差：202.6
0  1.21e+05 4263.91 | 4263.91    0.0   2886     0 |    1.41   8.88   0.07  -0.50
0  1.50e+05 4311.20 |
成功率：99.4%, 提交量大于阈值的概率：0.11471%, 超供率：97.4%, 超供程度：85.0%, 超供平均值：5.7, 方差：202.0
0  1.50e+05 4311.20 | 4311.20    0.0   2886     0 |    1.41   7.62   0.07  -0.50
0  1.79e+05 4320.77 |
成功率：99.4%, 提交量大于阈值的概率：0.12288%, 超供率：97.3%, 超供程度：84.4%, 超供平均值：5.7, 方差：201.7
0  1.79e+05 4320.77 | 4320.77    0.0   2887     0 |    1.41   8.01   0.09  -0.50
0  2.08e+05 4326.32 |
成功率：99.5%, 提交量大于阈值的概率：0.12458%, 超供率：97.4%, 超供程度：84.4%, 超供平均值：5.7, 方差：203.7
0  2.08e+05 4326.32 | 4326.32    0.0   2886     0 |    1.42   7.51   0.10  -0.50
0  2.37e+05 4335.67 |
成功率：99.5%, 提交量大于阈值的概率：0.11549%, 超供率：97.3%, 超供程度：84.0%, 超供平均值：5.7, 方差：204.0
0  2.37e+05 4335.67 | 4335.67    0.0   2886     0 |    1.42   7.78  -0.06  -0.50
0  2.65e+05 4342.69 |
成功率：99.5%, 提交量大于阈值的概率：0.11450%, 超供率：97.3%, 超供程度：84.1%, 超供平均值：5.7, 方差：205.5
0  2.65e+05 4342.69 | 4342.69    0.0   2887     0 |    1.41   7.43  -0.01  -0.51
0  2.94e+05 4350.37 |
成功率：99.6%, 提交量大于阈值的概率：0.12443%, 超供率：97.5%, 超供程度：83.9%, 超供平均值：5.6, 方差：203.8
0  2.94e+05 4350.37 | 4350.37    0.0   2886     0 |    1.42   6.87  -0.05  -0.52
0  3.23e+05 4350.37 | 4343.02    0.0   2886     0 |    1.43   6.75   0.01  -0.53
0  3.81e+05 4350.37 | 4343.46    0.0   2886     0 |    1.43   8.25   0.19  -0.53
0  4.39e+05 4384.20 |
成功率：99.3%, 提交量大于阈值的概率：0.07648%, 超供率：97.1%, 超供程度：83.0%, 超供平均值：5.6, 方差：195.7
0  4.39e+05 4384.20 | 4384.20    0.0   2886     0 |    1.45   7.46   0.03  -0.54
0  4.67e+05 4384.20 | 4379.10    0.0   2886     0 |    1.45   7.32   0.03  -0.56
0  5.25e+05 4384.20 | 4383.61    0.0   2886     0 |    1.46   6.70   0.04  -0.57
0  5.83e+05 4384.20 | 4384.17    0.0   2886     0 |    1.47   9.33   0.03  -0.57
0  6.41e+05 4396.68 |
成功率：99.3%, 提交量大于阈值的概率：0.04826%, 超供率：97.1%, 超供程度：82.1%, 超供平均值：5.5, 方差：192.8
0  6.41e+05 4396.68 | 4396.68    0.0   2886     0 |    1.47   7.31   0.07  -0.58
0  6.69e+05 4396.68 | 4394.33    0.0   2886     0 |    1.47   8.40  -0.06  -0.59
0  7.27e+05 4416.17 |
成功率：99.4%, 提交量大于阈值的概率：0.05006%, 超供率：97.1%, 超供程度：81.1%, 超供平均值：5.5, 方差：192.0
0  7.27e+05 4416.17 | 4416.17    0.0   2886     0 |    1.48   8.42  -0.03  -0.59
0  7.56e+05 4423.69 |
成功率：99.3%, 提交量大于阈值的概率：0.04553%, 超供率：97.2%, 超供程度：80.7%, 超供平均值：5.4, 方差：189.2
0  7.56e+05 4423.69 | 4423.69    0.0   2886     0 |    1.48   8.68   0.03  -0.60
0  7.85e+05 4438.13 |
成功率：99.5%, 提交量大于阈值的概率：0.05000%, 超供率：97.3%, 超供程度：81.0%, 超供平均值：5.4, 方差：190.8
0  7.85e+05 4438.13 | 4438.13    0.0   2886     0 |    1.49   8.18   0.13  -0.61
0  8.14e+05 4443.39 |
成功率：99.5%, 提交量大于阈值的概率：0.04817%, 超供率：97.4%, 超供程度：80.8%, 超供平均值：5.4, 方差：189.8
0  8.14e+05 4443.39 | 4443.39    0.0   2886     0 |    1.49   8.91   0.11  -0.62
0  8.43e+05 4443.39 | 4432.15    0.0   2886     0 |    1.49   7.34   0.11  -0.62
0  9.00e+05 4443.39 | 4418.12    0.0   2886     0 |    1.49   7.28   0.04  -0.64
0  9.58e+05 4443.39 | 4413.93    0.0   2886     0 |    1.49   7.91   0.01  -0.65
0  1.02e+06 4443.39 | 4413.05    0.0   2886     0 |    1.50   8.35   0.08  -0.65
0  1.07e+06 4443.39 | 4426.52    0.0   2886     0 |    1.50   9.29   0.03  -0.67
0  1.13e+06 4443.39 | 4428.58    0.0   2886     0 |    1.49   8.38   0.02  -0.68
0  1.19e+06 4443.39 | 4436.69    0.0   2885     0 |    1.50   9.88  -0.05  -0.67
0  1.25e+06 4443.39 | 4418.12    0.0   2886     0 |    1.49   8.88  -0.04  -0.68
0  1.30e+06 4443.39 | 4423.83    0.0   2885     0 |    1.50   8.40   0.01  -0.68
0  1.36e+06 4443.39 | 4424.66    0.0   2886     0 |    1.50   7.27   0.07  -0.69
0  1.42e+06 4443.39 | 4434.02    0.0   2885     0 |    1.49   8.03  -0.03  -0.71
0  1.48e+06 4443.39 | 4430.21    0.0   2885     0 |    1.50   7.03   0.09  -0.71
0  1.54e+06 4448.26 |
成功率：99.7%, 提交量大于阈值的概率：0.05080%, 超供率：97.5%, 超供程度：81.3%, 超供平均值：5.5, 方差：201.1
0  1.54e+06 4448.26 | 4448.26    0.0   2886     0 |    1.51   8.48  -0.02  -0.72
0  1.57e+06 4453.45 |
成功率：99.6%, 提交量大于阈值的概率：0.04268%, 超供率：97.2%, 超供程度：80.0%, 超供平均值：5.4, 方差：193.4
0  1.57e+06 4453.45 | 4453.45    0.0   2886     0 |    1.51   8.67  -0.00  -0.72
0  1.60e+06 4454.28 |
成功率：99.6%, 提交量大于阈值的概率：0.04449%, 超供率：97.2%, 超供程度：80.3%, 超供平均值：5.4, 方差：194.7
0  1.60e+06 4454.28 | 4454.28    0.0   2886     0 |    1.51   8.57   0.05  -0.73
0  1.63e+06 4455.99 |
成功率：99.6%, 提交量大于阈值的概率：0.04178%, 超供率：97.1%, 超供程度：80.0%, 超供平均值：5.4, 方差：192.0
0  1.63e+06 4455.99 | 4455.99    0.0   2886     0 |    1.51   8.26   0.12  -0.74
0  1.66e+06 4456.49 |
成功率：99.7%, 提交量大于阈值的概率：0.04266%, 超供率：97.3%, 超供程度：80.9%, 超供平均值：5.4, 方差：196.4
0  1.66e+06 4456.49 | 4456.49    0.0   2886     0 |    1.51   7.70   0.04  -0.75
0  1.69e+06 4456.49 | 4451.19    0.0   2886     0 |    1.51   8.31  -0.02  -0.75
0  1.74e+06 4466.05 |
成功率：99.5%, 提交量大于阈值的概率：0.03364%, 超供率：96.7%, 超供程度：79.3%, 超供平均值：5.4, 方差：189.6
0  1.74e+06 4466.05 | 4466.05    0.0   2886     0 |    1.52   8.37   0.01  -0.76
0  1.77e+06 4466.46 |
成功率：99.5%, 提交量大于阈值的概率：0.02909%, 超供率：96.9%, 超供程度：79.9%, 超供平均值：5.4, 方差：190.5
0  1.77e+06 4466.46 | 4466.46    0.0   2886     0 |    1.52   8.06   0.13  -0.77
0  1.80e+06 4466.46 | 4463.33    0.0   2886     0 |    1.52   7.66   0.11  -0.77
0  1.86e+06 4467.01 |
成功率：99.6%, 提交量大于阈值的概率：0.02998%, 超供率：97.1%, 超供程度：80.1%, 超供平均值：5.4, 方差：191.0
0  1.86e+06 4467.01 | 4467.01    0.0   2886     0 |    1.52   8.98  -0.04  -0.78
0  1.89e+06 4468.95 |
成功率：99.6%, 提交量大于阈值的概率：0.02725%, 超供率：97.1%, 超供程度：80.2%, 超供平均值：5.4, 方差：190.6
0  1.89e+06 4468.95 | 4468.95    0.0   2886     0 |    1.52   8.16   0.10  -0.78
0  1.92e+06 4469.56 |
成功率：99.6%, 提交量大于阈值的概率：0.02724%, 超供率：97.2%, 超供程度：80.3%, 超供平均值：5.4, 方差：191.4
0  1.92e+06 4469.56 | 4469.56    0.0   2886     0 |    1.52   8.45  -0.08  -0.79
0  1.95e+06 4473.05 |
成功率：99.5%, 提交量大于阈值的概率：0.02363%, 超供率：97.0%, 超供程度：79.7%, 超供平均值：5.4, 方差：187.1
0  1.95e+06 4473.05 | 4473.05    0.0   2886     0 |    1.52   8.67   0.02  -0.80
0  1.97e+06 4473.05 | 4470.62    0.0   2886     0 |    1.52   9.16   0.13  -0.80
0  2.03e+06 4473.05 | 4470.15    0.0   2886     0 |    1.53   8.40  -0.00  -0.81
0  2.09e+06 4473.05 | 4468.42    0.0   2886     0 |    1.53   8.31  -0.05  -0.82
0  2.15e+06 4473.05 | 4469.60    0.0   2886     0 |    1.53   7.83   0.00  -0.82
0  2.20e+06 4473.05 | 4468.59    0.0   2886     0 |    1.53   8.58   0.04  -0.84
0  2.26e+06 4473.24 |
成功率：99.4%, 提交量大于阈值的概率：0.02456%, 超供率：97.0%, 超供程度：78.9%, 超供平均值：5.3, 方差：185.2
0  2.26e+06 4473.24 | 4473.24    0.0   2886     0 |    1.53   8.30   0.00  -0.84
0  2.29e+06 4473.24 | 4465.73    0.0   2886     0 |    1.53   7.19  -0.02  -0.85
0  2.35e+06 4473.40 |
成功率：99.5%, 提交量大于阈值的概率：0.01637%, 超供率：97.1%, 超供程度：79.6%, 超供平均值：5.4, 方差：187.4
0  2.35e+06 4473.40 | 4473.40    0.0   2886     0 |    1.53   8.36   0.05  -0.86
0  2.38e+06 4475.38 |
成功率：99.5%, 提交量大于阈值的概率：0.01727%, 超供率：97.2%, 超供程度：79.8%, 超供平均值：5.4, 方差：189.2
0  2.38e+06 4475.38 | 4475.38    0.0   2886     0 |    1.53   7.73   0.06  -0.87
0  2.41e+06 4475.38 | 4472.10    0.0   2886     0 |    1.53   8.53   0.03  -0.88
0  2.46e+06 4475.38 | 4473.67    0.0   2886     0 |    1.53   9.18   0.07  -0.89
0  2.52e+06 4475.38 | 4469.17    0.0   2886     0 |    1.53   8.47   0.01  -0.90
0  2.58e+06 4475.38 | 4466.85    0.0   2886     0 |    1.53   8.19   0.00  -0.91
0  2.64e+06 4475.38 | 4467.21    0.0   2886     0 |    1.53   8.60  -0.04  -0.92
0  2.70e+06 4475.38 | 4468.40    0.0   2886     0 |    1.53   7.01   0.07  -0.92
0  2.75e+06 4475.38 | 4459.21    0.0   2886     0 |    1.52   7.84   0.01  -0.92
0  2.81e+06 4475.38 | 4464.87    0.0   2886     0 |    1.53  10.03   0.07  -0.92
0  2.87e+06 4475.38 | 4470.54    0.0   2886     0 |    1.53   8.72   0.13  -0.94
0  2.93e+06 4476.53 |
成功率：99.5%, 提交量大于阈值的概率：0.02909%, 超供率：97.0%, 超供程度：79.0%, 超供平均值：5.3, 方差：191.5
0  2.93e+06 4476.53 | 4476.53    0.0   2886     0 |    1.53   9.29   0.17  -0.95
0  2.96e+06 4480.83 |
成功率：99.4%, 提交量大于阈值的概率：0.02092%, 超供率：97.0%, 超供程度：78.7%, 超供平均值：5.3, 方差：189.2
0  2.96e+06 4480.83 | 4480.83    0.0   2886     0 |    1.53   8.27   0.00  -0.95
0  2.98e+06 4482.16 |
成功率：99.5%, 提交量大于阈值的概率：0.02091%, 超供率：97.2%, 超供程度：79.2%, 超供平均值：5.3, 方差：190.0
0  2.98e+06 4482.16 | 4482.16    0.0   2886     0 |    1.53   7.77  -0.00  -0.95
0  3.01e+06 4484.37 |
成功率：99.6%, 提交量大于阈值的概率：0.02907%, 超供率：97.4%, 超供程度：79.0%, 超供平均值：5.3, 方差：189.5
0  3.01e+06 4484.37 | 4484.37    0.0   2886     0 |    1.53   8.74  -0.07  -0.96
0  3.04e+06 4493.52 |
成功率：99.6%, 提交量大于阈值的概率：0.02362%, 超供率：97.3%, 超供程度：78.8%, 超供平均值：5.3, 方差：188.5
0  3.04e+06 4493.52 | 4493.52    0.0   2886     0 |    1.53   9.86  -0.09  -0.96
0  3.07e+06 4493.67 |
成功率：99.6%, 提交量大于阈值的概率：0.02906%, 超供率：97.4%, 超供程度：79.0%, 超供平均值：5.3, 方差：189.8
0  3.07e+06 4493.67 | 4493.67    0.0   2886     0 |    1.54   8.46  -0.10  -0.97
0  3.10e+06 4497.14 |
成功率：99.5%, 提交量大于阈值的概率：0.02000%, 超供率：97.1%, 超供程度：78.2%, 超供平均值：5.3, 方差：187.1
0  3.10e+06 4497.14 | 4497.14    0.0   2886     0 |    1.54   8.32   0.10  -0.98
0  3.13e+06 4498.65 |
成功率：99.5%, 提交量大于阈值的概率：0.01364%, 超供率：97.0%, 超供程度：78.0%, 超供平均值：5.3, 方差：185.8
0  3.13e+06 4498.65 | 4498.65    0.0   2886     0 |    1.54   9.28  -0.09  -0.98
0  3.16e+06 4498.65 | 4497.87    0.0   2886     0 |    1.54   8.58   0.05  -0.98
0  3.21e+06 4498.65 | 4492.68    0.0   2886     0 |    1.54   8.69   0.00  -0.99
0  3.27e+06 4501.84 |
成功率：99.5%, 提交量大于阈值的概率：0.01728%, 超供率：96.3%, 超供程度：77.2%, 超供平均值：5.2, 方差：186.0
0  3.27e+06 4501.84 | 4501.84    0.0   2886     0 |    1.54   7.91   0.07  -0.99
0  3.30e+06 4501.84 | 4500.12    0.0   2886     0 |    1.54   7.40   0.07  -1.00
0  3.36e+06 4501.84 | 4494.78    0.0   2886     0 |    1.54   8.43   0.04  -1.01
0  3.42e+06 4501.84 | 4500.19    0.0   2886     0 |    1.54   8.21   0.14  -1.01
0  3.47e+06 4502.25 |
成功率：99.6%, 提交量大于阈值的概率：0.02907%, 超供率：97.0%, 超供程度：77.3%, 超供平均值：5.2, 方差：187.9
0  3.47e+06 4502.25 | 4502.25    0.0   2886     0 |    1.54   8.72   0.02  -1.03
0  3.50e+06 4502.25 | 4501.77    0.0   2886     0 |    1.54   7.97   0.02  -1.04
0  3.56e+06 4502.25 | 4492.41    0.0   2886     0 |    1.54   9.76   0.19  -1.06
0  3.62e+06 4502.25 | 4500.84    0.0   2886     0 |    1.54   8.08   0.03  -1.06
0  3.68e+06 4504.18 |
成功率：99.7%, 提交量大于阈值的概率：0.02903%, 超供率：97.4%, 超供程度：78.1%, 超供平均值：5.3, 方差：191.9
0  3.68e+06 4504.18 | 4504.18    0.0   2886     0 |    1.54   8.47   0.11  -1.07
0  3.71e+06 4509.95 |
成功率：99.6%, 提交量大于阈值的概率：0.01998%, 超供率：97.0%, 超供程度：77.2%, 超供平均值：5.2, 方差：188.8
0  3.71e+06 4509.95 | 4509.95    0.0   2886     0 |    1.54   8.39   0.03  -1.08
0  3.73e+06 4510.63 |
成功率：99.5%, 提交量大于阈值的概率：0.01364%, 超供率：96.7%, 超供程度：76.4%, 超供平均值：5.1, 方差：187.2
0  3.73e+06 4510.63 | 4510.63    0.0   2886     0 |    1.55   7.57  -0.02  -1.09
0  3.76e+06 4510.63 | 4507.39    0.0   2886     0 |    1.54   9.10   0.03  -1.09
0  3.82e+06 4511.68 |
成功率：99.4%, 提交量大于阈值的概率：0.02002%, 超供率：96.4%, 超供程度：75.4%, 超供平均值：5.1, 方差：183.2
0  3.82e+06 4511.68 | 4511.68    0.0   2886     0 |    1.55   8.41   0.07  -1.10
0  3.85e+06 4511.68 | 4510.11    0.0   2886     0 |    1.55   7.68   0.12  -1.11
0  3.91e+06 4517.53 |
成功率：99.3%, 提交量大于阈值的概率：0.02642%, 超供率：95.7%, 超供程度：73.5%, 超供平均值：5.0, 方差：178.6
0  3.91e+06 4517.53 | 4517.53    0.0   2886     0 |    1.55   9.25   0.08  -1.11
0  3.94e+06 4519.47 |
成功率：99.3%, 提交量大于阈值的概率：0.02824%, 超供率：95.6%, 超供程度：73.3%, 超供平均值：4.9, 方差：178.3
0  3.94e+06 4519.47 | 4519.47    0.0   2886     0 |    1.55   8.09   0.03  -1.11
0  3.97e+06 4519.47 | 4517.24    0.0   2886     0 |    1.55   8.16   0.15  -1.12
0  4.02e+06 4519.47 | 4515.79    0.0   2886     0 |    1.55   7.64   0.05  -1.13
0  4.08e+06 4519.47 | 4515.98    0.0   2886     0 |    1.55   8.08   0.13  -1.14
0  4.14e+06 4519.47 | 4516.61    0.0   2886     0 |    1.55   8.13   0.05  -1.14
0  4.20e+06 4519.47 | 4516.43    0.0   2886     0 |    1.55   7.18  -0.03  -1.13
0  4.25e+06 4519.47 | 4508.94    0.0   2886     0 |    1.55   8.82  -0.00  -1.13
0  4.31e+06 4520.49 |
成功率：99.4%, 提交量大于阈值的概率：0.03730%, 超供率：96.3%, 超供程度：73.6%, 超供平均值：5.0, 方差：181.1
0  4.31e+06 4520.49 | 4520.49    0.0   2886     0 |    1.55   8.28  -0.01  -1.13
0  4.34e+06 4520.49 | 4514.51    0.0   2886     0 |    1.55   7.72   0.06  -1.14
0  4.40e+06 4520.49 | 4517.54    0.0   2886     0 |    1.55   8.58   0.14  -1.13
0  4.46e+06 4520.49 | 4508.60    0.0   2886     0 |    1.55   7.65   0.05  -1.14
0  4.51e+06 4520.49 | 4510.66    0.0   2886     0 |    1.55   6.79   0.11  -1.14
0  4.57e+06 4520.49 | 4512.13    0.0   2886     0 |    1.55   8.70   0.03  -1.15
0  4.62e+06 4520.49 | 4516.02    0.0   2886     0 |    1.55   8.07  -0.00  -1.15
0  4.68e+06 4520.49 | 4513.96    0.0   2886     0 |    1.55  10.41   0.08  -1.15
0  4.74e+06 4520.78 |
成功率：99.0%, 提交量大于阈值的概率：0.03381%, 超供率：94.6%, 超供程度：69.8%, 超供平均值：4.7, 方差：172.5
0  4.74e+06 4520.78 | 4520.78    0.0   2886     0 |    1.55   7.19  -0.05  -1.16
0  4.77e+06 4523.56 |
成功率：99.1%, 提交量大于阈值的概率：0.03013%, 超供率：95.0%, 超供程度：70.4%, 超供平均值：4.8, 方差：174.2
0  4.77e+06 4523.56 | 4523.56    0.0   2886     0 |    1.55   7.73   0.05  -1.16
0  4.80e+06 4526.39 |
成功率：99.0%, 提交量大于阈值的概率：0.02832%, 超供率：94.9%, 超供程度：70.0%, 超供平均值：4.7, 方差：172.7
0  4.80e+06 4526.39 | 4526.39    0.0   2886     0 |    1.56   7.19   0.12  -1.16
0  4.83e+06 4526.62 |
成功率：99.1%, 提交量大于阈值的概率：0.02830%, 超供率：95.5%, 超供程度：71.1%, 超供平均值：4.8, 方差：174.9
0  4.83e+06 4526.62 | 4526.62    0.0   2886     0 |    1.55   7.59   0.15  -1.16
0  4.85e+06 4526.62 | 4525.23    0.0   2886     0 |    1.56   7.86   0.09  -1.16
0  4.91e+06 4526.62 | 4519.37    0.0   2886     0 |    1.55   7.75   0.04  -1.16
0  4.97e+06 4526.62 | 4516.22    0.0   2886     0 |    1.55   6.62   0.07  -1.16
0  5.03e+06 4526.62 | 4519.42    0.0   2886     0 |    1.55   7.74   0.08  -1.17
0  5.08e+06 4526.62 | 4517.53    0.0   2886     0 |    1.55   7.78  -0.02  -1.16
0  5.14e+06 4526.62 | 4519.69    0.0   2886     0 |    1.55   7.91  -0.01  -1.16
0  5.20e+06 4526.62 | 4513.97    0.0   2886     0 |    1.55   6.60   0.09  -1.16
0  5.26e+06 4526.62 | 4514.51    0.0   2886     0 |    1.55   8.18   0.03  -1.16
0  5.32e+06 4526.62 | 4519.80    0.0   2886     0 |    1.55   7.39   0.07  -1.17
0  5.37e+06 4526.62 | 4526.60    0.0   2886     0 |    1.55   8.98   0.13  -1.17
0  5.43e+06 4531.50 |
成功率：99.3%, 提交量大于阈值的概率：0.03278%, 超供率：95.9%, 超供程度：71.9%, 超供平均值：4.9, 方差：183.4
0  5.43e+06 4531.50 | 4531.50    0.0   2886     0 |    1.55   8.80  -0.02  -1.17
0  5.46e+06 4533.76 |
成功率：99.3%, 提交量大于阈值的概率：0.03460%, 超供率：95.8%, 超供程度：71.8%, 超供平均值：4.9, 方差：182.8
0  5.46e+06 4533.76 | 4533.76    0.0   2886     0 |    1.56   7.96   0.08  -1.17
0  5.49e+06 4533.76 | 4528.44    0.0   2886     0 |    1.55  10.27  -0.13  -1.17
0  5.55e+06 4535.63 |
成功率：99.4%, 提交量大于阈值的概率：0.04278%, 超供率：95.6%, 超供程度：71.2%, 超供平均值：4.8, 方差：182.6
0  5.55e+06 4535.63 | 4535.63    0.0   2886     0 |    1.56   6.83   0.07  -1.16
0  5.58e+06 4537.21 |
成功率：99.4%, 提交量大于阈值的概率：0.04916%, 超供率：95.5%, 超供程度：70.6%, 超供平均值：4.8, 方差：182.6
0  5.58e+06 4537.21 | 4537.21    0.0   2886     0 |    1.56   7.56   0.05  -1.16
0  5.60e+06 4541.65 |
成功率：99.4%, 提交量大于阈值的概率：0.04641%, 超供率：95.6%, 超供程度：70.6%, 超供平均值：4.8, 方差：182.6
0  5.60e+06 4541.65 | 4541.65    0.0   2886     0 |    1.56   8.63   0.19  -1.16
0  5.63e+06 4585.65 |
成功率：99.5%, 提交量大于阈值的概率：0.07366%, 超供率：93.8%, 超供程度：65.0%, 超供平均值：4.4, 方差：183.3
0  5.63e+06 4585.65 | 4585.65    0.0   2887     0 |    1.57   8.03   0.12  -1.16
0  5.67e+06 4585.65 | 4574.67    0.0   2887     0 |    1.57   7.95   0.10  -1.16
0  5.74e+06 4585.65 | 4567.76    0.0   2886     0 |    1.57   7.71  -0.03  -1.16
0  5.81e+06 4588.72 |
成功率：99.5%, 提交量大于阈值的概率：0.09270%, 超供率：93.5%, 超供程度：63.2%, 超供平均值：4.3, 方差：186.6
0  5.81e+06 4588.72 | 4588.72    0.0   2886     0 |    1.58   7.55   0.01  -1.16
0  5.85e+06 4588.72 | 4578.31    0.0   2886     0 |    1.58   8.44   0.07  -1.15
0  5.92e+06 4588.72 | 4569.06    0.0   2886     0 |    1.57   8.55   0.12  -1.16
0  5.98e+06 4588.72 | 4546.55    0.0   2886     0 |    1.56   6.93   0.08  -1.16
0  6.04e+06 4588.72 | 4560.98    0.0   2886     0 |    1.56   7.75   0.07  -1.17
0  6.11e+06 4588.72 | 4577.96    0.0   2886     0 |    1.57   8.11  -0.01  -1.16
0  6.17e+06 4588.72 | 4575.83    0.0   2886     0 |    1.57   8.97   0.09  -1.16
0  6.23e+06 4588.72 | 4577.57    0.0   2886     0 |    1.57   7.67   0.13  -1.16
0  6.30e+06 4588.72 | 4574.34    0.0   2886     0 |    1.57   6.80   0.07  -1.16
0  6.37e+06 4588.72 | 4579.45    0.0   2886     0 |    1.57   7.52   0.15  -1.17
0  6.44e+06 4588.72 | 4583.38    0.0   2886     0 |    1.57   8.23   0.05  -1.16
0  6.50e+06 4609.88 |
成功率：99.6%, 提交量大于阈值的概率：0.05900%, 超供率：94.3%, 超供程度：65.7%, 超供平均值：4.4, 方差：183.0
0  6.50e+06 4609.88 | 4609.88    0.0   2886     0 |    1.58   8.07   0.02  -1.16
0  6.55e+06 4609.88 | 4579.29    0.0   2886     0 |    1.57   7.09   0.01  -1.17
0  6.61e+06 4609.88 | 4588.66    0.0   2886     0 |    1.58   8.23   0.04  -1.16
0  6.68e+06 4609.88 | 4576.62    0.0   2886     0 |    1.57   7.60  -0.01  -1.16
0  6.75e+06 4609.88 | 4588.23    0.0   2886     0 |    1.57   8.12   0.01  -1.16
0  6.82e+06 4609.88 | 4592.19    0.0   2886     0 |    1.58   8.19  -0.01  -1.16
0  6.89e+06 4628.37 |
成功率：99.6%, 提交量大于阈值的概率：0.07262%, 超供率：94.0%, 超供程度：63.3%, 超供平均值：4.3, 方差：182.0
0  6.89e+06 4628.37 | 4628.37    0.0   2886     0 |    1.59   8.59   0.01  -1.15
0  6.93e+06 4628.37 | 4617.37    0.0   2886     0 |    1.59   8.29  -0.01  -1.15
0  7.00e+06 4637.59 |
成功率：99.7%, 提交量大于阈值的概率：0.06440%, 超供率：94.3%, 超供程度：64.2%, 超供平均值：4.4, 方差：181.4
0  7.00e+06 4637.59 | 4637.59    0.0   2886     0 |    1.60   7.42   0.15  -1.16
0  7.04e+06 4637.59 | 4634.92    0.0   2886     0 |    1.59   8.20   0.02  -1.15
0  7.11e+06 4637.59 | 4630.15    0.0   2886     0 |    1.59   8.53  -0.01  -1.15
0  7.17e+06 4643.93 |
成功率：99.6%, 提交量大于阈值的概率：0.06537%, 超供率：94.0%, 超供程度：62.5%, 超供平均值：4.2, 方差：179.7
0  7.17e+06 4643.93 | 4643.93    0.0   2886     0 |    1.59   7.85   0.02  -1.16
0  7.21e+06 4643.93 | 4643.08    0.0   2886     0 |    1.60   7.54  -0.01  -1.16
0  7.28e+06 4653.38 |
成功率：99.7%, 提交量大于阈值的概率：0.06351%, 超供率：94.0%, 超供程度：62.1%, 超供平均值：4.2, 方差：181.2
0  7.28e+06 4653.38 | 4653.38    0.0   2886     0 |    1.59   7.31   0.07  -1.16
0  7.32e+06 4653.38 | 4635.10    0.0   2886     0 |    1.60   7.87   0.09  -1.16
0  7.39e+06 4653.38 | 4643.54    0.0   2886     0 |    1.60   9.18  -0.03  -1.16
0  7.46e+06 4653.38 | 4635.78    0.0   2886     0 |    1.59   7.73   0.04  -1.16
0  7.52e+06 4653.38 | 4640.65    0.0   2886     0 |    1.60   7.75   0.10  -1.16
0  7.59e+06 4659.59 |
成功率：99.8%, 提交量大于阈值的概率：0.05985%, 超供率：94.3%, 超供程度：62.9%, 超供平均值：4.3, 方差：182.2
0  7.59e+06 4659.59 | 4659.59    0.0   2886     0 |    1.60   7.15   0.05  -1.16
0  7.63e+06 4659.59 | 4649.34    0.0   2886     0 |    1.60   8.55   0.17  -1.16
0  7.70e+06 4659.59 | 4631.00    0.0   2886     0 |    1.59   7.50   0.13  -1.16
0  7.77e+06 4659.59 | 4619.49    0.0   2886     0 |    1.59   8.56   0.07  -1.16
0  7.83e+06 4659.59 | 4627.12    0.0   2886     0 |    1.59   8.77   0.03  -1.16
0  7.90e+06 4659.59 | 4608.35    0.0   2886     0 |    1.59   8.45   0.18  -1.16
0  7.97e+06 4659.59 | 4605.50    0.0   2886     0 |    1.58   9.33   0.05  -1.16
0  8.03e+06 4659.59 | 4578.08    0.0   2886     0 |    1.58   7.88   0.05  -1.16
0  8.10e+06 4659.59 | 4645.79    0.0   2886     0 |    1.60   6.93   0.02  -1.16
0  8.16e+06 4659.59 | 4646.06    0.0   2886     0 |    1.60   7.46   0.06  -1.16
0  8.22e+06 4667.50 |
成功率：99.7%, 提交量大于阈值的概率：0.06804%, 超供率：93.8%, 超供程度：60.5%, 超供平均值：4.1, 方差：184.5
0  8.22e+06 4667.50 | 4667.50    0.0   2886     0 |    1.61   8.42   0.05  -1.16
0  8.27e+06 4667.50 | 4661.53    0.0   2886     0 |    1.61   8.02   0.04  -1.17
0  8.33e+06 4667.50 | 4654.06    0.0   2886     0 |    1.60   7.85   0.11  -1.17
0  8.39e+06 4667.50 | 4637.51    0.0   2886     0 |    1.59   7.70   0.04  -1.16
0  8.46e+06 4667.50 | 4634.03    0.0   2886     0 |    1.61   8.24   0.06  -1.16
0  8.52e+06 4667.50 | 4656.15    0.0   2886     0 |    1.61   7.72   0.10  -1.16
0  8.59e+06 4667.50 | 4625.40    0.0   2886     0 |    1.60   8.78   0.06  -1.16
0  8.65e+06 4667.50 | 4603.90    0.0   2886     0 |    1.59   7.57   0.09  -1.16
0  8.72e+06 4667.50 | 4592.46    0.0   2886     0 |    1.58   7.97   0.10  -1.16
0  8.78e+06 4667.50 | 4622.88    0.0   2886     0 |    1.59   8.21  -0.00  -1.16
0  8.85e+06 4667.50 | 4583.56    0.0   2886     0 |    1.58   7.56   0.15  -1.17
0  8.91e+06 4667.50 | 4602.65    0.0   2886     0 |    1.58   6.67   0.10  -1.16
0  8.98e+06 4667.50 | 4612.86    0.0   2886     0 |    1.59   7.71   0.06  -1.16
0  9.04e+06 4667.50 | 4606.02    0.0   2886     0 |    1.59   7.32  -0.01  -1.16
0  9.10e+06 4667.50 | 4601.55    0.0   2886     0 |    1.59   9.20   0.04  -1.16
0  9.17e+06 4667.50 | 4590.39    0.0   2886     0 |    1.58   8.76   0.01  -1.16
0  9.24e+06 4667.50 | 4603.82    0.0   2886     0 |    1.59   8.56  -0.05  -1.16
0  9.30e+06 4667.50 | 4609.88    0.0   2886     0 |    1.59   8.50   0.01  -1.16
0  9.37e+06 4667.50 | 4614.27    0.0   2886     0 |    1.59   8.59   0.02  -1.16
0  9.44e+06 4667.50 | 4623.59    0.0   2886     0 |    1.60   8.56   0.06  -1.15
0  9.51e+06 4667.50 | 4617.42    0.0   2886     0 |    1.59   8.69  -0.06  -1.15
0  9.57e+06 4669.01 |
成功率：99.4%, 提交量大于阈值的概率：0.08466%, 超供率：92.4%, 超供程度：56.2%, 超供平均值：3.8, 方差：179.8
0  9.57e+06 4669.01 | 4669.01    0.0   2886     0 |    1.61   7.23  -0.01  -1.15
0  9.61e+06 4669.01 | 4662.95    0.0   2886     0 |    1.61   7.40   0.10  -1.15
0  9.67e+06 4669.01 | 4631.12    0.0   2886     0 |    1.60   8.15   0.09  -1.16
0  9.74e+06 4669.01 | 4633.12    0.0   2886     0 |    1.60   8.18   0.05  -1.16
0  9.81e+06 4669.01 | 4628.64    0.0   2886     0 |    1.60   7.42   0.01  -1.16
0  9.87e+06 4669.01 | 4620.67    0.0   2886     0 |    1.59   6.65   0.05  -1.17
0  9.93e+06 4669.01 | 4654.92    0.0   2886     0 |    1.61   8.12   0.04  -1.16
0  1.00e+07 4669.01 | 4660.43    0.0   2886     0 |    1.61   7.87   0.03  -1.16
0  1.01e+07 4672.01 |
成功率：99.3%, 提交量大于阈值的概率：0.08930%, 超供率：92.6%, 超供程度：54.2%, 超供平均值：3.7, 方差：180.4
0  1.01e+07 4672.01 | 4672.01    0.0   2886     0 |    1.61   8.18   0.11  -1.15
0  1.01e+07 4672.01 | 4663.97    0.0   2886     0 |    1.61   7.40   0.12  -1.16
0  1.02e+07 4672.01 | 4665.89    0.0   2886     0 |    1.61   7.37   0.03  -1.15
0  1.02e+07 4675.64 |
成功率：99.3%, 提交量大于阈值的概率：0.09384%, 超供率：92.6%, 超供程度：53.9%, 超供平均值：3.6, 方差：181.9
0  1.02e+07 4675.64 | 4675.64    0.0   2886     0 |    1.61   9.82  -0.06  -1.15
0  1.03e+07 4677.82 |
成功率：99.3%, 提交量大于阈值的概率：0.09386%, 超供率：92.5%, 超供程度：53.7%, 超供平均值：3.6, 方差：181.7
0  1.03e+07 4677.82 | 4677.82    0.0   2886     0 |    1.62   7.98   0.04  -1.15
0  1.03e+07 4677.82 | 4655.11    0.0   2886     0 |    1.61   7.60  -0.01  -1.16
0  1.04e+07 4677.82 | 4655.70    0.0   2886     0 |    1.61   6.88   0.06  -1.16
0  1.04e+07 4677.82 | 4636.91    0.0   2886     0 |    1.61   7.86   0.01  -1.15
0  1.05e+07 4677.82 | 4651.96    0.0   2886     0 |    1.61   7.41   0.09  -1.16
0  1.06e+07 4677.82 | 4649.77    0.0   2886     0 |    1.61   7.04   0.09  -1.16
0  1.06e+07 4677.82 | 4610.37    0.0   2886     0 |    1.59   8.23   0.09  -1.17
0  1.07e+07 4677.82 | 4608.60    0.0   2886     0 |    1.59   7.39   0.06  -1.16
0  1.08e+07 4677.82 | 4586.50    0.0   2886     0 |    1.58   7.41  -0.01  -1.16
0  1.08e+07 4677.82 | 4575.83    0.0   2886     0 |    1.58   7.88   0.07  -1.17
0  1.09e+07 4677.82 | 4562.59    0.0   2886     0 |    1.57   7.67   0.12  -1.17
0  1.10e+07 4677.82 | 4564.96    0.0   2885     0 |    1.57   7.69   0.05  -1.17
0  1.10e+07 4677.82 | 4582.79    0.0   2886     0 |    1.57   7.69  -0.01  -1.18
0  1.11e+07 4677.82 | 4574.36    0.0   2886     0 |    1.57   7.43   0.01  -1.17
0  1.12e+07 4677.82 | 4578.11    0.0   2886     0 |    1.57   7.53   0.06  -1.17
0  1.12e+07 4677.82 | 4612.43    0.0   2886     0 |    1.58   7.52   0.12  -1.16
0  1.13e+07 4677.82 | 4617.42    0.0   2886     0 |    1.59   8.37   0.03  -1.16
0  1.14e+07 4677.82 | 4612.50    0.0   2886     0 |    1.59   7.59   0.17  -1.17
0  1.15e+07 4677.82 | 4639.28    0.0   2886     0 |    1.60   7.59   0.10  -1.17
0  1.15e+07 4677.82 | 4646.83    0.0   2886     0 |    1.60   8.48   0.07  -1.16
0  1.16e+07 4677.82 | 4641.31    0.0   2886     0 |    1.60   7.19   0.01  -1.17
0  1.17e+07 4677.82 | 4646.04    0.0   2886     0 |    1.61   6.67  -0.00  -1.17
0  1.17e+07 4677.82 | 4611.55    0.0   2886     0 |    1.59   7.83   0.02  -1.18
0  1.18e+07 4677.82 | 4624.31    0.0   2886     0 |    1.59   7.37  -0.02  -1.18
0  1.18e+07 4677.82 | 4612.09    0.0   2886     0 |    1.58   8.53   0.12  -1.17
0  1.19e+07 4677.82 | 4605.23    0.0   2886     0 |    1.58   8.03   0.06  -1.17
0  1.20e+07 4677.82 | 4605.93    0.0   2886     0 |    1.59   7.28   0.09  -1.16
0  1.20e+07 4677.82 | 4601.68    0.0   2886     0 |    1.58   7.92   0.10  -1.17
0  1.21e+07 4677.82 | 4613.26    0.0   2886     0 |    1.59   7.54   0.09  -1.17
0  1.22e+07 4677.82 | 4621.72    0.0   2886     0 |    1.59   7.48  -0.01  -1.16
0  1.22e+07 4677.82 | 4625.08    0.0   2886     0 |    1.59   7.07   0.07  -1.16
0  1.23e+07 4677.82 | 4624.28    0.0   2886     0 |    1.59   7.18   0.07  -1.17
0  1.24e+07 4677.82 | 4613.46    0.0   2886     0 |    1.59   8.44  -0.01  -1.17
0  1.25e+07 4677.82 | 4613.70    0.0   2886     0 |    1.59   7.77   0.02  -1.17
0  1.25e+07 4677.82 | 4612.86    0.0   2886     0 |    1.59   8.07   0.08  -1.17
0  1.26e+07 4677.82 | 4617.02    0.0   2886     0 |    1.59   7.86   0.12  -1.17
0  1.27e+07 4677.82 | 4618.07    0.0   2885     0 |    1.59   8.99   0.08  -1.17
0  1.27e+07 4677.82 | 4629.29    0.0   2885     0 |    1.59   7.97   0.06  -1.17
0  1.28e+07 4677.82 | 4643.85    0.0   2886     0 |    1.60   7.80  -0.01  -1.16
0  1.29e+07 4677.82 | 4660.94    0.0   2886     0 |    1.61   8.68   0.08  -1.16
0  1.29e+07 4677.82 | 4676.50    0.0   2886     0 |    1.61   8.94   0.11  -1.16
0  1.30e+07 4677.82 | 4670.13    0.0   2886     0 |    1.61   8.48   0.04  -1.16
0  1.31e+07 4677.82 | 4668.48    0.0   2886     0 |    1.61   8.08   0.05  -1.17
0  1.31e+07 4696.02 |
成功率：99.9%, 提交量大于阈值的概率：0.06430%, 超供率：91.5%, 超供程度：60.2%, 超供平均值：4.1, 方差：181.7
0  1.31e+07 4696.02 | 4696.02    0.0   2886     0 |    1.62   7.00   0.04  -1.16
0  1.32e+07 4696.02 | 4690.82    0.0   2886     0 |    1.61   7.78   0.09  -1.16
0  1.32e+07 4703.69 |
成功率：99.9%, 提交量大于阈值的概率：0.05524%, 超供率：91.2%, 超供程度：60.0%, 超供平均值：4.1, 方差：181.6
0  1.32e+07 4703.69 | 4703.69    0.0   2886     0 |    1.62   8.01   0.08  -1.16
0  1.33e+07 4705.56 |
成功率：99.9%, 提交量大于阈值的概率：0.05525%, 超供率：91.1%, 超供程度：59.5%, 超供平均值：4.0, 方差：180.9
0  1.33e+07 4705.56 | 4705.56    0.0   2886     0 |    1.62   8.31  -0.09  -1.17
0  1.33e+07 4721.06 |
成功率：99.9%, 提交量大于阈值的概率：0.05705%, 超供率：90.9%, 超供程度：58.4%, 超供平均值：4.0, 方差：179.7
0  1.33e+07 4721.06 | 4721.06    0.0   2886     0 |    1.62   8.13   0.11  -1.17
0  1.34e+07 4733.52 |
成功率：99.9%, 提交量大于阈值的概率：0.05976%, 超供率：90.2%, 超供程度：57.0%, 超供平均值：3.9, 方差：180.6
0  1.34e+07 4733.52 | 4733.52    0.0   2886     0 |    1.63   7.07   0.07  -1.16
0  1.34e+07 4733.52 | 4731.10    0.0   2886     0 |    1.63   7.67   0.01  -1.16
0  1.35e+07 4756.60 |
成功率：99.9%, 提交量大于阈值的概率：0.07516%, 超供率：88.7%, 超供程度：53.7%, 超供平均值：3.6, 方差：180.3
0  1.35e+07 4756.60 | 4756.60    0.0   2886     0 |    1.64   7.72   0.07  -1.16
0  1.35e+07 4766.38 |
成功率：99.9%, 提交量大于阈值的概率：0.07513%, 超供率：88.3%, 超供程度：52.8%, 超供平均值：3.6, 方差：180.8
0  1.35e+07 4766.38 | 4766.38    0.0   2886     0 |    1.64   7.20  -0.00  -1.16
0  1.36e+07 4768.06 |
成功率：99.9%, 提交量大于阈值的概率：0.07332%, 超供率：88.5%, 超供程度：53.0%, 超供平均值：3.6, 方差：181.3
0  1.36e+07 4768.06 | 4768.06    0.0   2886     0 |    1.64   9.00   0.07  -1.16
0  1.36e+07 4779.40 |
成功率：99.9%, 提交量大于阈值的概率：0.07333%, 超供率：88.7%, 超供程度：53.0%, 超供平均值：3.6, 方差：180.7
0  1.36e+07 4779.40 | 4779.40    0.0   2886     0 |    1.65   7.44   0.08  -1.15
0  1.36e+07 4779.40 | 4776.05    0.0   2885     0 |    1.65   7.48  -0.04  -1.15
0  1.37e+07 4779.40 | 4765.23    0.0   2885     0 |    1.64   9.17   0.01  -1.16
0  1.38e+07 4779.40 | 4774.35    0.0   2885     0 |    1.65   8.55   0.09  -1.16
0  1.38e+07 4780.31 |
成功率：99.9%, 提交量大于阈值的概率：0.08057%, 超供率：88.6%, 超供程度：52.6%, 超供平均值：3.6, 方差：182.1
0  1.38e+07 4780.31 | 4780.31    0.0   2885     0 |    1.65   8.19   0.09  -1.18
0  1.39e+07 4780.31 | 4775.21    0.0   2885     0 |    1.64   8.49   0.07  -1.17
0  1.39e+07 4780.31 | 4777.63    0.0   2885     0 |    1.65   8.10   0.11  -1.17
0  1.40e+07 4780.31 | 4768.83    0.0   2885     0 |    1.64   7.54   0.17  -1.16
0  1.41e+07 4780.31 | 4763.56    0.0   2885     0 |    1.64   8.41   0.19  -1.15
0  1.41e+07 4780.31 | 4764.46    0.0   2885     0 |    1.64   7.01   0.07  -1.16
0  1.42e+07 4780.31 | 4759.13    0.0   2885     0 |    1.64   7.22   0.08  -1.16
0  1.43e+07 4780.31 | 4764.11    0.0   2885     0 |    1.64   6.66   0.15  -1.16
0  1.43e+07 4780.31 | 4777.12    0.0   2886     0 |    1.64   7.17   0.06  -1.15
0  1.44e+07 4780.31 | 4778.60    0.0   2886     0 |    1.65   7.93   0.01  -1.16
0  1.45e+07 4780.31 | 4774.69    0.0   2885     0 |    1.65   6.97   0.12  -1.15
0  1.45e+07 4781.13 |
成功率：99.9%, 提交量大于阈值的概率：0.08333%, 超供率：88.0%, 超供程度：51.3%, 超供平均值：3.5, 方差：186.3
0  1.45e+07 4781.13 | 4781.13    0.0   2886     0 |    1.65   6.99   0.12  -1.16
0  1.46e+07 4783.57 |
成功率：99.8%, 提交量大于阈值的概率：0.08154%, 超供率：87.9%, 超供程度：51.2%, 超供平均值：3.5, 方差：185.1
0  1.46e+07 4783.57 | 4783.57    0.0   2886     0 |    1.65   6.84   0.14  -1.16
0  1.46e+07 4783.57 | 4782.40    0.0   2886     0 |    1.65   6.86   0.01  -1.15
0  1.47e+07 4783.57 | 4773.16    0.0   2885     0 |    1.65   8.32   0.17  -1.16
0  1.47e+07 4797.97 |
成功率：99.9%, 提交量大于阈值的概率：0.08966%, 超供率：88.4%, 超供程度：50.8%, 超供平均值：3.5, 方差：184.1
0  1.47e+07 4797.97 | 4797.97    0.0   2886     0 |    1.65   7.27   0.12  -1.16
0  1.48e+07 4801.39 |
成功率：99.8%, 提交量大于阈值的概率：0.08516%, 超供率：88.1%, 超供程度：50.1%, 超供平均值：3.4, 方差：183.1
0  1.48e+07 4801.39 | 4801.39    0.0   2886     0 |    1.66   7.41   0.05  -1.16
0  1.48e+07 4801.39 | 4793.70    0.0   2886     0 |    1.65   7.90   0.08  -1.17
0  1.49e+07 4801.39 | 4798.54    0.0   2886     0 |    1.65   6.67   0.05  -1.17
0  1.49e+07 4801.39 | 4795.32    0.0   2886     0 |    1.65   7.04   0.12  -1.17
0  1.50e+07 4801.39 | 4792.88    0.0   2886     0 |    1.65   6.71   0.03  -1.17
0  1.51e+07 4801.39 | 4776.87    0.0   2886     0 |    1.64   7.79   0.18  -1.17
0  1.51e+07 4801.39 | 4765.19    0.0   2886     0 |    1.64   8.14   0.04  -1.16
0  1.52e+07 4801.39 | 4772.18    0.0   2886     0 |    1.64   7.64   0.10  -1.16
0  1.53e+07 4801.39 | 4762.54    0.0   2886     0 |    1.64   6.14  -0.02  -1.18
0  1.53e+07 4801.39 | 4745.44    0.0   2886     0 |    1.63   6.85   0.03  -1.17
0  1.54e+07 4801.39 | 4752.75    0.0   2886     0 |    1.63   8.00   0.05  -1.17
0  1.54e+07 4801.39 | 4723.14    0.0   2886     0 |    1.62   8.79   0.08  -1.16
0  1.55e+07 4801.39 | 4730.19    0.0   2886     0 |    1.63   6.77   0.22  -1.16
0  1.56e+07 4801.39 | 4719.80    0.0   2886     0 |    1.62   7.12  -0.00  -1.16
0  1.56e+07 4801.39 | 4729.58    0.0   2886     0 |    1.63   7.47   0.09  -1.16
0  1.57e+07 4801.39 | 4724.28    0.0   2886     0 |    1.63   8.41   0.11  -1.17
0  1.58e+07 4801.39 | 4723.28    0.0   2886     0 |    1.63   8.20   0.03  -1.15
0  1.58e+07 4801.39 | 4720.71    0.0   2885     0 |    1.63   6.96   0.10  -1.15
0  1.59e+07 4801.39 | 4712.06    0.0   2885     0 |    1.63   7.46   0.07  -1.16
0  1.60e+07 4801.39 | 4706.69    0.0   2885     0 |    1.62   7.64   0.10  -1.15
0  1.60e+07 4801.39 | 4711.53    0.0   2885     0 |    1.62   7.01   0.14  -1.16
0  1.61e+07 4801.39 | 4727.00    0.0   2886     0 |    1.63   7.17   0.05  -1.17
0  1.61e+07 4801.39 | 4722.00    0.0   2885     0 |    1.62   7.75  -0.03  -1.17
0  1.62e+07 4801.39 | 4727.23    0.0   2885     0 |    1.62   7.48   0.04  -1.16
0  1.63e+07 4801.39 | 4714.25    0.0   2885     0 |    1.62   7.15  -0.03  -1.17
0  1.64e+07 4801.39 | 4703.51    0.0   2885     0 |    1.61   7.85   0.04  -1.16
0  1.64e+07 4801.39 | 4699.53    0.0   2885     0 |    1.62   8.46   0.03  -1.16
0  1.65e+07 4801.39 | 4718.68    0.0   2886     0 |    1.62   6.66   0.17  -1.16
0  1.66e+07 4801.39 | 4679.65    0.0   2885     0 |    1.61   6.67   0.09  -1.16
0  1.66e+07 4801.39 | 4695.77    0.0   2885     0 |    1.61   6.79   0.06  -1.16
0  1.67e+07 4801.39 | 4704.58    0.0   2885     0 |    1.62   6.68   0.14  -1.16
0  1.68e+07 4801.39 | 4717.27    0.0   2885     0 |    1.62   7.60   0.05  -1.16
0  1.68e+07 4801.39 | 4709.38    0.0   2885     0 |    1.62   8.06  -0.00  -1.16
0  1.69e+07 4801.39 | 4719.87    0.0   2885     0 |    1.63   7.08   0.17  -1.15
0  1.70e+07 4801.39 | 4727.26    0.0   2885     0 |    1.63   6.73   0.08  -1.15
0  1.70e+07 4801.39 | 4746.35    0.0   2886     0 |    1.63   6.12   0.14  -1.16
0  1.71e+07 4801.39 | 4745.06    0.0   2885     0 |    1.64   7.80   0.11  -1.16
0  1.72e+07 4801.39 | 4738.80    0.0   2885     0 |    1.63   7.55   0.17  -1.16
0  1.72e+07 4801.39 | 4733.77    0.0   2885     0 |    1.63   6.25   0.08  -1.16
0  1.73e+07 4801.39 | 4734.26    0.0   2885     0 |    1.63   8.31   0.04  -1.16
0  1.73e+07 4801.39 | 4749.10    0.0   2886     0 |    1.64   7.30   0.08  -1.16
0  1.74e+07 4801.39 | 4749.79    0.0   2886     0 |    1.64   8.55   0.05  -1.17
0  1.75e+07 4801.39 | 4753.45    0.0   2886     0 |    1.64   7.52   0.00  -1.16
0  1.75e+07 4801.39 | 4764.56    0.0   2886     0 |    1.64   7.03   0.06  -1.16
0  1.76e+07 4801.39 | 4753.43    0.0   2886     0 |    1.64   6.52   0.17  -1.16
0  1.77e+07 4801.39 | 4768.02    0.0   2886     0 |    1.64   6.96   0.20  -1.17
0  1.77e+07 4801.39 | 4770.03    0.0   2886     0 |    1.65   7.01   0.01  -1.16
0  1.78e+07 4801.39 | 4773.27    0.0   2886     0 |    1.64   8.50   0.06  -1.16
0  1.79e+07 4801.39 | 4772.27    0.0   2886     0 |    1.64   6.66   0.05  -1.16
0  1.79e+07 4801.39 | 4773.30    0.0   2885     0 |    1.65   8.88   0.08  -1.16
0  1.80e+07 4801.39 | 4771.15    0.0   2885     0 |    1.64   7.56  -0.00  -1.16
0  1.80e+07 4801.39 | 4780.08    0.0   2885     0 |    1.65   5.97   0.12  -1.16
0  1.81e+07 4801.39 | 4770.91    0.0   2885     0 |    1.65   6.36   0.12  -1.16
0  1.82e+07 4801.39 | 4766.12    0.0   2885     0 |    1.64   6.42   0.02  -1.17
0  1.82e+07 4801.39 | 4777.21    0.0   2885     0 |    1.65   6.33   0.08  -1.17
0  1.83e+07 4801.39 | 4765.60    0.0   2885     0 |    1.64   8.48   0.06  -1.17
0  1.84e+07 4801.39 | 4762.32    0.0   2885     0 |    1.64   7.56   0.06  -1.16
0  1.85e+07 4801.39 | 4753.96    0.0   2885     0 |    1.64   6.71   0.01  -1.16
0  1.85e+07 4801.39 | 4753.25    0.0   2885     0 |    1.64   6.77   0.09  -1.17
0  1.86e+07 4801.39 | 4757.16    0.0   2885     0 |    1.64   7.24   0.18  -1.16
0  1.87e+07 4801.39 | 4756.27    0.0   2885     0 |    1.64   7.44   0.08  -1.16
0  1.87e+07 4801.39 | 4779.08    0.0   2885     0 |    1.65   6.74   0.13  -1.17
0  1.88e+07 4801.39 | 4771.12    0.0   2885     0 |    1.65   7.53   0.08  -1.17
0  1.88e+07 4801.39 | 4776.15    0.0   2885     0 |    1.65   7.26   0.10  -1.17
0  1.89e+07 4801.39 | 4776.76    0.0   2885     0 |    1.65   6.89   0.12  -1.17
0  1.90e+07 4801.39 | 4794.48    0.0   2885     0 |    1.65   7.35  -0.05  -1.17
0  1.90e+07 4801.39 | 4793.71    0.0   2885     0 |    1.65   6.67   0.07  -1.17
0  1.91e+07 4801.39 | 4780.79    0.0   2885     0 |    1.65   7.60   0.17  -1.16
0  1.92e+07 4801.39 | 4777.28    0.0   2885     0 |    1.65   6.91   0.13  -1.15
0  1.92e+07 4816.34 |
成功率：99.9%, 提交量大于阈值的概率：0.09961%, 超供率：88.9%, 超供程度：49.2%, 超供平均值：3.3, 方差：197.3
0  1.92e+07 4816.34 | 4816.34    0.0   2885     0 |    1.66   6.34   0.18  -1.16
0  1.93e+07 4816.34 | 4807.68    0.0   2885     0 |    1.66   7.48   0.02  -1.16
0  1.93e+07 4816.34 | 4798.86    0.0   2885     0 |    1.65   8.08   0.01  -1.16
0  1.94e+07 4816.34 | 4799.61    0.0   2885     0 |    1.66   7.80  -0.00  -1.17
0  1.95e+07 4816.34 | 4797.98    0.0   2885     0 |    1.65   7.75   0.06  -1.17
0  1.95e+07 4816.34 | 4810.90    0.0   2885     0 |    1.66   6.79   0.08  -1.17
0  1.96e+07 4816.34 | 4812.93    0.0   2885     0 |    1.66   7.58   0.07  -1.17
0  1.97e+07 4816.34 | 4803.43    0.0   2885     0 |    1.65   6.61   0.08  -1.17
0  1.97e+07 4816.34 | 4794.44    0.0   2885     0 |    1.65   5.98   0.03  -1.17
0  1.98e+07 4816.34 | 4805.61    0.0   2885     0 |    1.66   7.07   0.14  -1.17
0  1.99e+07 4816.34 | 4805.83    0.0   2885     0 |    1.66   8.97   0.01  -1.16
0  1.99e+07 4816.34 | 4812.30    0.0   2885     0 |    1.66   7.75   0.06  -1.16
0  2.00e+07 4822.46 |
成功率：99.8%, 提交量大于阈值的概率：0.09880%, 超供率：87.8%, 超供程度：48.1%, 超供平均值：3.3, 方差：200.8
0  2.00e+07 4822.46 | 4822.46    0.0   2885     0 |    1.66   6.59   0.22  -1.16
0  2.00e+07 4822.61 |
成功率：99.8%, 提交量大于阈值的概率：0.10152%, 超供率：87.8%, 超供程度：48.1%, 超供平均值：3.3, 方差：201.0
0  2.00e+07 4822.61 | 4822.61    0.0   2885     0 |    1.66   7.16   0.10  -1.17
0  2.01e+07 4822.61 | 4811.12    0.0   2885     0 |    1.66   7.70   0.12  -1.16
0  2.01e+07 4822.61 | 4805.12    0.0   2885     0 |    1.66   6.73   0.17  -1.17
0  2.02e+07 4842.84 |
成功率：99.8%, 提交量大于阈值的概率：0.09426%, 超供率：86.2%, 超供程度：46.3%, 超供平均值：3.2, 方差：198.0
0  2.02e+07 4842.84 | 4842.84    0.0   2885     0 |    1.67   8.27   0.06  -1.17
0  2.02e+07 4847.73 |
成功率：99.8%, 提交量大于阈值的概率：0.09333%, 超供率：86.3%, 超供程度：46.3%, 超供平均值：3.1, 方差：196.3
0  2.02e+07 4847.73 | 4847.73    0.0   2885     0 |    1.67   8.40   0.12  -1.17
0  2.03e+07 4847.73 | 4839.72    0.0   2885     0 |    1.67   7.84   0.02  -1.17
0  2.03e+07 4864.09 |
成功率：99.8%, 提交量大于阈值的概率：0.09603%, 超供率：85.3%, 超供程度：44.6%, 超供平均值：3.0, 方差：197.7
0  2.03e+07 4864.09 | 4864.09    0.0   2885     0 |    1.68   6.45   0.04  -1.17
0  2.04e+07 4864.09 | 4863.02    0.0   2885     0 |    1.68   7.65  -0.01  -1.17
0  2.04e+07 4864.09 | 4856.04    0.0   2886     0 |    1.68   8.00   0.06  -1.17
0  2.05e+07 4864.09 | 4842.02    0.0   2886     0 |    1.67   6.79   0.12  -1.17
0  2.06e+07 4864.09 | 4848.74    0.0   2885     0 |    1.67   6.44   0.10  -1.17
0  2.06e+07 4864.09 | 4857.35    0.0   2885     0 |    1.68   7.74  -0.04  -1.16
0  2.07e+07 4902.54 |
成功率：99.9%, 提交量大于阈值的概率：0.10681%, 超供率：84.3%, 超供程度：39.6%, 超供平均值：2.7, 方差：201.8
0  2.07e+07 4902.54 | 4902.54    0.0   2886     0 |    1.69   7.45   0.23  -1.16
0  2.07e+07 4903.17 |
成功率：99.9%, 提交量大于阈值的概率：0.10500%, 超供率：84.1%, 超供程度：39.5%, 超供平均值：2.7, 方差：203.2
0  2.07e+07 4903.17 | 4903.17    0.0   2886     0 |    1.69   7.43  -0.06  -1.15
0  2.08e+07 4903.17 | 4900.96    0.0   2886     0 |    1.70   6.20   0.18  -1.16
0  2.08e+07 4941.54 |
成功率：99.9%, 提交量大于阈值的概率：0.11494%, 超供率：81.2%, 超供程度：34.7%, 超供平均值：2.4, 方差：207.5
0  2.08e+07 4941.54 | 4941.54    0.0   2886     0 |    1.71   7.26   0.04  -1.16
0  2.09e+07 4948.53 |
成功率：100.0%, 提交量大于阈值的概率：0.11221%, 超供率：81.1%, 超供程度：34.2%, 超供平均值：2.3, 方差：207.8
0  2.09e+07 4948.53 | 4948.53    0.0   2886     0 |    1.71   7.87   0.03  -1.15
0  2.09e+07 4948.53 | 4929.02    0.0   2886     0 |    1.71   6.32  -0.05  -1.15
0  2.10e+07 4948.53 | 4934.61    0.0   2886     0 |    1.71   6.65   0.05  -1.16
0  2.10e+07 4948.53 | 4933.00    0.0   2886     0 |    1.71   7.04   0.04  -1.16
0  2.11e+07 4948.53 | 4945.90    0.0   2886     0 |    1.71   6.18   0.04  -1.15
0  2.12e+07 4949.83 |
成功率：100.0%, 提交量大于阈值的概率：0.13664%, 超供率：77.2%, 超供程度：29.9%, 超供平均值：2.0, 方差：213.3
0  2.12e+07 4949.83 | 4949.83    0.0   2886     0 |    1.71   6.24   0.03  -1.14
0  2.12e+07 4957.11 |
成功率：100.0%, 提交量大于阈值的概率：0.13483%, 超供率：77.1%, 超供程度：29.8%, 超供平均值：2.0, 方差：212.4
0  2.12e+07 4957.11 | 4957.11    0.0   2887     0 |    1.71   6.55   0.17  -1.14
0  2.12e+07 4957.11 | 4952.83    0.0   2887     0 |    1.71   5.54   0.11  -1.14
0  2.13e+07 4979.61 |
成功率：100.0%, 提交量大于阈值的概率：0.11130%, 超供率：80.0%, 超供程度：33.8%, 超供平均值：2.3, 方差：205.6
0  2.13e+07 4979.61 | 4979.61    0.0   2886     0 |    1.72   6.50   0.04  -1.14
0  2.13e+07 4979.61 | 4979.38    0.0   2886     0 |    1.72   6.67   0.04  -1.14
0  2.14e+07 4979.61 | 4979.09    0.0   2886     0 |    1.72   5.90   0.05  -1.15
0  2.15e+07 4979.61 | 4966.44    0.0   2886     0 |    1.72   7.43   0.10  -1.15
0  2.15e+07 4979.61 | 4958.01    0.0   2886     0 |    1.71   5.81   0.05  -1.15
0  2.16e+07 4979.61 | 4970.79    0.0   2886     0 |    1.72   6.21   0.04  -1.15
0  2.17e+07 4979.61 | 4969.68    0.0   2886     0 |    1.72   5.67   0.15  -1.14
0  2.17e+07 4979.61 | 4970.81    0.0   2886     0 |    1.72   8.35   0.03  -1.14
0  2.18e+07 4979.61 | 4963.61    0.0   2886     0 |    1.72   8.23   0.03  -1.14
0  2.18e+07 4979.61 | 4970.48    0.0   2886     0 |    1.72   6.92   0.10  -1.14
0  2.19e+07 4979.61 | 4963.55    0.0   2886     0 |    1.72   6.72   0.16  -1.14
0  2.20e+07 4979.61 | 4961.62    0.0   2886     0 |    1.72   6.28   0.11  -1.14
0  2.20e+07 4979.61 | 4960.98    0.0   2886     0 |    1.72   6.16   0.09  -1.15
0  2.21e+07 4979.61 | 4960.40    0.0   2886     0 |    1.72   7.14   0.14  -1.15
0  2.22e+07 4979.61 | 4962.52    0.0   2886     0 |    1.72   6.51   0.08  -1.15
0  2.22e+07 4979.61 | 4963.29    0.0   2886     0 |    1.72   7.99   0.01  -1.16
0  2.23e+07 4979.61 | 4968.87    0.0   2886     0 |    1.72   7.25   0.05  -1.16
0  2.23e+07 4979.61 | 4971.08    0.0   2886     0 |    1.72   7.38   0.09  -1.16
