################################################################################
ID     Step    maxR |    avgR   stdR   avgS  stdS |    expR   objC   etc.
0  5.77e+03 4237.39 |
成功率：98.6%, 提交量大于阈值的概率：0.12838%, 超供率：96.0%, 超供程度：83.6%, 超供平均值：5.7, 方差：197.5
0  5.77e+03 4237.39 | 4237.39    0.0   2886     0 |    1.39   0.49   0.04  -0.50
0  3.46e+04 4381.07 |
成功率：99.5%, 提交量大于阈值的概率：0.07815%, 超供率：97.2%, 超供程度：84.9%, 超供平均值：5.7, 方差：198.3
0  3.46e+04 4381.07 | 4381.07    0.0   2885     0 |    1.43   0.39   0.05  -0.51
0  6.35e+04 4414.87 |
成功率：99.5%, 提交量大于阈值的概率：0.03180%, 超供率：97.7%, 超供程度：85.0%, 超供平均值：5.7, 方差：194.7
0  6.35e+04 4414.87 | 4414.87    0.0   2886     0 |    1.46   0.40  -0.08  -0.53
0  9.23e+04 4426.51 |
成功率：99.6%, 提交量大于阈值的概率：0.01816%, 超供率：97.9%, 超供程度：85.3%, 超供平均值：5.7, 方差：199.3
0  9.23e+04 4426.51 | 4426.51    0.0   2886     0 |    1.47   0.36   0.06  -0.54
0  1.21e+05 4426.51 | 4420.97    0.0   2885     0 |    1.48   0.41  -0.06  -0.55
0  1.79e+05 4426.51 | 4423.47    0.0   2885     0 |    1.49   0.38   0.13  -0.58
0  2.37e+05 4428.09 |
成功率：99.7%, 提交量大于阈值的概率：0.00726%, 超供率：97.9%, 超供程度：86.7%, 超供平均值：5.8, 方差：209.7
0  2.37e+05 4428.09 | 4428.09    0.0   2884     0 |    1.50   0.46  -0.00  -0.61
0  2.65e+05 4429.51 |
成功率：99.8%, 提交量大于阈值的概率：0.00634%, 超供率：98.1%, 超供程度：87.3%, 超供平均值：5.8, 方差：211.8
0  2.65e+05 4429.51 | 4429.51    0.0   2884     0 |    1.51   0.45  -0.01  -0.61
0  2.94e+05 4429.51 | 4424.44    0.0   2884     0 |    1.50   0.46   0.11  -0.62
0  3.52e+05 4429.51 | 4424.52    0.0   2884     0 |    1.51   0.51  -0.04  -0.64
0  4.10e+05 4429.51 | 4424.91    0.0   2884     0 |    1.51   0.51  -0.09  -0.67
0  4.67e+05 4429.51 | 4426.83    0.0   2885     0 |    1.52   0.51  -0.02  -0.69
0  5.25e+05 4429.51 | 4428.84    0.0   2884     0 |    1.52   0.49   0.02  -0.71
0  5.83e+05 4429.51 | 4428.59    0.0   2885     0 |    1.52   0.54  -0.01  -0.73
0  6.40e+05 4429.51 | 4426.08    0.0   2885     0 |    1.52   0.46   0.09  -0.75
0  6.98e+05 4429.51 | 4416.95    0.0   2885     0 |    1.52   0.49   0.11  -0.77
0  7.56e+05 4429.51 | 4419.62    0.0   2883     0 |    1.52   0.56   0.07  -0.78
0  8.13e+05 4429.51 | 4415.98    0.0   2883     0 |    1.51   0.57   0.00  -0.80
0  8.71e+05 4429.51 | 4415.20    0.0   2883     0 |    1.52   0.50  -0.02  -0.82
0  9.29e+05 4429.51 | 4417.40    0.0   2883     0 |    1.52   0.53  -0.12  -0.83
0  9.86e+05 4429.51 | 4415.58    0.0   2884     0 |    1.51   0.55   0.02  -0.84
0  1.04e+06 4468.00 |
成功率：99.8%, 提交量大于阈值的概率：0.01723%, 超供率：92.9%, 超供程度：82.4%, 超供平均值：5.5, 方差：221.1
0  1.04e+06 4468.00 | 4468.00    0.0   2887     0 |    1.54   0.47   0.04  -0.84
0  1.07e+06 4468.00 | 4428.67    0.0   2886     0 |    1.53   0.51   0.06  -0.85
0  1.13e+06 4468.00 | 4426.87    0.0   2886     0 |    1.53   0.52   0.03  -0.86
0  1.19e+06 4468.00 | 4430.23    0.0   2885     0 |    1.53   0.51   0.16  -0.87
0  1.25e+06 4468.00 | 4425.96    0.0   2886     0 |    1.53   0.43   0.08  -0.88
0  1.30e+06 4468.00 | 4427.87    0.0   2886     0 |    1.52   0.59   0.03  -0.89
0  1.36e+06 4468.00 | 4423.57    0.0   2886     0 |    1.52   0.52  -0.03  -0.91
0  1.42e+06 4468.00 | 4416.56    0.0   2884     0 |    1.52   0.47   0.06  -0.92
0  1.48e+06 4468.00 | 4426.84    0.0   2883     0 |    1.52   0.49   0.02  -0.94
0  1.53e+06 4468.00 | 4422.84    0.0   2883     0 |    1.52   0.56   0.07  -0.96
0  1.59e+06 4468.00 | 4423.20    0.0   2885     0 |    1.53   0.49   0.04  -0.97
0  1.65e+06 4468.00 | 4425.64    0.0   2885     0 |    1.53   0.52   0.03  -1.00
0  1.71e+06 4468.00 | 4418.27    0.0   2883     0 |    1.53   0.57  -0.09  -1.01
0  1.77e+06 4468.00 | 4419.82    0.0   2883     0 |    1.52   0.54   0.15  -1.02
0  1.82e+06 4468.00 | 4413.82    0.0   2883     0 |    1.52   0.53  -0.09  -1.03
0  1.88e+06 4468.00 | 4420.40    0.0   2884     0 |    1.53   0.51   0.04  -1.04
0  1.94e+06 4468.00 | 4423.23    0.0   2883     0 |    1.53   0.46   0.05  -1.05
0  2.00e+06 4468.00 | 4414.00    0.0   2883     0 |    1.52   0.57   0.15  -1.06
0  2.05e+06 4468.00 | 4416.13    0.0   2884     0 |    1.53   0.51   0.07  -1.08
0  2.11e+06 4468.00 | 4410.39    0.0   2884     0 |    1.52   0.50  -0.07  -1.09
0  2.17e+06 4468.00 | 4418.51    0.0   2885     0 |    1.53   0.48  -0.00  -1.10
0  2.23e+06 4468.00 | 4399.69    0.0   2883     0 |    1.53   0.53  -0.01  -1.10
0  2.28e+06 4468.00 | 4410.26    0.0   2886     0 |    1.52   0.52   0.18  -1.12
0  2.34e+06 4468.00 | 4407.38    0.0   2883     0 |    1.52   0.53   0.10  -1.13
0  2.40e+06 4468.00 | 4409.78    0.0   2883     0 |    1.53   0.56   0.11  -1.14
0  2.46e+06 4468.00 | 4402.73    0.0   2883     0 |    1.52   0.50  -0.02  -1.15
0  2.52e+06 4468.00 | 4415.77    0.0   2885     0 |    1.53   0.51   0.11  -1.16
0  2.57e+06 4468.00 | 4413.12    0.0   2883     0 |    1.53   0.56   0.06  -1.17
0  2.63e+06 4468.00 | 4414.65    0.0   2885     0 |    1.53   0.51  -0.03  -1.16
0  2.69e+06 4468.00 | 4411.81    0.0   2887     0 |    1.53   0.48   0.01  -1.18
0  2.75e+06 4468.00 | 4412.67    0.0   2885     0 |    1.52   0.56   0.04  -1.16
0  2.80e+06 4468.00 | 4412.10    0.0   2887     0 |    1.53   0.56   0.03  -1.16
0  2.86e+06 4468.00 | 4412.54    0.0   2887     0 |    1.52   0.45   0.00  -1.17
0  2.92e+06 4468.00 | 4408.76    0.0   2883     0 |    1.52   0.48   0.12  -1.17
0  2.98e+06 4468.00 | 4408.13    0.0   2883     0 |    1.52   0.49   0.11  -1.18
0  3.03e+06 4468.00 | 4415.85    0.0   2886     0 |    1.53   0.46   0.08  -1.17
0  3.09e+06 4468.00 | 4407.96    0.0   2883     0 |    1.52   0.45   0.02  -1.18
0  3.15e+06 4468.00 | 4399.25    0.0   2883     0 |    1.52   0.60  -0.22  -1.18
0  3.21e+06 4468.00 | 4401.23    0.0   2883     0 |    1.52   0.56   0.09  -1.19
0  3.27e+06 4468.00 | 4401.08    0.0   2883     0 |    1.52   0.49  -0.06  -1.18
0  3.32e+06 4468.00 | 4403.12    0.0   2883     0 |    1.52   0.52   0.00  -1.17
0  3.38e+06 4468.00 | 4400.59    0.0   2883     0 |    1.52   0.44   0.02  -1.17
0  3.44e+06 4468.00 | 4402.77    0.0   2883     0 |    1.52   0.52  -0.01  -1.17
0  3.50e+06 4468.00 | 4402.12    0.0   2883     0 |    1.52   0.56   0.08  -1.17
0  3.55e+06 4468.00 | 4399.05    0.0   2883     0 |    1.52   0.57  -0.02  -1.18
0  3.61e+06 4468.00 | 4377.04    0.0   2883     0 |    1.52   0.43  -0.06  -1.17
0  3.67e+06 4468.00 | 4401.58    0.0   2883     0 |    1.52   0.54  -0.07  -1.17
0  3.73e+06 4468.00 | 4407.56    0.0   2883     0 |    1.52   0.46   0.10  -1.17
0  3.78e+06 4468.00 | 4402.03    0.0   2883     0 |    1.52   0.56   0.09  -1.17
0  3.84e+06 4468.00 | 4399.65    0.0   2883     0 |    1.52   0.43  -0.02  -1.18
0  3.90e+06 4468.00 | 4402.48    0.0   2883     0 |    1.52   0.49   0.06  -1.17
0  3.96e+06 4468.00 | 4397.28    0.0   2883     0 |    1.52   0.56  -0.01  -1.17
0  4.01e+06 4468.00 | 4402.33    0.0   2883     0 |    1.52   0.48   0.04  -1.18
0  4.07e+06 4468.00 | 4389.58    0.0   2883     0 |    1.52   0.59  -0.10  -1.17
0  4.13e+06 4468.00 | 4410.96    0.0   2883     0 |    1.52   0.54   0.01  -1.17
0  4.19e+06 4468.00 | 4406.23    0.0   2883     0 |    1.52   0.51   0.03  -1.17
0  4.25e+06 4468.00 | 4393.41    0.0   2883     0 |    1.52   0.51   0.09  -1.19
0  4.30e+06 4468.00 | 4393.66    0.0   2883     0 |    1.52   0.53   0.06  -1.18
0  4.36e+06 4468.00 | 4401.69    0.0   2883     0 |    1.52   0.49   0.02  -1.18
0  4.42e+06 4468.00 | 4389.56    0.0   2883     0 |    1.52   0.54  -0.06  -1.19
0  4.48e+06 4468.00 | 4401.13    0.0   2883     0 |    1.52   0.48   0.06  -1.18
0  4.53e+06 4468.00 | 4398.64    0.0   2883     0 |    1.52   0.47  -0.05  -1.18
0  4.59e+06 4468.00 | 4398.58    0.0   2883     0 |    1.52   0.49   0.02  -1.17
0  4.65e+06 4468.00 | 4391.76    0.0   2884     0 |    1.52   0.48   0.08  -1.17
0  4.71e+06 4468.00 | 4399.15    0.0   2884     0 |    1.52   0.49  -0.05  -1.17
0  4.76e+06 4468.00 | 4404.28    0.0   2883     0 |    1.52   0.55  -0.05  -1.17
0  4.82e+06 4468.00 | 4396.93    0.0   2883     0 |    1.52   0.46   0.12  -1.17
0  4.88e+06 4468.00 | 4403.80    0.0   2883     0 |    1.52   0.57  -0.06  -1.17
0  4.94e+06 4468.00 | 4395.13    0.0   2883     0 |    1.52   0.52   0.12  -1.17
0  5.00e+06 4468.00 | 4399.61    0.0   2883     0 |    1.52   0.56  -0.05  -1.16
0  5.05e+06 4468.00 | 4403.11    0.0   2883     0 |    1.53   0.46  -0.03  -1.16
0  5.11e+06 4468.00 | 4402.04    0.0   2883     0 |    1.53   0.55  -0.02  -1.16
0  5.17e+06 4468.00 | 4410.26    0.0   2883     0 |    1.53   0.46  -0.06  -1.16
0  5.23e+06 4468.00 | 4407.71    0.0   2887     0 |    1.52   0.53   0.03  -1.16
0  5.28e+06 4468.00 | 4411.62    0.0   2887     0 |    1.52   0.52   0.00  -1.16
0  5.34e+06 4468.00 | 4387.80    0.0   2883     0 |    1.52   0.55   0.03  -1.17
0  5.40e+06 4468.00 | 4410.91    0.0   2887     0 |    1.53   0.43   0.00  -1.17
0  5.45e+06 4468.00 | 4400.62    0.0   2887     0 |    1.52   0.59  -0.09  -1.16
0  5.51e+06 4468.00 | 4404.15    0.0   2887     0 |    1.52   0.49  -0.02  -1.16
0  5.57e+06 4468.00 | 4407.01    0.0   2887     0 |    1.53   0.55   0.12  -1.16
0  5.62e+06 4483.65 |
成功率：100.0%, 提交量大于阈值的概率：0.06514%, 超供率：81.8%, 超供程度：76.2%, 超供平均值：5.0, 方差：242.4
0  5.62e+06 4483.65 | 4483.65    0.0   2887     0 |    1.55   0.46  -0.10  -1.17
0  5.65e+06 4483.65 | 4481.08    0.0   2887     0 |    1.55   0.50  -0.06  -1.17
0  5.70e+06 4483.65 | 4393.79    0.0   2887     0 |    1.52   0.53  -0.03  -1.16
0  5.76e+06 4483.65 | 4402.55    0.0   2887     0 |    1.53   0.54   0.09  -1.17
0  5.82e+06 4483.65 | 4404.94    0.0   2887     0 |    1.52   0.49  -0.05  -1.17
0  5.88e+06 4483.65 | 4405.25    0.0   2887     0 |    1.53   0.51   0.00  -1.17
0  5.94e+06 4483.65 | 4385.21    0.0   2884     0 |    1.51   0.55   0.16  -1.17
0  5.99e+06 4483.65 | 4404.38    0.0   2887     0 |    1.52   0.58   0.06  -1.17
0  6.05e+06 4483.65 | 4410.73    0.0   2887     0 |    1.53   0.50   0.01  -1.16
0  6.11e+06 4483.65 | 4387.72    0.0   2884     0 |    1.52   0.50  -0.03  -1.17
0  6.17e+06 4483.65 | 4396.25    0.0   2884     0 |    1.53   0.54   0.02  -1.17
0  6.22e+06 4483.65 | 4409.62    0.0   2887     0 |    1.53   0.48   0.04  -1.16
0  6.28e+06 4483.65 | 4410.40    0.0   2887     0 |    1.53   0.49   0.06  -1.15
0  6.33e+06 4483.65 | 4400.92    0.0   2884     0 |    1.52   0.58   0.06  -1.15
0  6.39e+06 4483.65 | 4399.45    0.0   2884     0 |    1.52   0.46   0.02  -1.16
0  6.45e+06 4483.65 | 4414.21    0.0   2887     0 |    1.53   0.43   0.02  -1.17
0  6.51e+06 4483.65 | 4375.52    0.0   2884     0 |    1.51   0.54   0.04  -1.16
0  6.56e+06 4483.65 | 4407.83    0.0   2887     0 |    1.54   0.47   0.01  -1.16
0  6.62e+06 4483.65 | 4406.84    0.0   2887     0 |    1.53   0.51  -0.02  -1.18
0  6.68e+06 4483.65 | 4254.17    0.0   2884     0 |    1.47   0.50   0.17  -1.17
0  6.74e+06 4483.65 | 4271.96    0.0   2884     0 |    1.48   0.47   0.01  -1.16
0  6.80e+06 4483.65 | 4272.29    0.0   2884     0 |    1.48   0.46   0.01  -1.17
0  6.85e+06 4483.65 | 4297.24    0.0   2884     0 |    1.49   0.51   0.01  -1.16
0  6.91e+06 4483.65 | 4310.58    0.0   2884     0 |    1.49   0.51   0.02  -1.17
0  6.97e+06 4483.65 | 4367.21    0.0   2887     0 |    1.50   0.61  -0.03  -1.16
0  7.03e+06 4483.65 | 4371.71    0.0   2887     0 |    1.51   0.46   0.02  -1.17
0  7.08e+06 4483.65 | 4417.82    0.0   2887     0 |    1.53   0.44   0.09  -1.17
0  7.14e+06 4483.65 | 4346.65    0.0   2884     0 |    1.50   0.56   0.21  -1.17
0  7.20e+06 4483.65 | 4371.88    0.0   2884     0 |    1.51   0.51  -0.06  -1.16
0  7.26e+06 4483.65 | 4383.40    0.0   2884     0 |    1.52   0.48  -0.02  -1.16
0  7.31e+06 4483.65 | 4385.48    0.0   2884     0 |    1.52   0.48   0.01  -1.16
0  7.37e+06 4483.65 | 4387.17    0.0   2884     0 |    1.52   0.48  -0.05  -1.16
0  7.43e+06 4483.65 | 4392.75    0.0   2883     0 |    1.52   0.53   0.14  -1.17
0  7.49e+06 4483.65 | 4397.11    0.0   2883     0 |    1.52   0.51   0.06  -1.17
0  7.55e+06 4483.65 | 4394.92    0.0   2883     0 |    1.52   0.50  -0.11  -1.17
0  7.60e+06 4483.65 | 4397.50    0.0   2883     0 |    1.52   0.46  -0.05  -1.16
0  7.66e+06 4483.65 | 4399.26    0.0   2883     0 |    1.52   0.49   0.05  -1.17
0  7.72e+06 4483.65 | 4401.68    0.0   2883     0 |    1.52   0.61  -0.08  -1.16
0  7.78e+06 4483.65 | 4404.38    0.0   2883     0 |    1.53   0.49   0.01  -1.15
0  7.83e+06 4483.65 | 4406.56    0.0   2882     0 |    1.53   0.50   0.06  -1.16
0  7.90e+06 4510.91 |
成功率：100.0%, 提交量大于阈值的概率：0.03799%, 超供率：86.7%, 超供程度：77.4%, 超供平均值：5.1, 方差：218.8
0  7.90e+06 4510.91 | 4510.91    0.0   2886     0 |    1.57   0.39  -0.01  -1.16
0  7.93e+06 4671.65 |
成功率：100.0%, 提交量大于阈值的概率：0.11399%, 超供率：60.3%, 超供程度：53.8%, 超供平均值：3.6, 方差：223.4
0  7.93e+06 4671.65 | 4671.65    0.0   2887     0 |    1.60   0.42   0.08  -1.16
0  7.96e+06 4879.63 |
成功率：100.0%, 提交量大于阈值的概率：0.18365%, 超供率：30.3%, 超供程度：26.3%, 超供平均值：1.8, 方差：232.0
0  7.96e+06 4879.63 | 4879.63    0.0   2887     0 |    1.69   0.19  -0.14  -1.16
0  7.99e+06 4879.63 | 4834.65    0.0   2887     0 |    1.67   0.20  -0.02  -1.17
0  8.05e+06 4912.79 |
成功率：100.0%, 提交量大于阈值的概率：0.19451%, 超供率：26.0%, 超供程度：22.5%, 超供平均值：1.5, 方差：235.5
0  8.05e+06 4912.79 | 4912.79    0.0   2887     0 |    1.70   0.16   0.04  -1.16
0  8.08e+06 4912.79 | 4911.89    0.0   2887     0 |    1.70   0.18  -0.06  -1.16
0  8.13e+06 4917.05 |
成功率：100.0%, 提交量大于阈值的概率：0.19720%, 超供率：25.1%, 超供程度：22.0%, 超供平均值：1.5, 方差：238.2
0  8.13e+06 4917.05 | 4917.05    0.0   2887     0 |    1.70   0.15  -0.05  -1.16
0  8.16e+06 4917.79 |
成功率：100.0%, 提交量大于阈值的概率：0.19269%, 超供率：26.4%, 超供程度：22.5%, 超供平均值：1.5, 方差：234.0
0  8.16e+06 4917.79 | 4917.79    0.0   2887     0 |    1.70   0.17  -0.07  -1.16
0  8.19e+06 4948.58 |
成功率：100.0%, 提交量大于阈值的概率：0.17822%, 超供率：30.1%, 超供程度：22.9%, 超供平均值：1.5, 方差：224.0
0  8.19e+06 4948.58 | 4948.58    0.0   2887     0 |    1.71   0.12  -0.05  -1.15
0  8.22e+06 4948.58 | 4936.26    0.0   2887     0 |    1.71   0.18  -0.11  -1.16
0  8.28e+06 4948.58 | 4921.23    0.0   2887     0 |    1.70   0.14   0.03  -1.15
0  8.34e+06 4948.58 | 4884.44    0.0   2887     0 |    1.69   0.18   0.01  -1.15
0  8.39e+06 4948.58 | 4518.45    0.0   2886     0 |    1.57   0.44   0.11  -1.14
0  8.45e+06 4948.58 | 4531.51    0.0   2886     0 |    1.57   0.42   0.04  -1.15
0  8.51e+06 4948.58 | 4744.38    0.0   2887     0 |    1.59   0.37   0.09  -1.15
0  8.57e+06 4948.58 | 4659.29    0.0   2886     0 |    1.60   0.43   0.06  -1.15
0  8.62e+06 4948.58 | 4456.71    0.0   2886     0 |    1.55   0.49  -0.09  -1.15
0  8.68e+06 4948.58 | 4446.08    0.0   2885     0 |    1.54   0.54   0.01  -1.15
0  8.74e+06 4948.58 | 4417.19    0.0   2885     0 |    1.53   0.47   0.01  -1.16
0  8.80e+06 4948.58 | 4428.96    0.0   2885     0 |    1.53   0.42  -0.10  -1.17
0  8.86e+06 4948.58 | 4403.29    0.0   2886     0 |    1.53   0.53   0.05  -1.17
0  8.91e+06 4948.58 | 4398.70    0.0   2887     0 |    1.54   0.39   0.01  -1.17
0  8.97e+06 4948.58 | 4408.54    0.0   2886     0 |    1.53   0.52  -0.02  -1.17
0  9.03e+06 4948.58 | 4404.47    0.0   2882     0 |    1.52   0.47  -0.02  -1.16
0  9.09e+06 4948.58 | 4407.94    0.0   2887     0 |    1.53   0.49  -0.04  -1.17
0  9.14e+06 4948.58 | 4389.19    0.0   2882     0 |    1.52   0.43   0.09  -1.17
0  9.20e+06 4948.58 | 4404.58    0.0   2887     0 |    1.52   0.51   0.09  -1.18
0  9.26e+06 4948.58 | 4398.50    0.0   2887     0 |    1.52   0.46   0.00  -1.17
0  9.32e+06 4948.58 | 4398.13    0.0   2887     0 |    1.52   0.45   0.07  -1.17
0  9.38e+06 4948.58 | 4397.85    0.0   2887     0 |    1.52   0.51  -0.01  -1.17
0  9.43e+06 4948.58 | 4402.35    0.0   2887     0 |    1.52   0.47  -0.14  -1.16
0  9.49e+06 4948.58 | 4402.32    0.0   2887     0 |    1.52   0.55   0.15  -1.16
0  9.55e+06 4948.58 | 4397.43    0.0   2887     0 |    1.52   0.50   0.08  -1.16
0  9.61e+06 4948.58 | 4446.03    0.0   2887     0 |    1.54   0.52   0.07  -1.15
0  9.66e+06 4948.58 | 4403.97    0.0   2887     0 |    1.52   0.49   0.04  -1.15
0  9.72e+06 4948.58 | 4404.28    0.0   2887     0 |    1.52   0.50  -0.00  -1.15
0  9.78e+06 4948.58 | 4486.66    0.0   2887     0 |    1.55   0.44   0.07  -1.16
0  9.84e+06 4948.58 | 4483.45    0.0   2887     0 |    1.55   0.47  -0.02  -1.17
0  9.89e+06 4948.58 | 4482.38    0.0   2887     0 |    1.55   0.41   0.04  -1.16
0  9.95e+06 4948.58 | 4399.27    0.0   2887     0 |    1.52   0.54   0.02  -1.16
0  1.00e+07 4948.58 | 4402.11    0.0   2887     0 |    1.52   0.55   0.04  -1.17
0  1.01e+07 4948.58 | 4387.88    0.0   2882     0 |    1.52   0.53  -0.04  -1.16
0  1.01e+07 4948.58 | 4386.37    0.0   2882     0 |    1.52   0.45   0.05  -1.15
0  1.02e+07 4948.58 | 4387.99    0.0   2882     0 |    1.52   0.50   0.00  -1.15
0  1.02e+07 4948.58 | 4391.44    0.0   2882     0 |    1.52   0.54   0.01  -1.16
0  1.03e+07 4948.58 | 4389.16    0.0   2882     0 |    1.52   0.50  -0.03  -1.16
0  1.04e+07 4948.58 | 4408.08    0.0   2887     0 |    1.53   0.53  -0.10  -1.17
0  1.04e+07 4948.58 | 4395.00    0.0   2882     0 |    1.52   0.47  -0.04  -1.17
0  1.05e+07 4948.58 | 4393.62    0.0   2882     0 |    1.52   0.48   0.06  -1.16
0  1.05e+07 4948.58 | 4700.50    0.0   2887     0 |    1.63   0.28  -0.05  -1.16
0  1.06e+07 4948.58 | 4681.10    0.0   2887     0 |    1.62   0.28  -0.12  -1.16
0  1.07e+07 4948.58 | 4654.41    0.0   2887     0 |    1.64   0.31   0.06  -1.17
0  1.07e+07 4948.58 | 4840.32    0.0   2887     0 |    1.67   0.26  -0.08  -1.17
0  1.08e+07 4948.58 | 4512.79    0.0   2887     0 |    1.56   0.48   0.09  -1.17
0  1.08e+07 4948.58 | 4522.87    0.0   2887     0 |    1.54   0.45   0.15  -1.16
0  1.09e+07 4948.58 | 4469.10    0.0   2887     0 |    1.55   0.49   0.02  -1.16
0  1.09e+07 4948.58 | 4469.15    0.0   2887     0 |    1.55   0.38  -0.00  -1.16
0  1.10e+07 4948.58 | 4621.38    0.0   2887     0 |    1.60   0.36   0.00  -1.16
0  1.11e+07 4948.58 | 4789.11    0.0   2887     0 |    1.66   0.20  -0.12  -1.15
0  1.11e+07 4948.58 | 4741.90    0.0   2887     0 |    1.63   0.28  -0.10  -1.15
0  1.12e+07 4948.58 | 4936.11    0.0   2887     0 |    1.64   0.36  -0.03  -1.16
0  1.12e+07 4948.58 | 4894.00    0.0   2887     0 |    1.72   0.14  -0.19  -1.16
0  1.13e+07 5066.76 |
成功率：100.0%, 提交量大于阈值的概率：0.10673%, 超供率：59.8%, 超供程度：29.3%, 超供平均值：2.0, 方差：206.1
0  1.13e+07 5066.76 | 5066.76    0.0   2887     0 |    1.75   0.16  -0.26  -1.16
0  1.13e+07 5066.76 | 4916.58    0.0   2887     0 |    1.70   0.20  -0.18  -1.16
0  1.14e+07 5066.76 | 4748.48    0.0   2887     0 |    1.65   0.22  -0.14  -1.17
0  1.14e+07 5066.76 | 4710.77    0.0   2887     0 |    1.62   0.30  -0.09  -1.18
0  1.15e+07 5066.76 | 4471.64    0.0   2887     0 |    1.55   0.40  -0.20  -1.17
0  1.15e+07 5066.76 | 4464.64    0.0   2887     0 |    1.54   0.41   0.01  -1.17
0  1.16e+07 5066.76 | 4668.77    0.0   2887     0 |    1.62   0.32  -0.04  -1.16
0  1.17e+07 5066.76 | 4435.57    0.0   2887     0 |    1.54   0.36  -0.08  -1.17
0  1.17e+07 5066.76 | 4296.25    0.0   2882     0 |    1.51   0.42   0.01  -1.16
0  1.18e+07 5066.76 | 4305.27    0.0   2882     0 |    1.49   0.51   0.06  -1.17
0  1.18e+07 5066.76 | 4444.22    0.0   2887     0 |    1.52   0.41   0.09  -1.17
0  1.19e+07 5066.76 | 4318.80    0.0   2882     0 |    1.50   0.49  -0.06  -1.17
0  1.19e+07 5066.76 | 4317.21    0.0   2882     0 |    1.50   0.50   0.08  -1.16
0  1.20e+07 5066.76 | 4322.40    0.0   2882     0 |    1.50   0.49   0.03  -1.16
0  1.21e+07 5066.76 | 4326.67    0.0   2882     0 |    1.50   0.58   0.13  -1.16
0  1.21e+07 5066.76 | 4331.49    0.0   2882     0 |    1.50   0.51  -0.04  -1.16
0  1.22e+07 5066.76 | 4331.92    0.0   2882     0 |    1.50   0.47   0.01  -1.16
0  1.22e+07 5066.76 | 4334.56    0.0   2882     0 |    1.50   0.48  -0.01  -1.15
0  1.23e+07 5066.76 | 4337.90    0.0   2882     0 |    1.50   0.49   0.05  -1.15
0  1.24e+07 5066.76 | 4337.58    0.0   2882     0 |    1.50   0.55   0.07  -1.17
0  1.24e+07 5066.76 | 4345.25    0.0   2882     0 |    1.51   0.44   0.01  -1.17
0  1.25e+07 5066.76 | 4468.83    0.0   2887     0 |    1.55   0.44  -0.06  -1.18
0  1.25e+07 5066.76 | 4471.17    0.0   2887     0 |    1.55   0.41   0.04  -1.18
0  1.26e+07 5066.76 | 4471.80    0.0   2887     0 |    1.55   0.41   0.10  -1.18
0  1.26e+07 5066.76 | 4475.23    0.0   2887     0 |    1.55   0.40   0.01  -1.17
0  1.27e+07 5066.76 | 4662.22    0.0   2887     0 |    1.61   0.29  -0.05  -1.16
0  1.28e+07 5066.76 | 4659.23    0.0   2887     0 |    1.61   0.34  -0.02  -1.17
0  1.28e+07 5066.76 | 4473.69    0.0   2887     0 |    1.55   0.48   0.18  -1.17
0  1.29e+07 5066.76 | 4474.98    0.0   2887     0 |    1.55   0.47   0.03  -1.16
0  1.29e+07 5066.76 | 4479.05    0.0   2887     0 |    1.55   0.43  -0.01  -1.17
0  1.30e+07 5066.76 | 4476.56    0.0   2887     0 |    1.55   0.48   0.12  -1.16
0  1.31e+07 5066.76 | 4475.14    0.0   2887     0 |    1.55   0.43   0.05  -1.16
0  1.31e+07 5066.76 | 4479.73    0.0   2887     0 |    1.55   0.48   0.12  -1.15
0  1.32e+07 5066.76 | 4478.15    0.0   2887     0 |    1.55   0.41  -0.14  -1.16
0  1.32e+07 5066.76 | 4480.44    0.0   2887     0 |    1.55   0.40  -0.13  -1.17
0  1.33e+07 5066.76 | 4663.52    0.0   2887     0 |    1.61   0.40   0.00  -1.18
0  1.33e+07 5066.76 | 4663.81    0.0   2887     0 |    1.61   0.27  -0.04  -1.17
0  1.34e+07 5066.76 | 4855.03    0.0   2887     0 |    1.51   0.45  -0.07  -1.18
0  1.35e+07 5066.76 | 4915.96    0.0   2887     0 |    1.68   0.25  -0.14  -1.17
0  1.35e+07 5066.76 | 4936.07    0.0   2887     0 |    1.71   0.11  -0.11  -1.17
0  1.36e+07 5066.76 | 4966.20    0.0   2887     0 |    1.72   0.16   0.01  -1.17
0  1.36e+07 5066.76 | 4965.35    0.0   2887     0 |    1.72   0.13  -0.13  -1.17
0  1.37e+07 5066.76 | 5063.04    0.0   2887     0 |    1.75   0.10  -0.20  -1.16
0  1.37e+07 5108.00 |
成功率：100.0%, 提交量大于阈值的概率：0.19538%, 超供率：17.6%, 超供程度：8.1%, 超供平均值：0.5, 方差：230.5
0  1.37e+07 5108.00 | 5108.00    0.0   2887     0 |    1.77   0.08  -0.10  -1.17
0  1.38e+07 5116.00 |
成功率：100.0%, 提交量大于阈值的概率：0.21166%, 超供率：7.3%, 超供程度：4.3%, 超供平均值：0.3, 方差：242.6
0  1.38e+07 5116.00 | 5116.00    0.0   2887     0 |    1.76   0.07  -0.25  -1.17
0  1.38e+07 5209.60 |
成功率：100.0%, 提交量大于阈值的概率：0.13658%, 超供率：52.8%, 超供程度：13.4%, 超供平均值：0.9, 方差：208.9
0  1.38e+07 5209.60 | 5209.60    0.0   2887     0 |    1.81   0.11  -0.24  -1.16
0  1.38e+07 5216.98 |
成功率：100.0%, 提交量大于阈值的概率：0.13930%, 超供率：43.4%, 超供程度：12.0%, 超供平均值：0.8, 方差：206.9
0  1.38e+07 5216.98 | 5216.98    0.0   2887     0 |    1.80   0.07  -0.17  -1.16
0  1.39e+07 5216.98 | 5087.93    0.0   2887     0 |    1.75   0.09  -0.19  -1.16
0  1.39e+07 5216.98 | 4900.40    0.0   2887     0 |    1.71   0.12  -0.17  -1.16
0  1.40e+07 5216.98 | 4851.65    0.0   2887     0 |    1.69   0.15  -0.14  -1.17
0  1.40e+07 5216.98 | 4811.70    0.0   2887     0 |    1.67   0.16  -0.07  -1.16
0  1.41e+07 5216.98 | 4861.44    0.0   2887     0 |    1.69   0.21   0.02  -1.17
0  1.41e+07 5216.98 | 4805.06    0.0   2887     0 |    1.66   0.19   0.03  -1.17
0  1.42e+07 5216.98 | 4620.93    0.0   2887     0 |    1.61   0.27  -0.08  -1.17
0  1.43e+07 5216.98 | 4574.76    0.0   2887     0 |    1.59   0.24  -0.02  -1.17
0  1.43e+07 5216.98 | 4409.24    0.0   2887     0 |    1.58   0.29   0.00  -1.17
0  1.44e+07 5216.98 | 4431.02    0.0   2887     0 |    1.55   0.38  -0.05  -1.17
0  1.44e+07 5216.98 | 4427.40    0.0   2887     0 |    1.53   0.39  -0.02  -1.16
0  1.45e+07 5216.98 | 4401.94    0.0   2887     0 |    1.51   0.45  -0.05  -1.16
0  1.46e+07 5216.98 | 4411.04    0.0   2887     0 |    1.53   0.40   0.07  -1.17
0  1.46e+07 5216.98 | 4303.39    0.0   2882     0 |    1.49   0.41  -0.05  -1.17
0  1.47e+07 5216.98 | 4322.62    0.0   2882     0 |    1.50   0.46   0.00  -1.17
0  1.47e+07 5216.98 | 4323.79    0.0   2882     0 |    1.50   0.47   0.09  -1.17
0  1.48e+07 5216.98 | 4330.26    0.0   2882     0 |    1.50   0.51   0.06  -1.16
0  1.48e+07 5216.98 | 4429.52    0.0   2887     0 |    1.53   0.43   0.05  -1.16
0  1.49e+07 5216.98 | 4433.36    0.0   2887     0 |    1.53   0.45   0.07  -1.15
0  1.50e+07 5216.98 | 4530.10    0.0   2887     0 |    1.57   0.27  -0.02  -1.15
0  1.50e+07 5216.98 | 4538.87    0.0   2887     0 |    1.57   0.29   0.01  -1.15
0  1.51e+07 5216.98 | 4520.25    0.0   2886     0 |    1.56   0.34  -0.05  -1.15
0  1.51e+07 5216.98 | 4379.58    0.0   2886     0 |    1.52   0.48   0.07  -1.16
0  1.52e+07 5216.98 | 4332.77    0.0   2884     0 |    1.50   0.42   0.06  -1.16
0  1.53e+07 5216.98 | 4340.21    0.0   2884     0 |    1.50   0.39   0.10  -1.16
0  1.53e+07 5216.98 | 4341.54    0.0   2884     0 |    1.51   0.43   0.11  -1.15
0  1.54e+07 5216.98 | 4335.63    0.0   2883     0 |    1.50   0.46   0.04  -1.16
0  1.54e+07 5216.98 | 4340.12    0.0   2882     0 |    1.50   0.46  -0.01  -1.15
0  1.55e+07 5216.98 | 4333.08    0.0   2882     0 |    1.50   0.41   0.07  -1.16
0  1.55e+07 5216.98 | 4349.44    0.0   2883     0 |    1.51   0.49   0.06  -1.16
0  1.56e+07 5216.98 | 4344.35    0.0   2883     0 |    1.51   0.42   0.06  -1.15
0  1.57e+07 5216.98 | 4347.29    0.0   2883     0 |    1.51   0.46   0.02  -1.14
0  1.57e+07 5216.98 | 4354.34    0.0   2883     0 |    1.51   0.49   0.00  -1.14
0  1.58e+07 5216.98 | 4351.36    0.0   2883     0 |    1.51   0.42  -0.01  -1.14
0  1.58e+07 5216.98 | 4357.29    0.0   2883     0 |    1.51   0.45   0.02  -1.15
0  1.59e+07 5216.98 | 4364.86    0.0   2883     0 |    1.51   0.49  -0.03  -1.14
0  1.59e+07 5216.98 | 4365.56    0.0   2883     0 |    1.51   0.41   0.07  -1.14
0  1.60e+07 5216.98 | 4362.18    0.0   2882     0 |    1.51   0.51   0.07  -1.16
0  1.61e+07 5216.98 | 4362.82    0.0   2882     0 |    1.51   0.37   0.01  -1.16
0  1.61e+07 5216.98 | 4355.52    0.0   2882     0 |    1.51   0.44  -0.01  -1.16
0  1.62e+07 5216.98 | 4351.02    0.0   2882     0 |    1.51   0.41   0.04  -1.15
0  1.62e+07 5216.98 | 4342.69    0.0   2882     0 |    1.50   0.45   0.10  -1.15
0  1.63e+07 5216.98 | 4343.00    0.0   2882     0 |    1.51   0.46  -0.01  -1.16
0  1.63e+07 5216.98 | 4343.56    0.0   2882     0 |    1.51   0.46   0.08  -1.15
0  1.64e+07 5216.98 | 4343.75    0.0   2882     0 |    1.51   0.47   0.07  -1.15
0  1.65e+07 5216.98 | 4340.12    0.0   2882     0 |    1.51   0.41  -0.02  -1.13
0  1.65e+07 5216.98 | 4337.82    0.0   2882     0 |    1.50   0.42   0.07  -1.12
0  1.66e+07 5216.98 | 4325.12    0.0   2882     0 |    1.50   0.45   0.02  -1.13
0  1.66e+07 5216.98 | 4324.04    0.0   2883     0 |    1.50   0.49  -0.04  -1.14
0  1.67e+07 5216.98 | 4332.85    0.0   2882     0 |    1.50   0.42   0.04  -1.15
0  1.68e+07 5216.98 | 4324.87    0.0   2882     0 |    1.50   0.41  -0.02  -1.14
0  1.68e+07 5216.98 | 4322.97    0.0   2883     0 |    1.50   0.41  -0.06  -1.14
0  1.69e+07 5216.98 | 4329.63    0.0   2882     0 |    1.50   0.44   0.03  -1.13
0  1.69e+07 5216.98 | 4335.57    0.0   2882     0 |    1.50   0.44  -0.03  -1.13
0  1.70e+07 5216.98 | 4335.29    0.0   2882     0 |    1.50   0.43   0.03  -1.14
0  1.70e+07 5216.98 | 4341.80    0.0   2882     0 |    1.51   0.41   0.10  -1.13
0  1.71e+07 5216.98 | 4343.15    0.0   2882     0 |    1.51   0.48   0.07  -1.14
0  1.72e+07 5216.98 | 4339.73    0.0   2882     0 |    1.51   0.48   0.07  -1.15
0  1.72e+07 5216.98 | 4334.40    0.0   2883     0 |    1.50   0.47  -0.01  -1.14
0  1.73e+07 5216.98 | 4333.82    0.0   2883     0 |    1.50   0.40  -0.07  -1.15
0  1.73e+07 5216.98 | 4332.69    0.0   2882     0 |    1.50   0.38   0.02  -1.15
0  1.74e+07 5216.98 | 4332.85    0.0   2882     0 |    1.51   0.46   0.10  -1.16
0  1.75e+07 5216.98 | 4338.91    0.0   2882     0 |    1.50   0.37   0.07  -1.17
0  1.75e+07 5216.98 | 4341.77    0.0   2882     0 |    1.50   0.35  -0.02  -1.16
0  1.76e+07 5216.98 | 4346.06    0.0   2882     0 |    1.51   0.46   0.05  -1.16
0  1.76e+07 5216.98 | 4348.23    0.0   2882     0 |    1.51   0.42   0.02  -1.15
0  1.77e+07 5216.98 | 4347.39    0.0   2882     0 |    1.51   0.45   0.05  -1.15
0  1.77e+07 5216.98 | 4349.94    0.0   2882     0 |    1.51   0.42   0.10  -1.16
0  1.78e+07 5216.98 | 4351.05    0.0   2883     0 |    1.51   0.44   0.01  -1.16
0  1.79e+07 5216.98 | 4349.25    0.0   2883     0 |    1.51   0.53   0.07  -1.16
0  1.79e+07 5216.98 | 4346.39    0.0   2883     0 |    1.51   0.45   0.10  -1.15
0  1.80e+07 5216.98 | 4336.73    0.0   2883     0 |    1.50   0.44  -0.00  -1.15
0  1.80e+07 5216.98 | 4269.63    0.0   2883     0 |    1.48   0.41  -0.01  -1.15
0  1.81e+07 5216.98 | 4271.39    0.0   2883     0 |    1.48   0.41  -0.03  -1.15
0  1.82e+07 5216.98 | 4279.80    0.0   2883     0 |    1.48   0.44   0.09  -1.16
0  1.82e+07 5216.98 | 4285.29    0.0   2883     0 |    1.49   0.54  -0.01  -1.16
0  1.83e+07 5216.98 | 4301.69    0.0   2883     0 |    1.49   0.42   0.20  -1.16
0  1.83e+07 5216.98 | 4320.19    0.0   2883     0 |    1.50   0.45   0.08  -1.16
0  1.84e+07 5216.98 | 4322.66    0.0   2883     0 |    1.50   0.41   0.06  -1.16
0  1.85e+07 5216.98 | 4316.61    0.0   2883     0 |    1.50   0.46   0.01  -1.16
0  1.85e+07 5216.98 | 4340.39    0.0   2884     0 |    1.50   0.36  -0.08  -1.15
0  1.86e+07 5216.98 | 4353.75    0.0   2884     0 |    1.51   0.40   0.08  -1.15
0  1.86e+07 5216.98 | 4344.64    0.0   2884     0 |    1.50   0.40   0.00  -1.15
0  1.87e+07 5216.98 | 4299.33    0.0   2885     0 |    1.49   0.46   0.07  -1.14
0  1.87e+07 5216.98 | 4191.96    0.0   2884     0 |    1.45   0.41  -0.02  -1.14
0  1.88e+07 5216.98 | 4201.58    0.0   2884     0 |    1.45   0.44  -0.03  -1.14
0  1.89e+07 5216.98 | 4214.62    0.0   2884     0 |    1.46   0.41   0.11  -1.14
0  1.89e+07 5216.98 | 4214.70    0.0   2884     0 |    1.46   0.48   0.05  -1.15
0  1.90e+07 5216.98 | 4229.57    0.0   2882     0 |    1.47   0.43  -0.01  -1.16
0  1.90e+07 5216.98 | 4250.15    0.0   2882     0 |    1.47   0.42   0.16  -1.17
0  1.91e+07 5216.98 | 4259.41    0.0   2882     0 |    1.48   0.40  -0.11  -1.16
0  1.91e+07 5216.98 | 4270.96    0.0   2882     0 |    1.48   0.44   0.12  -1.16
0  1.92e+07 5216.98 | 4268.39    0.0   2882     0 |    1.48   0.51  -0.10  -1.16
0  1.93e+07 5216.98 | 4281.78    0.0   2882     0 |    1.48   0.46  -0.02  -1.16
0  1.93e+07 5216.98 | 4297.88    0.0   2882     0 |    1.49   0.44  -0.10  -1.17
0  1.94e+07 5216.98 | 4310.03    0.0   2882     0 |    1.49   0.49   0.03  -1.17
0  1.94e+07 5216.98 | 4300.62    0.0   2882     0 |    1.50   0.43   0.09  -1.17
0  1.95e+07 5216.98 | 4308.91    0.0   2882     0 |    1.50   0.49   0.02  -1.17
0  1.95e+07 5216.98 | 4318.51    0.0   2882     0 |    1.50   0.54   0.11  -1.15
0  1.96e+07 5216.98 | 4295.61    0.0   2882     0 |    1.49   0.44   0.02  -1.15
0  1.97e+07 5216.98 | 4309.18    0.0   2882     0 |    1.49   0.42  -0.05  -1.15
0  1.97e+07 5216.98 | 4311.80    0.0   2882     0 |    1.50   0.44   0.10  -1.15
0  1.98e+07 5216.98 | 4312.57    0.0   2882     0 |    1.50   0.47   0.03  -1.16
0  1.98e+07 5216.98 | 4328.24    0.0   2882     0 |    1.50   0.42   0.06  -1.16
0  1.99e+07 5216.98 | 4333.87    0.0   2882     0 |    1.50   0.52  -0.04  -1.16
0  2.00e+07 5216.98 | 4336.17    0.0   2882     0 |    1.50   0.40  -0.06  -1.16
0  2.00e+07 5216.98 | 4334.42    0.0   2882     0 |    1.50   0.56   0.11  -1.17
0  2.01e+07 5216.98 | 4338.14    0.0   2882     0 |    1.50   0.50   0.04  -1.17
0  2.01e+07 5216.98 | 4338.13    0.0   2882     0 |    1.50   0.45   0.02  -1.16
0  2.02e+07 5216.98 | 4339.58    0.0   2882     0 |    1.50   0.51  -0.13  -1.16
0  2.02e+07 5216.98 | 4336.94    0.0   2882     0 |    1.51   0.47  -0.09  -1.17
0  2.03e+07 5216.98 | 4334.46    0.0   2882     0 |    1.50   0.46   0.02  -1.17
0  2.04e+07 5216.98 | 4336.68    0.0   2882     0 |    1.50   0.38   0.02  -1.16
0  2.04e+07 5216.98 | 4328.88    0.0   2882     0 |    1.50   0.41   0.11  -1.16
0  2.05e+07 5216.98 | 4325.73    0.0   2882     0 |    1.50   0.54   0.15  -1.16
0  2.05e+07 5216.98 | 4336.09    0.0   2882     0 |    1.50   0.44   0.00  -1.16
0  2.06e+07 5216.98 | 4338.99    0.0   2882     0 |    1.50   0.45  -0.01  -1.16
0  2.06e+07 5216.98 | 4335.59    0.0   2882     0 |    1.50   0.44   0.02  -1.16
0  2.07e+07 5216.98 | 4337.63    0.0   2882     0 |    1.50   0.49   0.00  -1.16
0  2.08e+07 5216.98 | 4333.29    0.0   2882     0 |    1.50   0.60   0.05  -1.16
0  2.08e+07 5216.98 | 4336.75    0.0   2882     0 |    1.50   0.50  -0.03  -1.16
0  2.09e+07 5216.98 | 4344.94    0.0   2882     0 |    1.51   0.43  -0.01  -1.17
0  2.09e+07 5216.98 | 4346.99    0.0   2882     0 |    1.51   0.52   0.12  -1.16
0  2.10e+07 5216.98 | 4348.57    0.0   2882     0 |    1.51   0.43   0.01  -1.17
0  2.11e+07 5216.98 | 4351.58    0.0   2882     0 |    1.51   0.46  -0.01  -1.16
0  2.11e+07 5216.98 | 4346.85    0.0   2882     0 |    1.51   0.43   0.12  -1.15
0  2.12e+07 5216.98 | 4346.94    0.0   2882     0 |    1.51   0.50   0.01  -1.15
0  2.13e+07 5216.98 | 4350.64    0.0   2882     0 |    1.51   0.44   0.01  -1.16
0  2.13e+07 5216.98 | 4340.34    0.0   2882     0 |    1.50   0.43   0.05  -1.16
0  2.14e+07 5216.98 | 4344.98    0.0   2882     0 |    1.51   0.49  -0.02  -1.16
0  2.14e+07 5216.98 | 4339.03    0.0   2882     0 |    1.50   0.50  -0.02  -1.16
0  2.15e+07 5216.98 | 4344.77    0.0   2882     0 |    1.51   0.48   0.05  -1.16
0  2.16e+07 5216.98 | 4347.41    0.0   2882     0 |    1.51   0.48  -0.12  -1.15
0  2.16e+07 5216.98 | 4341.00    0.0   2882     0 |    1.51   0.46   0.09  -1.15
0  2.17e+07 5216.98 | 4348.03    0.0   2882     0 |    1.51   0.48   0.06  -1.16
0  2.18e+07 5216.98 | 4352.35    0.0   2882     0 |    1.51   0.52   0.06  -1.16
0  2.18e+07 5216.98 | 4352.46    0.0   2882     0 |    1.51   0.45  -0.00  -1.16
0  2.19e+07 5216.98 | 4353.75    0.0   2882     0 |    1.51   0.50   0.01  -1.16
0  2.19e+07 5216.98 | 4350.39    0.0   2882     0 |    1.51   0.49  -0.03  -1.15
0  2.20e+07 5216.98 | 4343.02    0.0   2882     0 |    1.51   0.44  -0.03  -1.15
0  2.21e+07 5216.98 | 4352.93    0.0   2882     0 |    1.51   0.46   0.00  -1.15
0  2.21e+07 5216.98 | 4345.37    0.0   2882     0 |    1.51   0.45   0.04  -1.14
0  2.22e+07 5216.98 | 4352.58    0.0   2882     0 |    1.51   0.44   0.02  -1.15
0  2.23e+07 5216.98 | 4353.61    0.0   2882     0 |    1.51   0.46   0.06  -1.15
0  2.23e+07 5216.98 | 4355.92    0.0   2882     0 |    1.51   0.48  -0.01  -1.15
0  2.24e+07 5216.98 | 4355.07    0.0   2882     0 |    1.51   0.45  -0.05  -1.15
0  2.25e+07 5216.98 | 4327.79    0.0   2882     0 |    1.50   0.45   0.00  -1.14
