################################################################################
ID     Step    maxR |    avgR   stdR   avgS  stdS |    expR   objC   etc.
0  5.77e+03 4234.49 |
成功率：98.6%, 提交量大于阈值的概率：0.12749%, 超供率：96.0%, 超供程度：83.5%, 超供平均值：5.7, 方差：197.5
0  5.77e+03 4234.49 | 4234.49    0.0   2886     0 |    1.39   0.77   0.05  -0.50
0  3.46e+04 4329.93 |
成功率：99.2%, 提交量大于阈值的概率：0.09484%, 超供率：96.8%, 超供程度：84.6%, 超供平均值：5.7, 方差：195.8
0  3.46e+04 4329.93 | 4329.93    0.0   2884     0 |    1.42   0.54   0.03  -0.51
0  6.35e+04 4401.70 |
成功率：99.6%, 提交量大于阈值的概率：0.04269%, 超供率：97.7%, 超供程度：85.4%, 超供平均值：5.7, 方差：197.1
0  6.35e+04 4401.70 | 4401.70    0.0   2885     0 |    1.45   0.60  -0.05  -0.52
0  9.23e+04 4415.53 |
成功率：99.7%, 提交量大于阈值的概率：0.03267%, 超供率：98.0%, 超供程度：85.7%, 超供平均值：5.7, 方差：199.0
0  9.23e+04 4415.53 | 4415.53    0.0   2885     0 |    1.47   0.56   0.06  -0.52
0  1.21e+05 4415.53 | 4394.05    0.0   2885     0 |    1.47   0.66  -0.07  -0.53
0  1.79e+05 4419.01 |
成功率：99.4%, 提交量大于阈值的概率：0.00637%, 超供率：97.7%, 超供程度：85.0%, 超供平均值：5.7, 方差：195.4
0  1.79e+05 4419.01 | 4419.01    0.0   2885     0 |    1.49   0.68   0.00  -0.55
0  2.08e+05 4425.69 |
成功率：99.6%, 提交量大于阈值的概率：0.00727%, 超供率：97.9%, 超供程度：85.8%, 超供平均值：5.7, 方差：197.9
0  2.08e+05 4425.69 | 4425.69    0.0   2884     0 |    1.49   0.67   0.09  -0.56
0  2.37e+05 4430.95 |
成功率：99.6%, 提交量大于阈值的概率：0.00726%, 超供率：97.9%, 超供程度：86.0%, 超供平均值：5.7, 方差：201.1
0  2.37e+05 4430.95 | 4430.95    0.0   2884     0 |    1.50   0.69  -0.00  -0.58
0  2.65e+05 4432.61 |
成功率：99.7%, 提交量大于阈值的概率：0.00453%, 超供率：98.1%, 超供程度：86.7%, 超供平均值：5.8, 方差：204.2
0  2.65e+05 4432.61 | 4432.61    0.0   2884     0 |    1.50   0.66  -0.01  -0.59
0  2.94e+05 4432.61 | 4427.51    0.0   2884     0 |    1.50   0.73   0.03  -0.61
0  3.52e+05 4432.61 | 4423.44    0.0   2884     0 |    1.50   0.84  -0.03  -0.63
0  4.10e+05 4432.61 | 4427.27    0.0   2884     0 |    1.51   0.72  -0.04  -0.66
0  4.67e+05 4432.61 | 4415.77    0.0   2886     0 |    1.51   0.78   0.03  -0.68
0  5.25e+05 4432.61 | 4426.15    0.0   2884     0 |    1.52   0.72  -0.01  -0.69
0  5.83e+05 4432.61 | 4428.57    0.0   2884     0 |    1.51   0.67   0.07  -0.71
0  6.40e+05 4432.61 | 4427.15    0.0   2884     0 |    1.52   0.82   0.04  -0.72
0  6.98e+05 4434.66 |
成功率：99.9%, 提交量大于阈值的概率：0.01086%, 超供率：98.4%, 超供程度：88.0%, 超供平均值：5.9, 方差：216.1
0  6.98e+05 4434.66 | 4434.66    0.0   2884     0 |    1.52   0.79  -0.00  -0.74
0  7.27e+05 4434.66 | 4428.49    0.0   2884     0 |    1.52   0.82  -0.03  -0.74
0  7.85e+05 4434.66 | 4426.15    0.0   2884     0 |    1.52   0.77   0.05  -0.76
0  8.42e+05 4434.66 | 4424.83    0.0   2884     0 |    1.53   0.83   0.06  -0.77
0  9.00e+05 4434.66 | 4431.26    0.0   2887     0 |    1.53   0.77   0.00  -0.78
0  9.58e+05 4434.66 | 4418.77    0.0   2886     0 |    1.52   0.75  -0.00  -0.80
0  1.02e+06 4434.66 | 4419.58    0.0   2884     0 |    1.53   0.85   0.03  -0.81
0  1.07e+06 4434.66 | 4417.90    0.0   2884     0 |    1.52   0.78   0.02  -0.82
0  1.13e+06 4434.66 | 4423.04    0.0   2883     0 |    1.53   0.79   0.13  -0.84
0  1.19e+06 4434.66 | 4420.53    0.0   2883     0 |    1.53   0.82  -0.01  -0.85
0  1.25e+06 4434.66 | 4415.25    0.0   2883     0 |    1.52   0.77  -0.03  -0.84
0  1.30e+06 4434.66 | 4402.63    0.0   2883     0 |    1.52   0.90   0.06  -0.86
0  1.36e+06 4434.66 | 4416.76    0.0   2883     0 |    1.52   0.95  -0.01  -0.88
0  1.42e+06 4434.66 | 4417.27    0.0   2884     0 |    1.52   0.84   0.00  -0.89
0  1.48e+06 4434.66 | 4408.10    0.0   2883     0 |    1.52   0.85  -0.00  -0.90
0  1.53e+06 4434.66 | 4415.73    0.0   2885     0 |    1.52   0.80  -0.08  -0.92
0  1.59e+06 4434.66 | 4420.90    0.0   2883     0 |    1.53   0.71  -0.06  -0.94
0  1.65e+06 4434.66 | 4421.83    0.0   2883     0 |    1.53   0.84  -0.09  -0.95
0  1.71e+06 4434.66 | 4414.66    0.0   2883     0 |    1.52   0.89  -0.04  -0.97
0  1.77e+06 4434.66 | 4415.69    0.0   2883     0 |    1.53   0.79   0.05  -0.97
0  1.82e+06 4434.66 | 4405.97    0.0   2883     0 |    1.52   0.76   0.03  -0.99
0  1.88e+06 4434.66 | 4404.71    0.0   2885     0 |    1.53   0.80   0.02  -1.00
0  1.94e+06 4434.66 | 4398.31    0.0   2883     0 |    1.52   0.93  -0.09  -1.00
0  2.00e+06 4434.66 | 4400.58    0.0   2883     0 |    1.52   0.86  -0.04  -1.02
0  2.05e+06 4434.66 | 4404.44    0.0   2883     0 |    1.52   0.81  -0.00  -1.04
0  2.11e+06 4434.66 | 4407.33    0.0   2883     0 |    1.53   0.67   0.06  -1.06
0  2.17e+06 4434.66 | 4409.71    0.0   2883     0 |    1.53   0.92   0.09  -1.08
0  2.23e+06 4434.66 | 4410.13    0.0   2883     0 |    1.53   0.89   0.12  -1.10
0  2.28e+06 4434.66 | 4401.15    0.0   2883     0 |    1.52   0.73  -0.09  -1.11
0  2.34e+06 4434.66 | 4406.92    0.0   2883     0 |    1.52   0.82   0.05  -1.12
0  2.40e+06 4434.66 | 4412.56    0.0   2883     0 |    1.53   0.85   0.08  -1.14
0  2.46e+06 4434.66 | 4397.51    0.0   2883     0 |    1.53   0.78  -0.07  -1.15
0  2.51e+06 4434.66 | 4340.30    0.0   2883     0 |    1.50   0.82  -0.03  -1.15
0  2.57e+06 4434.66 | 4389.52    0.0   2883     0 |    1.52   0.81  -0.07  -1.15
0  2.63e+06 4434.66 | 4389.61    0.0   2886     0 |    1.52   0.79   0.03  -1.16
0  2.69e+06 4434.66 | 4393.78    0.0   2884     0 |    1.52   0.79   0.03  -1.16
0  2.75e+06 4434.66 | 4381.58    0.0   2883     0 |    1.51   0.83  -0.01  -1.16
0  2.80e+06 4434.66 | 4394.43    0.0   2883     0 |    1.52   0.83   0.16  -1.17
0  2.86e+06 4434.66 | 4380.68    0.0   2883     0 |    1.51   0.85  -0.05  -1.17
0  2.92e+06 4434.66 | 4394.88    0.0   2883     0 |    1.52   0.83   0.03  -1.18
0  2.98e+06 4434.66 | 4408.44    0.0   2883     0 |    1.53   0.78  -0.02  -1.17
0  3.03e+06 4434.66 | 4384.59    0.0   2883     0 |    1.52   0.83   0.15  -1.18
0  3.09e+06 4434.66 | 4405.39    0.0   2883     0 |    1.52   0.75   0.05  -1.17
0  3.15e+06 4434.66 | 4408.74    0.0   2883     0 |    1.53   0.67  -0.07  -1.17
0  3.21e+06 4434.66 | 4403.62    0.0   2883     0 |    1.52   0.82   0.22  -1.16
0  3.26e+06 4434.66 | 4398.64    0.0   2883     0 |    1.52   0.82   0.11  -1.16
0  3.32e+06 4434.66 | 4397.84    0.0   2883     0 |    1.52   0.74   0.04  -1.16
0  3.38e+06 4434.66 | 4364.84    0.0   2883     0 |    1.52   0.87  -0.10  -1.17
0  3.44e+06 4434.66 | 4380.07    0.0   2883     0 |    1.52   0.79  -0.03  -1.17
0  3.50e+06 4434.66 | 4377.45    0.0   2882     0 |    1.51   0.73  -0.05  -1.17
0  3.55e+06 4434.66 | 4382.75    0.0   2882     0 |    1.52   0.89   0.20  -1.17
0  3.61e+06 4434.66 | 4385.62    0.0   2882     0 |    1.52   0.82   0.04  -1.16
0  3.67e+06 4434.66 | 4391.93    0.0   2882     0 |    1.52   0.72   0.08  -1.17
0  3.73e+06 4434.66 | 4389.80    0.0   2882     0 |    1.52   0.78   0.01  -1.16
0  3.78e+06 4434.66 | 4397.71    0.0   2882     0 |    1.52   0.84   0.17  -1.17
0  3.84e+06 4434.66 | 4404.80    0.0   2882     0 |    1.53   0.74   0.03  -1.17
0  3.90e+06 4434.66 | 4391.56    0.0   2882     0 |    1.52   0.79   0.12  -1.17
0  3.96e+06 4434.66 | 4400.40    0.0   2882     0 |    1.52   0.82   0.06  -1.17
0  4.01e+06 4434.66 | 4393.77    0.0   2882     0 |    1.52   0.72   0.05  -1.16
0  4.07e+06 4434.66 | 4392.13    0.0   2882     0 |    1.52   0.75   0.04  -1.17
0  4.13e+06 4434.66 | 4394.20    0.0   2882     0 |    1.52   0.77   0.06  -1.18
0  4.19e+06 4434.66 | 4404.11    0.0   2882     0 |    1.53   0.79   0.01  -1.18
0  4.24e+06 4434.66 | 4389.11    0.0   2882     0 |    1.52   0.73  -0.05  -1.17
0  4.30e+06 4434.66 | 4397.60    0.0   2882     0 |    1.52   0.85   0.05  -1.17
0  4.36e+06 4434.66 | 4393.62    0.0   2882     0 |    1.52   0.84  -0.00  -1.17
0  4.42e+06 4434.66 | 4402.96    0.0   2882     0 |    1.52   0.76  -0.03  -1.18
0  4.47e+06 4434.66 | 4406.83    0.0   2882     0 |    1.53   0.77   0.14  -1.17
0  4.53e+06 4434.66 | 4403.31    0.0   2882     0 |    1.53   0.80   0.11  -1.17
0  4.59e+06 4434.66 | 4406.52    0.0   2882     0 |    1.53   0.78   0.06  -1.16
0  4.65e+06 4434.66 | 4401.46    0.0   2882     0 |    1.52   0.82   0.03  -1.16
0  4.71e+06 4434.66 | 4401.67    0.0   2882     0 |    1.52   0.78   0.12  -1.16
0  4.76e+06 4434.66 | 4401.34    0.0   2882     0 |    1.53   0.87   0.05  -1.16
0  4.82e+06 4434.66 | 4405.69    0.0   2882     0 |    1.53   0.80  -0.02  -1.17
0  4.88e+06 4434.66 | 4405.74    0.0   2882     0 |    1.52   0.79   0.02  -1.18
0  4.94e+06 4434.66 | 4400.65    0.0   2882     0 |    1.52   0.90  -0.05  -1.17
0  4.99e+06 4434.66 | 4398.34    0.0   2882     0 |    1.52   0.83  -0.03  -1.18
0  5.05e+06 4434.66 | 4395.92    0.0   2882     0 |    1.52   0.74   0.08  -1.17
0  5.11e+06 4434.66 | 4400.77    0.0   2882     0 |    1.52   0.76   0.07  -1.16
0  5.17e+06 4434.66 | 4401.12    0.0   2882     0 |    1.52   0.79  -0.05  -1.17
0  5.22e+06 4434.66 | 4398.86    0.0   2882     0 |    1.52   0.69   0.03  -1.17
0  5.28e+06 4434.66 | 4392.83    0.0   2882     0 |    1.53   0.71   0.02  -1.18
0  5.34e+06 4434.66 | 4363.96    0.0   2882     0 |    1.51   0.74   0.01  -1.16
0  5.40e+06 4434.66 | 4369.76    0.0   2882     0 |    1.51   0.70   0.07  -1.16
0  5.45e+06 4434.66 | 4377.61    0.0   2882     0 |    1.52   0.72   0.03  -1.17
0  5.51e+06 4434.66 | 4376.93    0.0   2882     0 |    1.52   0.78  -0.08  -1.17
0  5.57e+06 4434.66 | 4380.25    0.0   2882     0 |    1.52   0.74   0.08  -1.17
0  5.62e+06 4434.66 | 4366.04    0.0   2882     0 |    1.51   0.87   0.05  -1.18
0  5.68e+06 4434.66 | 4364.85    0.0   2882     0 |    1.51   0.91   0.11  -1.17
0  5.74e+06 4434.66 | 4364.32    0.0   2882     0 |    1.51   0.79   0.07  -1.16
0  5.79e+06 4434.66 | 4365.27    0.0   2882     0 |    1.51   0.86   0.00  -1.18
0  5.85e+06 4434.66 | 4366.08    0.0   2882     0 |    1.51   0.79   0.03  -1.18
0  5.91e+06 4434.66 | 4370.64    0.0   2882     0 |    1.51   0.84   0.04  -1.17
0  5.97e+06 4434.66 | 4374.37    0.0   2882     0 |    1.52   0.80   0.11  -1.17
0  6.03e+06 4434.66 | 4378.02    0.0   2882     0 |    1.52   0.84  -0.02  -1.17
0  6.08e+06 4434.66 | 4385.69    0.0   2882     0 |    1.52   0.77   0.01  -1.17
0  6.14e+06 4434.66 | 4381.51    0.0   2882     0 |    1.52   0.76  -0.07  -1.16
0  6.20e+06 4434.66 | 4375.69    0.0   2882     0 |    1.52   0.72   0.05  -1.16
0  6.26e+06 4434.66 | 4384.42    0.0   2882     0 |    1.52   0.69   0.04  -1.15
0  6.31e+06 4434.66 | 4384.46    0.0   2882     0 |    1.52   0.84  -0.01  -1.16
0  6.37e+06 4434.66 | 4386.06    0.0   2882     0 |    1.52   0.68   0.01  -1.17
0  6.43e+06 4434.66 | 4383.91    0.0   2882     0 |    1.52   0.76   0.10  -1.16
0  6.49e+06 4434.66 | 4379.18    0.0   2882     0 |    1.52   0.69   0.01  -1.16
0  6.54e+06 4434.66 | 4389.22    0.0   2882     0 |    1.52   0.85   0.01  -1.17
0  6.60e+06 4434.66 | 4392.02    0.0   2882     0 |    1.52   0.73   0.08  -1.16
0  6.66e+06 4434.66 | 4394.37    0.0   2882     0 |    1.52   0.78   0.04  -1.17
0  6.72e+06 4434.66 | 4400.68    0.0   2884     0 |    1.53   0.76  -0.05  -1.17
0  6.77e+06 4434.66 | 4390.32    0.0   2882     0 |    1.52   0.69   0.03  -1.17
0  6.83e+06 4434.66 | 4393.00    0.0   2882     0 |    1.52   0.70   0.12  -1.17
0  6.89e+06 4434.66 | 4410.37    0.0   2885     0 |    1.53   0.75   0.08  -1.17
0  6.95e+06 4434.66 | 4400.98    0.0   2882     0 |    1.53   0.66   0.19  -1.16
0  7.01e+06 4434.66 | 4397.33    0.0   2882     0 |    1.52   0.76  -0.02  -1.15
0  7.07e+06 4434.66 | 4404.01    0.0   2882     0 |    1.53   0.68  -0.04  -1.16
0  7.13e+06 4434.66 | 4390.72    0.0   2882     0 |    1.52   0.71   0.02  -1.16
0  7.19e+06 4434.66 | 4390.29    0.0   2882     0 |    1.52   0.74   0.00  -1.16
0  7.25e+06 4434.66 | 4393.32    0.0   2882     0 |    1.52   0.78  -0.02  -1.16
0  7.31e+06 4434.66 | 4401.35    0.0   2882     0 |    1.53   0.91   0.09  -1.18
0  7.37e+06 4434.66 | 4369.15    0.0   2882     0 |    1.51   0.74   0.16  -1.17
0  7.43e+06 4434.66 | 4374.44    0.0   2882     0 |    1.52   0.76   0.10  -1.17
0  7.49e+06 4434.66 | 4379.03    0.0   2882     0 |    1.52   0.79   0.10  -1.17
0  7.55e+06 4434.66 | 4391.35    0.0   2882     0 |    1.52   0.60   0.06  -1.16
0  7.61e+06 4434.66 | 4405.24    0.0   2882     0 |    1.53   0.77   0.05  -1.16
0  7.66e+06 4434.66 | 4428.12    0.0   2886     0 |    1.53   0.75   0.15  -1.16
0  7.73e+06 4434.66 | 4391.91    0.0   2882     0 |    1.52   0.82  -0.06  -1.16
0  7.79e+06 4434.66 | 4398.94    0.0   2882     0 |    1.53   0.76   0.01  -1.18
0  7.85e+06 4434.66 | 4395.66    0.0   2882     0 |    1.52   0.76   0.10  -1.17
0  7.91e+06 4434.66 | 4375.85    0.0   2882     0 |    1.52   0.67  -0.03  -1.18
0  7.97e+06 4434.66 | 4373.25    0.0   2882     0 |    1.52   0.80   0.12  -1.18
0  8.03e+06 4434.66 | 4374.72    0.0   2882     0 |    1.52   0.80  -0.03  -1.18
0  8.10e+06 4434.66 | 4378.60    0.0   2882     0 |    1.52   0.75   0.02  -1.18
0  8.15e+06 4434.66 | 4380.31    0.0   2882     0 |    1.52   0.78   0.21  -1.18
0  8.22e+06 4434.66 | 4377.63    0.0   2882     0 |    1.52   0.84   0.00  -1.17
0  8.27e+06 4434.66 | 4347.56    0.0   2882     0 |    1.51   0.88   0.02  -1.17
0  8.33e+06 4434.66 | 4356.02    0.0   2882     0 |    1.51   0.77   0.08  -1.17
0  8.39e+06 4434.66 | 4362.33    0.0   2882     0 |    1.51   0.77  -0.00  -1.16
0  8.45e+06 4434.66 | 4362.61    0.0   2883     0 |    1.51   0.82   0.05  -1.17
0  8.50e+06 4434.66 | 4371.99    0.0   2882     0 |    1.52   0.78  -0.10  -1.17
0  8.56e+06 4434.66 | 4372.41    0.0   2882     0 |    1.52   0.61  -0.00  -1.18
0  8.63e+06 4434.66 | 4372.48    0.0   2882     0 |    1.52   0.77  -0.06  -1.18
0  8.69e+06 4434.66 | 4381.66    0.0   2883     0 |    1.52   0.88   0.12  -1.17
0  8.75e+06 4434.66 | 4377.82    0.0   2882     0 |    1.52   0.78  -0.04  -1.18
0  8.80e+06 4434.66 | 4377.46    0.0   2882     0 |    1.52   0.78   0.00  -1.18
0  8.87e+06 4434.66 | 4379.44    0.0   2882     0 |    1.52   0.74   0.06  -1.18
0  8.93e+06 4434.66 | 4366.73    0.0   2882     0 |    1.51   0.82   0.03  -1.17
0  8.98e+06 4434.66 | 4368.61    0.0   2882     0 |    1.51   0.69   0.02  -1.16
0  9.04e+06 4434.66 | 4367.15    0.0   2882     0 |    1.52   0.81  -0.05  -1.16
0  9.10e+06 4434.66 | 4370.81    0.0   2882     0 |    1.51   0.91  -0.02  -1.16
0  9.16e+06 4434.66 | 4376.68    0.0   2882     0 |    1.52   0.80  -0.02  -1.16
0  9.21e+06 4434.66 | 4380.21    0.0   2882     0 |    1.52   0.75  -0.02  -1.17
0  9.27e+06 4434.66 | 4379.73    0.0   2882     0 |    1.52   0.73   0.04  -1.16
0  9.33e+06 4434.66 | 4377.35    0.0   2882     0 |    1.52   0.75   0.05  -1.16
0  9.39e+06 4434.66 | 4375.29    0.0   2882     0 |    1.52   0.72   0.06  -1.17
0  9.45e+06 4434.66 | 4372.91    0.0   2882     0 |    1.52   0.80   0.08  -1.17
0  9.51e+06 4434.66 | 4376.17    0.0   2882     0 |    1.52   0.80   0.07  -1.17
0  9.57e+06 4434.66 | 4373.70    0.0   2882     0 |    1.52   0.83   0.15  -1.16
0  9.62e+06 4434.66 | 4392.65    0.0   2884     0 |    1.52   0.75  -0.01  -1.16
0  9.68e+06 4434.66 | 4382.84    0.0   2882     0 |    1.52   0.71   0.09  -1.17
0  9.74e+06 4434.66 | 4398.88    0.0   2886     0 |    1.52   0.62  -0.07  -1.17
0  9.80e+06 4434.66 | 4384.65    0.0   2885     0 |    1.52   0.73  -0.06  -1.17
0  9.85e+06 4434.66 | 4427.25    0.0   2887     0 |    1.53   0.78  -0.03  -1.17
0  9.91e+06 4434.66 | 4302.10    0.0   2887     0 |    1.49   0.86   0.07  -1.17
0  9.97e+06 4434.66 | 4325.15    0.0   2887     0 |    1.49   0.63   0.03  -1.17
0  1.00e+07 4434.66 | 4337.19    0.0   2887     0 |    1.50   0.72  -0.08  -1.18
0  1.01e+07 4434.66 | 4350.11    0.0   2887     0 |    1.50   0.72   0.02  -1.18
0  1.01e+07 4434.66 | 4259.50    0.0   2887     0 |    1.47   0.68   0.09  -1.17
0  1.02e+07 4434.66 | 4282.67    0.0   2887     0 |    1.48   0.66   0.04  -1.17
0  1.03e+07 4434.66 | 4298.19    0.0   2887     0 |    1.51   0.77  -0.00  -1.16
0  1.03e+07 4434.66 | 4278.34    0.0   2887     0 |    1.48   0.71  -0.04  -1.16
0  1.04e+07 4434.66 | 4293.29    0.0   2885     0 |    1.49   0.66  -0.04  -1.16
0  1.04e+07 4434.66 | 4303.52    0.0   2886     0 |    1.49   0.68   0.06  -1.16
0  1.05e+07 4434.66 | 4345.92    0.0   2887     0 |    1.53   0.67  -0.03  -1.16
0  1.06e+07 4434.66 | 4309.37    0.0   2885     0 |    1.50   0.82   0.00  -1.16
0  1.06e+07 4434.66 | 4312.87    0.0   2883     0 |    1.50   0.66   0.09  -1.16
0  1.07e+07 4434.66 | 4304.19    0.0   2882     0 |    1.49   0.62   0.02  -1.16
0  1.07e+07 4434.66 | 4259.79    0.0   2882     0 |    1.48   0.73  -0.11  -1.17
0  1.08e+07 4434.66 | 4264.24    0.0   2882     0 |    1.48   0.79  -0.04  -1.16
0  1.09e+07 4434.66 | 4286.11    0.0   2882     0 |    1.48   0.73   0.11  -1.17
0  1.09e+07 4434.66 | 4295.41    0.0   2882     0 |    1.49   0.78   0.01  -1.17
0  1.10e+07 4434.66 | 4298.09    0.0   2882     0 |    1.49   0.85   0.10  -1.17
0  1.10e+07 4434.66 | 4298.69    0.0   2882     0 |    1.49   0.77  -0.02  -1.17
0  1.11e+07 4434.66 | 4308.44    0.0   2882     0 |    1.49   0.66   0.02  -1.17
0  1.11e+07 4434.66 | 4313.75    0.0   2882     0 |    1.50   0.80   0.12  -1.17
0  1.12e+07 4434.66 | 4330.48    0.0   2883     0 |    1.50   0.75  -0.05  -1.17
0  1.13e+07 4434.66 | 4331.02    0.0   2882     0 |    1.50   0.71  -0.02  -1.17
0  1.13e+07 4434.66 | 4338.75    0.0   2883     0 |    1.50   0.72  -0.02  -1.16
0  1.14e+07 4434.66 | 4333.79    0.0   2883     0 |    1.50   0.72   0.02  -1.16
0  1.14e+07 4434.66 | 4340.97    0.0   2883     0 |    1.50   0.79   0.08  -1.16
0  1.15e+07 4434.66 | 4338.75    0.0   2883     0 |    1.50   0.79   0.01  -1.16
0  1.15e+07 4434.66 | 4341.42    0.0   2883     0 |    1.50   0.75   0.04  -1.16
0  1.16e+07 4434.66 | 4351.60    0.0   2883     0 |    1.51   0.78   0.02  -1.17
0  1.17e+07 4434.66 | 4360.12    0.0   2883     0 |    1.51   0.67  -0.04  -1.17
0  1.17e+07 4434.66 | 4393.15    0.0   2884     0 |    1.52   0.75   0.03  -1.16
0  1.18e+07 4434.66 | 4406.58    0.0   2886     0 |    1.53   0.64   0.05  -1.16
0  1.18e+07 4573.63 |
成功率：100.0%, 提交量大于阈值的概率：0.13568%, 超供率：66.9%, 超供程度：62.9%, 超供平均值：4.2, 方差：241.0
0  1.18e+07 4573.63 | 4573.63    0.0   2887     0 |    1.52   0.72   0.02  -1.16
0  1.19e+07 4573.63 | 4396.28    0.0   2886     0 |    1.52   0.86   0.04  -1.16
0  1.19e+07 4573.63 | 4394.44    0.0   2886     0 |    1.56   0.64  -0.03  -1.16
0  1.20e+07 4573.63 | 4407.85    0.0   2886     0 |    1.53   0.76  -0.11  -1.16
0  1.21e+07 4583.57 |
成功率：100.0%, 提交量大于阈值的概率：0.11126%, 超供率：66.3%, 超供程度：62.2%, 超供平均值：4.1, 方差：239.6
0  1.21e+07 4583.57 | 4583.57    0.0   2887     0 |    1.53   0.69  -0.08  -1.16
0  1.21e+07 4583.57 | 4411.25    0.0   2887     0 |    1.55   0.75   0.10  -1.16
0  1.21e+07 4583.57 | 4581.81    0.0   2887     0 |    1.59   0.54  -0.01  -1.16
0  1.22e+07 4583.57 | 4333.86    0.0   2886     0 |    1.50   0.68   0.08  -1.15
0  1.23e+07 4583.57 | 4338.75    0.0   2886     0 |    1.50   0.80  -0.01  -1.16
0  1.23e+07 4583.57 | 4344.40    0.0   2885     0 |    1.50   0.73   0.06  -1.16
0  1.24e+07 4583.57 | 4308.57    0.0   2884     0 |    1.49   0.70   0.06  -1.16
0  1.24e+07 4583.57 | 4369.83    0.0   2887     0 |    1.51   0.72  -0.04  -1.17
0  1.25e+07 4583.57 | 4330.45    0.0   2882     0 |    1.50   0.76   0.06  -1.17
0  1.25e+07 4583.57 | 4347.15    0.0   2882     0 |    1.51   0.79   0.06  -1.17
0  1.26e+07 4583.57 | 4319.25    0.0   2883     0 |    1.50   0.73   0.03  -1.16
0  1.27e+07 4583.57 | 4308.50    0.0   2882     0 |    1.49   0.77  -0.01  -1.17
0  1.27e+07 4583.57 | 4315.00    0.0   2883     0 |    1.49   0.78   0.03  -1.18
0  1.28e+07 4583.57 | 4325.44    0.0   2883     0 |    1.50   0.75  -0.02  -1.18
0  1.28e+07 4583.57 | 4343.51    0.0   2882     0 |    1.50   0.74   0.06  -1.17
0  1.29e+07 4583.57 | 4277.18    0.0   2882     0 |    1.48   0.74  -0.07  -1.18
0  1.30e+07 4583.57 | 4261.96    0.0   2883     0 |    1.48   0.70  -0.03  -1.18
0  1.30e+07 4583.57 | 4255.89    0.0   2883     0 |    1.48   0.76   0.15  -1.17
0  1.31e+07 4583.57 | 4370.64    0.0   2883     0 |    1.52   0.70   0.01  -1.17
0  1.31e+07 4583.57 | 4362.97    0.0   2883     0 |    1.51   0.74   0.04  -1.17
0  1.32e+07 4583.57 | 4366.85    0.0   2882     0 |    1.51   0.61  -0.07  -1.17
0  1.33e+07 4583.57 | 4372.10    0.0   2883     0 |    1.52   0.77   0.03  -1.17
0  1.33e+07 4583.57 | 4376.45    0.0   2883     0 |    1.52   0.68  -0.04  -1.16
0  1.34e+07 4583.57 | 4381.00    0.0   2883     0 |    1.52   0.84  -0.00  -1.15
0  1.34e+07 4583.57 | 4379.12    0.0   2883     0 |    1.52   0.66   0.05  -1.15
0  1.35e+07 4583.57 | 4381.71    0.0   2883     0 |    1.52   0.74   0.09  -1.15
0  1.35e+07 4583.57 | 4375.26    0.0   2883     0 |    1.52   0.77   0.07  -1.15
0  1.36e+07 4583.57 | 4375.15    0.0   2883     0 |    1.52   0.77  -0.01  -1.15
0  1.37e+07 4583.57 | 4368.80    0.0   2883     0 |    1.51   0.70   0.05  -1.14
0  1.37e+07 4583.57 | 4368.48    0.0   2883     0 |    1.51   0.78   0.06  -1.15
0  1.38e+07 4583.57 | 4369.50    0.0   2883     0 |    1.51   0.66   0.01  -1.15
0  1.38e+07 4583.57 | 4431.28    0.0   2887     0 |    1.53   0.75   0.04  -1.15
0  1.39e+07 4583.57 | 4392.43    0.0   2883     0 |    1.52   0.69   0.06  -1.15
0  1.40e+07 4583.57 | 4394.70    0.0   2883     0 |    1.52   0.73   0.02  -1.15
0  1.40e+07 4583.57 | 4326.29    0.0   2883     0 |    1.50   0.69   0.17  -1.15
0  1.41e+07 4583.57 | 4393.35    0.0   2887     0 |    1.52   0.63  -0.02  -1.15
0  1.41e+07 4583.57 | 4358.78    0.0   2886     0 |    1.51   0.75  -0.01  -1.15
0  1.42e+07 4583.57 | 4296.48    0.0   2884     0 |    1.50   0.74   0.12  -1.15
0  1.42e+07 4583.57 | 4288.88    0.0   2883     0 |    1.49   0.82  -0.01  -1.15
0  1.43e+07 4583.57 | 4278.55    0.0   2883     0 |    1.48   0.67   0.07  -1.15
0  1.44e+07 4583.57 | 4281.84    0.0   2883     0 |    1.48   0.71   0.02  -1.15
0  1.44e+07 4583.57 | 4290.85    0.0   2883     0 |    1.49   0.61   0.02  -1.14
0  1.45e+07 4583.57 | 4317.62    0.0   2883     0 |    1.50   0.75   0.01  -1.14
0  1.45e+07 4583.57 | 4320.35    0.0   2883     0 |    1.50   0.72   0.12  -1.15
0  1.46e+07 4583.57 | 4324.85    0.0   2883     0 |    1.50   0.66   0.05  -1.15
0  1.47e+07 4583.57 | 4338.87    0.0   2883     0 |    1.50   0.71   0.07  -1.15
0  1.47e+07 4583.57 | 4347.04    0.0   2883     0 |    1.51   0.78   0.04  -1.15
0  1.48e+07 4583.57 | 4362.85    0.0   2883     0 |    1.51   0.75  -0.11  -1.14
0  1.49e+07 4583.57 | 4363.23    0.0   2883     0 |    1.51   0.81  -0.03  -1.15
0  1.49e+07 4583.57 | 4357.02    0.0   2883     0 |    1.51   0.70   0.00  -1.15
0  1.50e+07 4583.57 | 4370.46    0.0   2883     0 |    1.52   0.71   0.13  -1.14
0  1.50e+07 4583.57 | 4378.30    0.0   2883     0 |    1.52   0.82  -0.04  -1.15
0  1.51e+07 4583.57 | 4359.87    0.0   2883     0 |    1.51   0.76   0.04  -1.16
0  1.51e+07 4583.57 | 4362.60    0.0   2883     0 |    1.51   0.76   0.01  -1.15
0  1.52e+07 4583.57 | 4364.91    0.0   2883     0 |    1.51   0.81  -0.02  -1.15
0  1.53e+07 4583.57 | 4360.84    0.0   2883     0 |    1.51   0.72   0.07  -1.16
0  1.53e+07 4583.57 | 4364.70    0.0   2883     0 |    1.51   0.78   0.02  -1.14
0  1.54e+07 4583.57 | 4362.69    0.0   2883     0 |    1.51   0.85   0.14  -1.16
0  1.54e+07 4583.57 | 4369.20    0.0   2883     0 |    1.51   0.66   0.01  -1.16
0  1.55e+07 4583.57 | 4367.59    0.0   2883     0 |    1.51   0.70  -0.08  -1.16
0  1.56e+07 4583.57 | 4363.20    0.0   2883     0 |    1.51   0.74   0.02  -1.15
0  1.56e+07 4583.57 | 4374.20    0.0   2883     0 |    1.52   0.72  -0.06  -1.15
0  1.57e+07 4583.57 | 4377.08    0.0   2883     0 |    1.52   0.69  -0.01  -1.15
0  1.57e+07 4583.57 | 4377.53    0.0   2883     0 |    1.52   0.77   0.08  -1.15
0  1.58e+07 4583.57 | 4385.08    0.0   2883     0 |    1.52   0.66  -0.07  -1.15
0  1.58e+07 4583.57 | 4379.31    0.0   2883     0 |    1.52   0.84  -0.05  -1.16
0  1.59e+07 4583.57 | 4365.12    0.0   2883     0 |    1.51   0.74   0.03  -1.15
0  1.60e+07 4583.57 | 4389.41    0.0   2883     0 |    1.52   0.69   0.16  -1.15
0  1.60e+07 4583.57 | 4390.12    0.0   2885     0 |    1.52   0.70   0.01  -1.15
0  1.61e+07 4583.57 | 4393.51    0.0   2883     0 |    1.52   0.77   0.02  -1.16
0  1.61e+07 4583.57 | 4387.97    0.0   2883     0 |    1.52   0.71   0.07  -1.16
0  1.62e+07 4583.57 | 4380.48    0.0   2883     0 |    1.52   0.65  -0.08  -1.16
0  1.63e+07 4583.57 | 4381.18    0.0   2883     0 |    1.52   0.62   0.02  -1.16
0  1.63e+07 4583.57 | 4387.29    0.0   2883     0 |    1.52   0.67  -0.00  -1.16
0  1.64e+07 4583.57 | 4387.19    0.0   2883     0 |    1.52   0.72   0.03  -1.15
0  1.64e+07 4583.57 | 4381.26    0.0   2883     0 |    1.52   0.73   0.08  -1.15
0  1.65e+07 4583.57 | 4377.58    0.0   2883     0 |    1.52   0.71   0.04  -1.15
0  1.65e+07 4583.57 | 4384.94    0.0   2883     0 |    1.52   0.67   0.04  -1.14
0  1.66e+07 4583.57 | 4441.65    0.0   2886     0 |    1.53   0.76   0.03  -1.15
0  1.67e+07 4583.57 | 4393.22    0.0   2882     0 |    1.52   0.74   0.14  -1.15
0  1.67e+07 4583.57 | 4389.71    0.0   2882     0 |    1.52   0.73  -0.10  -1.14
0  1.68e+07 4583.57 | 4391.54    0.0   2882     0 |    1.52   0.68  -0.10  -1.15
0  1.68e+07 4583.57 | 4392.11    0.0   2882     0 |    1.52   0.70   0.05  -1.15
0  1.69e+07 4583.57 | 4428.11    0.0   2886     0 |    1.53   0.71   0.01  -1.15
0  1.70e+07 4583.57 | 4389.92    0.0   2885     0 |    1.52   0.68   0.03  -1.15
0  1.70e+07 4583.57 | 4430.94    0.0   2886     0 |    1.53   0.68   0.14  -1.15
0  1.71e+07 4583.57 | 4396.81    0.0   2884     0 |    1.53   0.69   0.03  -1.15
0  1.71e+07 4583.57 | 4385.72    0.0   2882     0 |    1.52   0.70   0.01  -1.15
0  1.72e+07 4583.57 | 4388.49    0.0   2882     0 |    1.52   0.71  -0.00  -1.15
0  1.72e+07 4583.57 | 4390.98    0.0   2882     0 |    1.52   0.62  -0.06  -1.14
0  1.73e+07 4583.57 | 4384.12    0.0   2882     0 |    1.52   0.85  -0.02  -1.15
0  1.74e+07 4583.57 | 4372.50    0.0   2882     0 |    1.52   0.67   0.05  -1.13
0  1.74e+07 4583.57 | 4380.23    0.0   2882     0 |    1.52   0.74   0.10  -1.14
0  1.75e+07 4583.57 | 4379.99    0.0   2883     0 |    1.52   0.78   0.10  -1.14
0  1.75e+07 4583.57 | 4359.65    0.0   2883     0 |    1.51   0.83   0.01  -1.14
0  1.76e+07 4583.57 | 4370.28    0.0   2882     0 |    1.51   0.71  -0.05  -1.14
0  1.77e+07 4583.57 | 4374.03    0.0   2882     0 |    1.52   0.73   0.09  -1.14
0  1.77e+07 4583.57 | 4388.39    0.0   2882     0 |    1.52   0.68  -0.04  -1.13
0  1.78e+07 4583.57 | 4392.57    0.0   2882     0 |    1.52   0.73   0.06  -1.13
0  1.78e+07 4583.57 | 4339.16    0.0   2882     0 |    1.54   0.64  -0.07  -1.14
0  1.79e+07 4583.57 | 4353.81    0.0   2882     0 |    1.51   0.67   0.07  -1.15
0  1.79e+07 4583.57 | 4363.68    0.0   2882     0 |    1.51   0.69  -0.01  -1.14
0  1.80e+07 4583.57 | 4367.06    0.0   2883     0 |    1.51   0.69   0.07  -1.15
0  1.81e+07 4583.57 | 4422.05    0.0   2885     0 |    1.53   0.67   0.04  -1.15
0  1.81e+07 4583.57 | 4415.40    0.0   2886     0 |    1.53   0.69  -0.02  -1.14
0  1.82e+07 4583.57 | 4426.72    0.0   2884     0 |    1.53   0.81   0.05  -1.14
0  1.82e+07 4583.57 | 4426.35    0.0   2885     0 |    1.53   0.56   0.05  -1.14
0  1.83e+07 4583.57 | 4443.37    0.0   2886     0 |    1.53   0.73   0.03  -1.14
0  1.84e+07 4583.57 | 4472.23    0.0   2886     0 |    1.54   0.75   0.01  -1.15
0  1.84e+07 4583.57 | 4460.97    0.0   2886     0 |    1.61   0.55  -0.05  -1.15
0  1.85e+07 4650.39 |
成功率：100.0%, 提交量大于阈值的概率：0.21347%, 超供率：66.8%, 超供程度：42.3%, 超供平均值：2.8, 方差：263.0
0  1.85e+07 4650.39 | 4650.39    0.0   2887     0 |    1.61   0.43  -0.10  -1.15
0  1.85e+07 4826.99 |
成功率：100.0%, 提交量大于阈值的概率：0.20986%, 超供率：50.4%, 超供程度：31.2%, 超供平均值：2.1, 方差：251.4
0  1.85e+07 4826.99 | 4826.99    0.0   2887     0 |    1.66   0.38  -0.23  -1.14
0  1.85e+07 4881.84 |
成功率：100.0%, 提交量大于阈值的概率：0.17368%, 超供率：40.5%, 超供程度：30.8%, 超供平均值：2.0, 方差：233.5
0  1.85e+07 4881.84 | 4881.84    0.0   2887     0 |    1.68   0.33  -0.06  -1.14
0  1.86e+07 4881.84 | 4865.71    0.0   2887     0 |    1.67   0.31  -0.01  -1.14
0  1.86e+07 4881.84 | 4867.45    0.0   2887     0 |    1.68   0.38  -0.09  -1.14
0  1.87e+07 4902.49 |
成功率：100.0%, 提交量大于阈值的概率：0.17729%, 超供率：39.2%, 超供程度：29.0%, 超供平均值：1.9, 方差：235.3
0  1.87e+07 4902.49 | 4902.49    0.0   2887     0 |    1.70   0.41  -0.00  -1.16
0  1.87e+07 4903.79 |
成功率：100.0%, 提交量大于阈值的概率：0.18724%, 超供率：29.5%, 超供程度：25.0%, 超供平均值：1.7, 方差：237.9
0  1.87e+07 4903.79 | 4903.79    0.0   2887     0 |    1.70   0.35  -0.14  -1.16
0  1.87e+07 4936.07 |
成功率：100.0%, 提交量大于阈值的概率：0.19629%, 超供率：24.7%, 超供程度：21.0%, 超供平均值：1.4, 方差：239.1
0  1.87e+07 4936.07 | 4936.07    0.0   2887     0 |    1.69   0.29  -0.18  -1.16
0  1.88e+07 4936.07 | 4930.55    0.0   2887     0 |    1.71   0.31  -0.06  -1.16
0  1.88e+07 4936.07 | 4923.33    0.0   2887     0 |    1.71   0.26  -0.01  -1.17
0  1.89e+07 4936.07 | 4898.77    0.0   2887     0 |    1.70   0.31  -0.08  -1.17
0  1.89e+07 4936.07 | 4921.91    0.0   2887     0 |    1.71   0.27  -0.05  -1.17
0  1.90e+07 4936.07 | 4920.11    0.0   2887     0 |    1.70   0.23  -0.14  -1.17
0  1.90e+07 4936.07 | 4933.26    0.0   2887     0 |    1.70   0.25  -0.08  -1.17
0  1.91e+07 4936.07 | 4895.47    0.0   2887     0 |    1.70   0.23  -0.10  -1.17
0  1.92e+07 4936.07 | 4870.28    0.0   2887     0 |    1.69   0.30  -0.08  -1.17
0  1.92e+07 4936.07 | 4871.14    0.0   2887     0 |    1.69   0.40  -0.11  -1.17
0  1.93e+07 4936.07 | 4861.47    0.0   2887     0 |    1.69   0.30  -0.04  -1.16
0  1.93e+07 4936.07 | 4891.27    0.0   2887     0 |    1.69   0.35  -0.13  -1.16
0  1.94e+07 4936.07 | 4756.12    0.0   2887     0 |    1.67   0.36   0.04  -1.16
0  1.95e+07 4936.07 | 4794.69    0.0   2887     0 |    1.66   0.39  -0.16  -1.15
0  1.95e+07 4936.07 | 4811.61    0.0   2887     0 |    1.67   0.34  -0.10  -1.15
0  1.96e+07 4936.07 | 4771.73    0.0   2887     0 |    1.65   0.34  -0.07  -1.15
0  1.96e+07 4936.07 | 4761.38    0.0   2887     0 |    1.64   0.33  -0.12  -1.14
0  1.97e+07 4936.07 | 4785.84    0.0   2887     0 |    1.65   0.36  -0.15  -1.15
0  1.97e+07 4936.07 | 4779.90    0.0   2887     0 |    1.66   0.30  -0.18  -1.16
0  1.98e+07 4936.07 | 4785.36    0.0   2887     0 |    1.66   0.25  -0.11  -1.16
0  1.99e+07 4936.07 | 4852.31    0.0   2887     0 |    1.67   0.31  -0.10  -1.17
0  1.99e+07 4936.07 | 4791.90    0.0   2887     0 |    1.66   0.26  -0.11  -1.17
0  2.00e+07 4936.07 | 4766.13    0.0   2887     0 |    1.65   0.32  -0.07  -1.15
0  2.00e+07 4936.07 | 4775.56    0.0   2887     0 |    1.66   0.33  -0.16  -1.16
0  2.01e+07 4936.07 | 4829.88    0.0   2887     0 |    1.67   0.30  -0.22  -1.16
0  2.01e+07 4936.07 | 4820.20    0.0   2887     0 |    1.67   0.26  -0.11  -1.15
0  2.02e+07 4936.07 | 4799.22    0.0   2887     0 |    1.68   0.24  -0.17  -1.15
0  2.03e+07 4936.07 | 4815.76    0.0   2887     0 |    1.65   0.30  -0.14  -1.14
0  2.03e+07 4936.07 | 4793.25    0.0   2887     0 |    1.66   0.35  -0.16  -1.14
0  2.04e+07 4936.07 | 4779.75    0.0   2887     0 |    1.65   0.27  -0.17  -1.15
0  2.04e+07 4936.07 | 4754.49    0.0   2887     0 |    1.65   0.37  -0.09  -1.15
0  2.05e+07 4936.07 | 4755.44    0.0   2887     0 |    1.65   0.35  -0.05  -1.16
0  2.05e+07 4936.07 | 4818.46    0.0   2887     0 |    1.67   0.24  -0.23  -1.15
0  2.06e+07 4936.07 | 4777.40    0.0   2887     0 |    1.66   0.25  -0.06  -1.14
0  2.07e+07 4936.07 | 4763.23    0.0   2887     0 |    1.65   0.30  -0.13  -1.15
0  2.07e+07 4936.07 | 4680.60    0.0   2887     0 |    1.62   0.39   0.01  -1.14
0  2.08e+07 4936.07 | 4737.23    0.0   2887     0 |    1.64   0.33  -0.06  -1.14
0  2.08e+07 4936.07 | 4718.19    0.0   2887     0 |    1.63   0.29  -0.13  -1.14
0  2.09e+07 4936.07 | 4739.60    0.0   2887     0 |    1.64   0.32  -0.16  -1.14
0  2.10e+07 4936.07 | 4746.74    0.0   2887     0 |    1.64   0.31  -0.08  -1.15
0  2.10e+07 4936.07 | 4693.60    0.0   2887     0 |    1.63   0.37  -0.10  -1.14
0  2.11e+07 4936.07 | 4708.54    0.0   2887     0 |    1.64   0.35  -0.06  -1.15
0  2.11e+07 4936.07 | 4743.81    0.0   2887     0 |    1.63   0.41   0.10  -1.14
0  2.12e+07 4936.07 | 4708.90    0.0   2887     0 |    1.63   0.41  -0.06  -1.15
0  2.12e+07 4936.07 | 4710.26    0.0   2887     0 |    1.63   0.38  -0.09  -1.16
0  2.13e+07 4936.07 | 4690.58    0.0   2887     0 |    1.61   0.40  -0.01  -1.16
0  2.14e+07 4936.07 | 4581.84    0.0   2887     0 |    1.59   0.42  -0.06  -1.16
0  2.14e+07 4936.07 | 4292.62    0.0   2887     0 |    1.49   0.57   0.03  -1.15
0  2.15e+07 4936.07 | 4297.76    0.0   2887     0 |    1.49   0.64  -0.03  -1.15
0  2.16e+07 4936.07 | 4672.15    0.0   2887     0 |    1.62   0.41  -0.06  -1.14
0  2.16e+07 4936.07 | 4740.45    0.0   2887     0 |    1.63   0.30   0.01  -1.15
0  2.17e+07 4936.07 | 4775.63    0.0   2887     0 |    1.65   0.31  -0.09  -1.16
0  2.17e+07 4936.07 | 4757.80    0.0   2887     0 |    1.65   0.28  -0.09  -1.16
0  2.18e+07 4936.07 | 4796.32    0.0   2887     0 |    1.66   0.27  -0.11  -1.16
0  2.18e+07 4936.07 | 4876.87    0.0   2887     0 |    1.66   0.24  -0.11  -1.15
0  2.19e+07 4936.07 | 4795.10    0.0   2887     0 |    1.65   0.29  -0.12  -1.16
0  2.20e+07 4936.07 | 4775.55    0.0   2887     0 |    1.65   0.29  -0.16  -1.16
0  2.20e+07 4936.07 | 4750.04    0.0   2887     0 |    1.65   0.30  -0.09  -1.16
0  2.21e+07 4936.07 | 4774.67    0.0   2887     0 |    1.65   0.31  -0.22  -1.17
0  2.21e+07 4936.07 | 4748.31    0.0   2887     0 |    1.65   0.30   0.05  -1.17
0  2.22e+07 4936.07 | 4739.56    0.0   2887     0 |    1.64   0.26  -0.10  -1.17
0  2.22e+07 4936.07 | 4748.04    0.0   2887     0 |    1.65   0.34  -0.07  -1.17
0  2.23e+07 4936.07 | 4731.79    0.0   2887     0 |    1.64   0.24  -0.10  -1.17
0  2.24e+07 4936.07 | 4599.91    0.0   2887     0 |    1.61   0.34  -0.06  -1.16
0  2.24e+07 4936.07 | 4673.96    0.0   2887     0 |    1.59   0.42  -0.02  -1.16
0  2.25e+07 4936.07 | 4453.29    0.0   2887     0 |    1.53   0.44  -0.02  -1.16
0  2.25e+07 4936.07 | 4452.25    0.0   2887     0 |    1.51   0.46   0.03  -1.15
0  2.26e+07 4936.07 | 4452.79    0.0   2887     0 |    1.54   0.43  -0.02  -1.16
0  2.27e+07 4936.07 | 4451.54    0.0   2887     0 |    1.51   0.60  -0.00  -1.15
