################################################################################
ID     Step    maxR |    avgR   stdR   avgS  stdS |    expR   objC   etc.
0  5.77e+03 4231.76 |
成功率：98.6%, 提交量大于阈值的概率：0.12845%, 超供率：95.9%, 超供程度：83.5%, 超供平均值：5.7, 方差：197.7
0  5.77e+03 4231.76 | 4231.76    0.0   2886     0 |    1.39   1.36   0.05  -0.50
0  3.46e+04 4302.28 |
成功率：99.1%, 提交量大于阈值的概率：0.10772%, 超供率：96.6%, 超供程度：84.2%, 超供平均值：5.7, 方差：197.3
0  3.46e+04 4302.28 | 4302.28    0.0   2886     0 |    1.41   1.07   0.04  -0.51
0  6.35e+04 4363.63 |
成功率：99.4%, 提交量大于阈值的概率：0.07918%, 超供率：97.4%, 超供程度：84.8%, 超供平均值：5.7, 方差：194.1
0  6.35e+04 4363.63 | 4363.63    0.0   2885     0 |    1.43   1.06  -0.02  -0.52
0  9.23e+04 4388.36 |
成功率：99.4%, 提交量大于阈值的概率：0.04639%, 超供率：97.6%, 超供程度：85.0%, 超供平均值：5.7, 方差：193.7
0  9.23e+04 4388.36 | 4388.36    0.0   2885     0 |    1.45   0.97   0.06  -0.52
0  1.21e+05 4388.36 | 4375.47    0.0   2885     0 |    1.46   1.14  -0.03  -0.52
0  1.79e+05 4406.17 |
成功率：99.3%, 提交量大于阈值的概率：0.03278%, 超供率：97.5%, 超供程度：83.9%, 超供平均值：5.6, 方差：188.0
0  1.79e+05 4406.17 | 4406.17    0.0   2885     0 |    1.47   1.01   0.05  -0.54
0  2.08e+05 4406.17 | 4403.67    0.0   2886     0 |    1.48   1.27  -0.01  -0.55
0  2.65e+05 4420.02 |
成功率：99.4%, 提交量大于阈值的概率：0.01456%, 超供率：97.3%, 超供程度：84.0%, 超供平均值：5.6, 方差：192.7
0  2.65e+05 4420.02 | 4420.02    0.0   2886     0 |    1.48   1.11   0.08  -0.57
0  2.94e+05 4420.02 | 4416.25    0.0   2886     0 |    1.49   1.18   0.13  -0.58
0  3.52e+05 4431.46 |
成功率：99.6%, 提交量大于阈值的概率：0.01180%, 超供率：97.7%, 超供程度：85.1%, 超供平均值：5.7, 方差：197.7
0  3.52e+05 4431.46 | 4431.46    0.0   2886     0 |    1.50   1.27   0.05  -0.60
0  3.81e+05 4431.73 |
成功率：99.7%, 提交量大于阈值的概率：0.00908%, 超供率：97.8%, 超供程度：85.6%, 超供平均值：5.7, 方差：199.7
0  3.81e+05 4431.73 | 4431.73    0.0   2886     0 |    1.50   1.21   0.10  -0.61
0  4.10e+05 4436.22 |
成功率：99.6%, 提交量大于阈值的概率：0.01271%, 超供率：97.7%, 超供程度：85.0%, 超供平均值：5.7, 方差：198.5
0  4.10e+05 4436.22 | 4436.22    0.0   2885     0 |    1.50   1.35  -0.06  -0.62
0  4.39e+05 4441.36 |
成功率：99.6%, 提交量大于阈值的概率：0.01363%, 超供率：97.4%, 超供程度：83.8%, 超供平均值：5.6, 方差：194.9
0  4.39e+05 4441.36 | 4441.36    0.0   2886     0 |    1.50   1.13   0.00  -0.63
0  4.67e+05 4447.70 |
成功率：99.6%, 提交量大于阈值的概率：0.00999%, 超供率：97.2%, 超供程度：83.4%, 超供平均值：5.6, 方差：194.1
0  4.67e+05 4447.70 | 4447.70    0.0   2886     0 |    1.51   1.07  -0.00  -0.64
0  4.96e+05 4447.70 | 4446.76    0.0   2885     0 |    1.52   1.06  -0.05  -0.65
0  5.54e+05 4447.70 | 4446.09    0.0   2885     0 |    1.52   1.28   0.01  -0.67
0  6.12e+05 4449.14 |
成功率：99.7%, 提交量大于阈值的概率：0.00998%, 超供率：97.0%, 超供程度：84.0%, 超供平均值：5.6, 方差：199.9
0  6.12e+05 4449.14 | 4449.14    0.0   2885     0 |    1.52   1.23   0.02  -0.69
0  6.41e+05 4451.95 |
成功率：99.7%, 提交量大于阈值的概率：0.00998%, 超供率：97.0%, 超供程度：84.4%, 超供平均值：5.6, 方差：202.0
0  6.41e+05 4451.95 | 4451.95    0.0   2886     0 |    1.52   1.37   0.01  -0.70
0  6.69e+05 4451.95 | 4447.61    0.0   2885     0 |    1.52   1.10  -0.07  -0.71
0  7.27e+05 4451.95 | 4444.55    0.0   2886     0 |    1.52   1.19   0.04  -0.72
0  7.85e+05 4451.95 | 4444.80    0.0   2886     0 |    1.52   1.37   0.04  -0.74
0  8.43e+05 4451.95 | 4445.96    0.0   2886     0 |    1.52   1.28   0.04  -0.75
0  9.00e+05 4451.95 | 4437.62    0.0   2884     0 |    1.52   1.42   0.13  -0.77
0  9.58e+05 4451.95 | 4442.42    0.0   2886     0 |    1.52   1.20   0.00  -0.79
0  1.02e+06 4451.95 | 4447.93    0.0   2886     0 |    1.53   1.32  -0.01  -0.80
0  1.07e+06 4451.95 | 4445.01    0.0   2886     0 |    1.53   1.32  -0.02  -0.81
0  1.13e+06 4451.95 | 4451.23    0.0   2887     0 |    1.53   1.24   0.03  -0.83
0  1.19e+06 4462.05 |
成功率：99.9%, 提交量大于阈值的概率：0.01448%, 超供率：97.0%, 超供程度：84.8%, 超供平均值：5.7, 方差：209.3
0  1.19e+06 4462.05 | 4462.05    0.0   2887     0 |    1.54   1.28  -0.01  -0.83
0  1.22e+06 4462.05 | 4455.25    0.0   2887     0 |    1.54   1.49   0.07  -0.84
0  1.28e+06 4462.05 | 4452.63    0.0   2886     0 |    1.53   1.44   0.12  -0.86
0  1.33e+06 4462.05 | 4446.45    0.0   2884     0 |    1.53   1.32   0.05  -0.88
0  1.39e+06 4462.05 | 4438.38    0.0   2887     0 |    1.53   1.33   0.03  -0.89
0  1.45e+06 4462.05 | 4436.18    0.0   2886     0 |    1.52   1.16   0.08  -0.90
0  1.51e+06 4462.05 | 4449.07    0.0   2886     0 |    1.53   1.26   0.00  -0.91
0  1.56e+06 4462.05 | 4442.98    0.0   2885     0 |    1.53   1.35   0.04  -0.92
0  1.62e+06 4462.05 | 4445.39    0.0   2885     0 |    1.53   1.47  -0.03  -0.94
0  1.68e+06 4462.05 | 4457.98    0.0   2887     0 |    1.54   1.36   0.06  -0.96
0  1.74e+06 4462.05 | 4447.54    0.0   2887     0 |    1.54   1.58   0.07  -0.98
0  1.79e+06 4462.05 | 4457.36    0.0   2887     0 |    1.54   1.12   0.04  -0.99
0  1.85e+06 4462.05 | 4457.15    0.0   2887     0 |    1.54   1.24  -0.02  -1.01
0  1.91e+06 4462.05 | 4460.43    0.0   2887     0 |    1.53   1.31   0.11  -1.02
0  1.97e+06 4462.05 | 4452.24    0.0   2885     0 |    1.54   1.18   0.04  -1.03
0  2.03e+06 4462.05 | 4443.17    0.0   2884     0 |    1.53   1.22   0.07  -1.04
0  2.08e+06 4462.05 | 4447.27    0.0   2886     0 |    1.53   1.28  -0.01  -1.06
0  2.14e+06 4462.05 | 4449.19    0.0   2887     0 |    1.54   1.38   0.01  -1.06
0  2.20e+06 4462.05 | 4435.22    0.0   2884     0 |    1.53   1.20   0.04  -1.07
0  2.26e+06 4462.05 | 4437.75    0.0   2887     0 |    1.53   1.28   0.04  -1.09
0  2.31e+06 4462.05 | 4446.88    0.0   2887     0 |    1.54   1.24  -0.00  -1.10
0  2.37e+06 4462.05 | 4444.04    0.0   2887     0 |    1.53   1.33   0.11  -1.12
0  2.43e+06 4462.05 | 4412.83    0.0   2887     0 |    1.52   1.38   0.04  -1.15
0  2.49e+06 4462.05 | 4418.82    0.0   2887     0 |    1.52   1.36   0.06  -1.14
0  2.55e+06 4462.05 | 4422.02    0.0   2887     0 |    1.53   1.40   0.12  -1.15
0  2.60e+06 4462.05 | 4426.74    0.0   2887     0 |    1.53   1.36   0.00  -1.15
0  2.66e+06 4462.05 | 4417.65    0.0   2886     0 |    1.53   1.46   0.00  -1.15
0  2.72e+06 4462.05 | 4432.53    0.0   2886     0 |    1.53   1.35  -0.03  -1.16
0  2.78e+06 4462.05 | 4429.95    0.0   2886     0 |    1.53   1.31   0.03  -1.16
0  2.83e+06 4462.05 | 4435.46    0.0   2886     0 |    1.53   1.37   0.07  -1.16
0  2.89e+06 4462.05 | 4417.00    0.0   2886     0 |    1.53   1.20  -0.02  -1.17
0  2.95e+06 4462.05 | 4427.78    0.0   2886     0 |    1.53   1.14   0.08  -1.17
0  3.01e+06 4462.05 | 4430.10    0.0   2886     0 |    1.53   1.24  -0.04  -1.16
0  3.06e+06 4462.05 | 4441.36    0.0   2886     0 |    1.54   1.48   0.03  -1.17
0  3.12e+06 4462.05 | 4448.19    0.0   2887     0 |    1.54   1.17   0.04  -1.16
0  3.17e+06 4462.05 | 4441.62    0.0   2887     0 |    1.54   1.21  -0.02  -1.17
0  3.23e+06 4462.05 | 4442.04    0.0   2886     0 |    1.53   1.34   0.13  -1.16
0  3.29e+06 4462.05 | 4441.44    0.0   2886     0 |    1.53   1.19   0.01  -1.17
0  3.35e+06 4462.05 | 4438.40    0.0   2886     0 |    1.53   1.34  -0.09  -1.17
0  3.41e+06 4462.05 | 4432.78    0.0   2886     0 |    1.53   1.42  -0.02  -1.17
0  3.46e+06 4462.05 | 4439.92    0.0   2885     0 |    1.53   1.47  -0.05  -1.17
0  3.52e+06 4462.05 | 4444.31    0.0   2886     0 |    1.53   1.29   0.06  -1.17
0  3.58e+06 4462.05 | 4446.85    0.0   2887     0 |    1.54   1.37   0.12  -1.17
0  3.64e+06 4462.05 | 4455.65    0.0   2887     0 |    1.54   1.09   0.07  -1.18
0  3.69e+06 4462.05 | 4443.88    0.0   2887     0 |    1.54   1.27  -0.06  -1.18
0  3.75e+06 4462.05 | 4442.56    0.0   2887     0 |    1.55   1.12   0.06  -1.18
0  3.81e+06 4462.05 | 4445.32    0.0   2887     0 |    1.54   1.41   0.13  -1.18
0  3.87e+06 4462.05 | 4448.29    0.0   2887     0 |    1.54   1.39   0.10  -1.17
0  3.92e+06 4462.05 | 4432.31    0.0   2886     0 |    1.53   1.41   0.05  -1.17
0  3.98e+06 4462.05 | 4437.50    0.0   2886     0 |    1.53   1.33   0.08  -1.16
0  4.03e+06 4462.05 | 4431.17    0.0   2886     0 |    1.53   1.31  -0.01  -1.16
0  4.09e+06 4462.05 | 4425.27    0.0   2886     0 |    1.53   1.29   0.05  -1.16
0  4.15e+06 4462.05 | 4426.02    0.0   2886     0 |    1.53   1.56   0.03  -1.17
0  4.21e+06 4462.05 | 4433.12    0.0   2887     0 |    1.53   1.40   0.13  -1.17
0  4.27e+06 4462.05 | 4432.69    0.0   2887     0 |    1.53   1.39   0.09  -1.17
0  4.32e+06 4462.05 | 4445.65    0.0   2886     0 |    1.54   1.20   0.02  -1.17
0  4.38e+06 4462.05 | 4443.88    0.0   2886     0 |    1.54   1.47   0.08  -1.17
0  4.44e+06 4462.05 | 4444.30    0.0   2887     0 |    1.54   1.24   0.08  -1.17
0  4.50e+06 4462.05 | 4446.83    0.0   2887     0 |    1.54   1.22   0.06  -1.16
0  4.55e+06 4478.12 |
成功率：100.0%, 提交量大于阈值的概率：0.01629%, 超供率：92.4%, 超供程度：83.1%, 超供平均值：5.5, 方差：214.6
0  4.55e+06 4478.12 | 4478.12    0.0   2887     0 |    1.55   1.25   0.00  -1.16
0  4.58e+06 4478.12 | 4446.85    0.0   2887     0 |    1.54   1.29  -0.00  -1.17
0  4.64e+06 4478.12 | 4442.71    0.0   2886     0 |    1.54   1.33  -0.00  -1.17
0  4.70e+06 4478.12 | 4443.08    0.0   2886     0 |    1.54   1.21  -0.02  -1.17
0  4.76e+06 4478.12 | 4441.52    0.0   2886     0 |    1.53   1.34   0.08  -1.17
0  4.81e+06 4478.12 | 4445.77    0.0   2886     0 |    1.54   1.31   0.07  -1.18
0  4.87e+06 4478.12 | 4446.59    0.0   2886     0 |    1.54   1.29   0.13  -1.18
0  4.93e+06 4478.12 | 4443.98    0.0   2886     0 |    1.54   1.16  -0.01  -1.17
0  4.99e+06 4478.12 | 4448.51    0.0   2886     0 |    1.54   1.38   0.08  -1.17
0  5.04e+06 4478.12 | 4432.43    0.0   2886     0 |    1.53   1.30   0.02  -1.18
0  5.10e+06 4478.12 | 4438.38    0.0   2886     0 |    1.53   1.41  -0.14  -1.18
0  5.16e+06 4478.12 | 4420.19    0.0   2886     0 |    1.53   1.31  -0.05  -1.18
0  5.22e+06 4478.12 | 4414.83    0.0   2886     0 |    1.53   1.21   0.01  -1.17
0  5.27e+06 4478.12 | 4419.45    0.0   2886     0 |    1.53   1.41   0.09  -1.17
0  5.33e+06 4478.12 | 4429.50    0.0   2886     0 |    1.53   1.32   0.09  -1.18
0  5.39e+06 4478.12 | 4430.73    0.0   2886     0 |    1.53   1.24   0.08  -1.17
0  5.44e+06 4478.12 | 4434.42    0.0   2886     0 |    1.53   1.36  -0.00  -1.17
0  5.50e+06 4478.12 | 4431.43    0.0   2886     0 |    1.53   1.21   0.02  -1.17
0  5.55e+06 4478.12 | 4430.86    0.0   2886     0 |    1.53   1.36   0.03  -1.17
0  5.61e+06 4478.12 | 4436.36    0.0   2887     0 |    1.53   1.28   0.04  -1.18
0  5.67e+06 4478.12 | 4408.51    0.0   2886     0 |    1.52   1.33   0.01  -1.17
0  5.73e+06 4478.12 | 4415.96    0.0   2886     0 |    1.52   1.41   0.07  -1.17
0  5.78e+06 4478.12 | 4413.19    0.0   2887     0 |    1.52   1.45  -0.02  -1.18
0  5.84e+06 4478.12 | 4421.99    0.0   2886     0 |    1.52   1.46   0.13  -1.18
0  5.89e+06 4478.12 | 4424.08    0.0   2886     0 |    1.53   1.23  -0.00  -1.18
0  5.95e+06 4478.12 | 4426.72    0.0   2886     0 |    1.53   1.30   0.03  -1.18
0  6.00e+06 4478.12 | 4426.53    0.0   2887     0 |    1.53   1.40   0.02  -1.19
0  6.05e+06 4478.12 | 4428.85    0.0   2887     0 |    1.53   1.33   0.06  -1.17
0  6.11e+06 4478.12 | 4425.65    0.0   2887     0 |    1.53   1.28   0.11  -1.18
0  6.16e+06 4478.12 | 4417.24    0.0   2886     0 |    1.52   1.36   0.01  -1.18
0  6.22e+06 4478.12 | 4415.16    0.0   2886     0 |    1.52   1.49   0.06  -1.17
0  6.28e+06 4478.12 | 4424.70    0.0   2886     0 |    1.53   1.32   0.10  -1.18
0  6.34e+06 4478.12 | 4419.57    0.0   2886     0 |    1.52   1.35   0.11  -1.17
0  6.40e+06 4478.12 | 4427.08    0.0   2886     0 |    1.52   1.32  -0.04  -1.17
0  6.45e+06 4478.12 | 4433.29    0.0   2886     0 |    1.53   1.30   0.12  -1.17
0  6.51e+06 4478.12 | 4433.44    0.0   2886     0 |    1.53   1.38   0.07  -1.16
0  6.57e+06 4478.12 | 4429.13    0.0   2886     0 |    1.53   1.38   0.03  -1.16
0  6.63e+06 4478.12 | 4430.98    0.0   2886     0 |    1.53   1.18  -0.06  -1.17
0  6.68e+06 4478.12 | 4417.90    0.0   2886     0 |    1.52   1.38   0.11  -1.18
0  6.74e+06 4478.12 | 4425.04    0.0   2886     0 |    1.53   1.31   0.03  -1.17
0  6.80e+06 4478.12 | 4420.90    0.0   2886     0 |    1.52   1.23   0.02  -1.17
0  6.86e+06 4478.12 | 4415.23    0.0   2886     0 |    1.52   1.28   0.01  -1.17
0  6.92e+06 4478.12 | 4408.29    0.0   2885     0 |    1.52   1.42   0.08  -1.17
0  6.98e+06 4478.12 | 4409.96    0.0   2885     0 |    1.52   1.33   0.02  -1.16
0  7.04e+06 4478.12 | 4417.73    0.0   2885     0 |    1.53   1.37   0.03  -1.17
0  7.09e+06 4478.12 | 4413.12    0.0   2885     0 |    1.52   1.53   0.11  -1.17
0  7.15e+06 4478.12 | 4417.88    0.0   2885     0 |    1.53   1.60   0.13  -1.16
0  7.21e+06 4478.12 | 4418.64    0.0   2886     0 |    1.53   1.53  -0.03  -1.16
0  7.27e+06 4478.12 | 4419.27    0.0   2886     0 |    1.53   1.63   0.05  -1.16
0  7.32e+06 4478.12 | 4422.61    0.0   2886     0 |    1.53   1.19   0.13  -1.17
0  7.38e+06 4478.12 | 4425.84    0.0   2885     0 |    1.53   1.35   0.09  -1.17
0  7.44e+06 4478.12 | 4422.81    0.0   2886     0 |    1.53   1.44   0.05  -1.17
0  7.50e+06 4478.12 | 4426.68    0.0   2886     0 |    1.53   1.54   0.03  -1.16
0  7.56e+06 4478.12 | 4419.98    0.0   2885     0 |    1.52   1.23   0.01  -1.16
0  7.62e+06 4478.12 | 4423.98    0.0   2885     0 |    1.53   1.37   0.02  -1.15
0  7.68e+06 4478.12 | 4424.94    0.0   2886     0 |    1.53   1.31  -0.04  -1.15
0  7.73e+06 4478.12 | 4422.15    0.0   2885     0 |    1.53   1.52   0.11  -1.15
0  7.79e+06 4478.12 | 4426.35    0.0   2885     0 |    1.53   1.27  -0.04  -1.16
0  7.86e+06 4478.12 | 4429.04    0.0   2886     0 |    1.53   1.26   0.06  -1.16
0  7.91e+06 4478.12 | 4413.35    0.0   2885     0 |    1.53   1.27   0.03  -1.17
0  7.97e+06 4478.12 | 4420.29    0.0   2885     0 |    1.53   1.31  -0.10  -1.18
0  8.03e+06 4478.12 | 4425.22    0.0   2885     0 |    1.53   1.30   0.04  -1.17
0  8.09e+06 4478.12 | 4430.44    0.0   2885     0 |    1.53   1.32  -0.01  -1.17
0  8.14e+06 4478.12 | 4425.11    0.0   2885     0 |    1.53   1.46   0.01  -1.18
0  8.20e+06 4478.12 | 4426.02    0.0   2885     0 |    1.53   1.37   0.08  -1.17
0  8.26e+06 4478.12 | 4429.93    0.0   2886     0 |    1.53   1.48  -0.04  -1.17
0  8.32e+06 4478.12 | 4432.44    0.0   2886     0 |    1.53   1.28   0.00  -1.17
0  8.37e+06 4478.12 | 4424.61    0.0   2885     0 |    1.53   1.41   0.08  -1.17
0  8.43e+06 4478.12 | 4426.04    0.0   2885     0 |    1.53   1.41  -0.04  -1.17
0  8.49e+06 4478.12 | 4424.19    0.0   2886     0 |    1.53   1.31   0.04  -1.17
0  8.55e+06 4478.12 | 4421.88    0.0   2886     0 |    1.53   1.48  -0.06  -1.17
0  8.61e+06 4478.12 | 4419.40    0.0   2886     0 |    1.53   1.39   0.02  -1.17
0  8.66e+06 4478.12 | 4412.30    0.0   2886     0 |    1.53   1.51  -0.05  -1.17
0  8.72e+06 4478.12 | 4411.60    0.0   2886     0 |    1.52   1.39   0.07  -1.16
0  8.78e+06 4478.12 | 4414.79    0.0   2886     0 |    1.52   1.40   0.01  -1.16
0  8.84e+06 4478.12 | 4399.20    0.0   2885     0 |    1.51   1.61   0.06  -1.17
0  8.89e+06 4478.12 | 4393.67    0.0   2885     0 |    1.52   1.07   0.02  -1.16
0  8.95e+06 4478.12 | 4397.77    0.0   2885     0 |    1.52   1.55  -0.01  -1.16
0  9.01e+06 4478.12 | 4403.11    0.0   2885     0 |    1.52   1.27  -0.01  -1.16
0  9.07e+06 4478.12 | 4411.24    0.0   2885     0 |    1.52   1.37   0.11  -1.16
0  9.13e+06 4478.12 | 4419.00    0.0   2885     0 |    1.53   1.32  -0.04  -1.16
0  9.18e+06 4478.12 | 4411.30    0.0   2885     0 |    1.52   1.26   0.09  -1.17
0  9.24e+06 4478.12 | 4419.40    0.0   2886     0 |    1.53   1.38   0.07  -1.16
0  9.30e+06 4478.12 | 4413.97    0.0   2886     0 |    1.53   1.36   0.03  -1.17
0  9.36e+06 4478.12 | 4408.17    0.0   2886     0 |    1.52   1.29   0.07  -1.18
0  9.41e+06 4478.12 | 4410.98    0.0   2886     0 |    1.52   1.26   0.15  -1.17
0  9.47e+06 4478.12 | 4414.64    0.0   2886     0 |    1.53   1.44   0.12  -1.17
0  9.53e+06 4478.12 | 4413.57    0.0   2886     0 |    1.53   1.23  -0.02  -1.17
0  9.59e+06 4478.12 | 4409.28    0.0   2886     0 |    1.52   1.27   0.06  -1.16
0  9.64e+06 4478.12 | 4409.86    0.0   2886     0 |    1.52   1.23   0.05  -1.17
0  9.70e+06 4478.12 | 4418.29    0.0   2887     0 |    1.53   1.29  -0.01  -1.17
0  9.76e+06 4478.12 | 4425.21    0.0   2886     0 |    1.53   1.27   0.04  -1.17
0  9.82e+06 4478.12 | 4433.17    0.0   2887     0 |    1.53   1.35   0.16  -1.16
0  9.88e+06 4478.12 | 4428.94    0.0   2886     0 |    1.53   1.27  -0.04  -1.16
0  9.93e+06 4478.12 | 4425.44    0.0   2887     0 |    1.53   1.42   0.02  -1.17
0  9.99e+06 4478.12 | 4442.25    0.0   2887     0 |    1.54   1.35   0.04  -1.18
0  1.00e+07 4478.12 | 4436.42    0.0   2886     0 |    1.53   1.41   0.00  -1.16
0  1.01e+07 4478.12 | 4434.92    0.0   2886     0 |    1.53   1.37   0.08  -1.16
0  1.02e+07 4478.12 | 4436.79    0.0   2886     0 |    1.53   1.56   0.05  -1.16
0  1.02e+07 4478.12 | 4427.14    0.0   2886     0 |    1.53   1.29  -0.06  -1.17
0  1.03e+07 4478.12 | 4438.96    0.0   2887     0 |    1.53   1.19   0.09  -1.17
0  1.03e+07 4478.12 | 4434.47    0.0   2887     0 |    1.53   1.22  -0.09  -1.17
0  1.04e+07 4478.12 | 4430.53    0.0   2886     0 |    1.53   1.24  -0.02  -1.17
0  1.05e+07 4478.12 | 4430.18    0.0   2886     0 |    1.53   1.27  -0.00  -1.17
0  1.05e+07 4478.12 | 4428.59    0.0   2886     0 |    1.53   1.41  -0.02  -1.16
0  1.06e+07 4478.12 | 4424.57    0.0   2886     0 |    1.53   1.46   0.09  -1.16
0  1.06e+07 4478.12 | 4427.08    0.0   2886     0 |    1.53   1.34   0.08  -1.17
0  1.07e+07 4478.12 | 4419.63    0.0   2887     0 |    1.53   1.37  -0.06  -1.16
0  1.07e+07 4478.12 | 4425.35    0.0   2887     0 |    1.53   1.42  -0.07  -1.16
0  1.08e+07 4478.12 | 4421.24    0.0   2886     0 |    1.53   1.31   0.08  -1.16
0  1.09e+07 4478.12 | 4418.47    0.0   2886     0 |    1.53   1.23   0.03  -1.16
0  1.09e+07 4478.12 | 4404.21    0.0   2886     0 |    1.52   1.41   0.17  -1.16
0  1.10e+07 4478.12 | 4421.69    0.0   2886     0 |    1.53   1.25   0.10  -1.16
0  1.10e+07 4478.12 | 4408.08    0.0   2886     0 |    1.52   1.37   0.05  -1.16
0  1.11e+07 4478.12 | 4407.04    0.0   2886     0 |    1.52   1.21   0.08  -1.17
0  1.11e+07 4478.12 | 4402.19    0.0   2886     0 |    1.52   1.23   0.01  -1.15
0  1.12e+07 4478.12 | 4396.24    0.0   2886     0 |    1.52   1.35  -0.04  -1.16
0  1.13e+07 4478.12 | 4398.20    0.0   2886     0 |    1.52   1.23  -0.01  -1.16
0  1.13e+07 4478.12 | 4408.22    0.0   2886     0 |    1.52   1.37  -0.03  -1.16
0  1.14e+07 4478.12 | 4419.05    0.0   2886     0 |    1.53   1.29   0.03  -1.15
0  1.14e+07 4478.12 | 4411.09    0.0   2886     0 |    1.53   1.37   0.07  -1.16
0  1.15e+07 4478.12 | 4416.35    0.0   2886     0 |    1.53   1.13   0.11  -1.16
0  1.16e+07 4478.12 | 4417.95    0.0   2886     0 |    1.53   1.29  -0.09  -1.17
0  1.16e+07 4478.12 | 4417.13    0.0   2886     0 |    1.53   1.35   0.04  -1.18
0  1.17e+07 4478.12 | 4421.17    0.0   2886     0 |    1.53   1.41  -0.02  -1.17
0  1.17e+07 4478.12 | 4417.31    0.0   2886     0 |    1.53   1.38   0.09  -1.17
0  1.18e+07 4478.12 | 4429.25    0.0   2886     0 |    1.53   1.25   0.04  -1.18
0  1.19e+07 4478.12 | 4420.37    0.0   2886     0 |    1.53   1.31   0.02  -1.17
0  1.19e+07 4478.12 | 4421.01    0.0   2886     0 |    1.53   1.26   0.08  -1.17
0  1.20e+07 4478.12 | 4424.33    0.0   2886     0 |    1.53   1.36   0.07  -1.16
0  1.20e+07 4478.12 | 4428.59    0.0   2886     0 |    1.53   1.15   0.02  -1.17
0  1.21e+07 4478.12 | 4430.67    0.0   2886     0 |    1.54   1.21   0.08  -1.18
0  1.21e+07 4478.12 | 4409.54    0.0   2886     0 |    1.53   1.19  -0.01  -1.17
0  1.22e+07 4478.12 | 4407.88    0.0   2886     0 |    1.52   1.20   0.02  -1.17
0  1.23e+07 4478.12 | 4410.61    0.0   2886     0 |    1.53   1.12  -0.02  -1.17
0  1.23e+07 4478.12 | 4438.60    0.0   2887     0 |    1.53   1.11  -0.01  -1.16
0  1.24e+07 4478.12 | 4419.42    0.0   2886     0 |    1.53   1.15  -0.04  -1.16
0  1.24e+07 4478.12 | 4420.50    0.0   2886     0 |    1.53   1.12   0.07  -1.15
0  1.25e+07 4478.12 | 4421.35    0.0   2886     0 |    1.53   1.13   0.09  -1.15
0  1.25e+07 4478.12 | 4422.86    0.0   2886     0 |    1.53   1.19   0.16  -1.15
0  1.26e+07 4478.12 | 4411.43    0.0   2886     0 |    1.53   1.25  -0.08  -1.16
0  1.27e+07 4478.12 | 4411.94    0.0   2886     0 |    1.53   1.33   0.02  -1.16
0  1.27e+07 4478.12 | 4409.00    0.0   2886     0 |    1.52   1.25   0.18  -1.16
0  1.28e+07 4478.12 | 4424.85    0.0   2887     0 |    1.53   1.25   0.01  -1.16
0  1.28e+07 4478.12 | 4420.97    0.0   2886     0 |    1.53   1.10   0.10  -1.16
0  1.29e+07 4478.12 | 4408.76    0.0   2886     0 |    1.53   1.27   0.06  -1.15
0  1.30e+07 4478.12 | 4418.84    0.0   2886     0 |    1.53   1.34   0.09  -1.15
0  1.30e+07 4478.12 | 4409.26    0.0   2886     0 |    1.52   1.29   0.16  -1.15
0  1.31e+07 4478.12 | 4416.63    0.0   2886     0 |    1.53   1.22   0.04  -1.15
0  1.31e+07 4478.12 | 4400.93    0.0   2885     0 |    1.52   1.14   0.16  -1.15
0  1.32e+07 4478.12 | 4408.19    0.0   2885     0 |    1.53   1.25   0.08  -1.16
0  1.33e+07 4478.12 | 4413.25    0.0   2886     0 |    1.53   1.33   0.06  -1.15
0  1.33e+07 4478.12 | 4413.44    0.0   2886     0 |    1.53   1.12   0.07  -1.16
0  1.34e+07 4478.12 | 4406.18    0.0   2886     0 |    1.52   1.31   0.01  -1.15
0  1.34e+07 4478.12 | 4412.61    0.0   2886     0 |    1.53   1.29   0.06  -1.16
0  1.35e+07 4478.12 | 4416.81    0.0   2886     0 |    1.53   1.32   0.08  -1.16
0  1.35e+07 4478.12 | 4410.84    0.0   2886     0 |    1.53   1.42   0.08  -1.15
0  1.36e+07 4478.12 | 4411.65    0.0   2886     0 |    1.53   1.39   0.07  -1.15
0  1.37e+07 4478.12 | 4425.54    0.0   2886     0 |    1.53   1.30   0.06  -1.15
0  1.37e+07 4478.12 | 4429.95    0.0   2886     0 |    1.53   1.33   0.07  -1.15
0  1.38e+07 4478.12 | 4437.32    0.0   2886     0 |    1.54   1.18   0.03  -1.15
0  1.38e+07 4478.12 | 4414.10    0.0   2886     0 |    1.53   1.27  -0.03  -1.15
0  1.39e+07 4478.12 | 4418.57    0.0   2886     0 |    1.53   1.15   0.05  -1.15
0  1.40e+07 4478.12 | 4418.19    0.0   2886     0 |    1.53   1.33   0.06  -1.15
0  1.40e+07 4478.12 | 4418.31    0.0   2886     0 |    1.53   1.15   0.08  -1.15
0  1.41e+07 4478.12 | 4424.50    0.0   2886     0 |    1.53   1.26   0.01  -1.16
0  1.41e+07 4478.12 | 4414.92    0.0   2886     0 |    1.53   1.24  -0.00  -1.16
0  1.42e+07 4478.12 | 4404.73    0.0   2886     0 |    1.52   1.11   0.04  -1.17
0  1.42e+07 4478.12 | 4408.32    0.0   2886     0 |    1.53   1.11   0.07  -1.17
0  1.43e+07 4478.12 | 4409.37    0.0   2886     0 |    1.53   1.34   0.07  -1.16
0  1.44e+07 4478.12 | 4404.78    0.0   2886     0 |    1.52   1.26  -0.07  -1.16
0  1.44e+07 4478.12 | 4410.45    0.0   2886     0 |    1.53   1.42   0.08  -1.16
0  1.45e+07 4478.12 | 4409.01    0.0   2886     0 |    1.53   1.16   0.01  -1.16
0  1.45e+07 4478.12 | 4407.19    0.0   2886     0 |    1.52   1.17   0.01  -1.17
0  1.46e+07 4478.12 | 4410.30    0.0   2886     0 |    1.53   1.22   0.17  -1.17
0  1.47e+07 4478.12 | 4414.10    0.0   2886     0 |    1.53   1.28   0.12  -1.16
0  1.47e+07 4478.12 | 4414.46    0.0   2886     0 |    1.53   1.30   0.11  -1.15
0  1.48e+07 4478.12 | 4419.87    0.0   2886     0 |    1.53   1.30   0.04  -1.15
0  1.48e+07 4478.12 | 4417.48    0.0   2886     0 |    1.53   1.17   0.01  -1.15
0  1.49e+07 4478.12 | 4417.84    0.0   2886     0 |    1.53   1.34   0.09  -1.15
0  1.49e+07 4478.12 | 4409.04    0.0   2886     0 |    1.52   1.23   0.10  -1.15
0  1.50e+07 4478.12 | 4411.09    0.0   2886     0 |    1.53   1.46   0.06  -1.16
0  1.51e+07 4478.12 | 4414.23    0.0   2886     0 |    1.53   1.39  -0.01  -1.17
0  1.51e+07 4478.12 | 4416.18    0.0   2886     0 |    1.53   1.30   0.07  -1.17
0  1.52e+07 4478.12 | 4421.57    0.0   2886     0 |    1.53   1.29  -0.04  -1.17
0  1.52e+07 4478.12 | 4437.98    0.0   2887     0 |    1.53   1.26   0.15  -1.17
0  1.53e+07 4478.12 | 4430.09    0.0   2887     0 |    1.53   1.34   0.04  -1.17
0  1.54e+07 4478.12 | 4420.00    0.0   2886     0 |    1.53   1.41   0.08  -1.17
0  1.54e+07 4478.12 | 4429.22    0.0   2886     0 |    1.53   1.24  -0.04  -1.17
0  1.55e+07 4478.12 | 4412.49    0.0   2886     0 |    1.53   1.53   0.02  -1.16
0  1.55e+07 4478.12 | 4414.61    0.0   2886     0 |    1.53   1.37   0.06  -1.16
0  1.56e+07 4478.12 | 4412.71    0.0   2886     0 |    1.53   1.22   0.13  -1.16
0  1.56e+07 4478.12 | 4409.85    0.0   2886     0 |    1.53   1.23   0.03  -1.16
0  1.57e+07 4478.12 | 4413.55    0.0   2886     0 |    1.53   1.33  -0.00  -1.16
0  1.58e+07 4478.12 | 4409.75    0.0   2886     0 |    1.52   1.39   0.02  -1.17
0  1.58e+07 4478.12 | 4416.08    0.0   2884     0 |    1.53   1.25  -0.05  -1.16
0  1.59e+07 4478.12 | 4408.79    0.0   2884     0 |    1.52   1.42   0.03  -1.17
0  1.59e+07 4478.12 | 4410.05    0.0   2884     0 |    1.53   1.34   0.02  -1.17
0  1.60e+07 4478.12 | 4407.76    0.0   2884     0 |    1.53   1.23  -0.02  -1.17
0  1.61e+07 4478.12 | 4418.92    0.0   2886     0 |    1.53   1.17   0.10  -1.17
0  1.61e+07 4478.12 | 4421.67    0.0   2885     0 |    1.53   1.46   0.11  -1.15
0  1.62e+07 4478.12 | 4416.11    0.0   2885     0 |    1.53   1.28   0.14  -1.15
0  1.62e+07 4478.12 | 4408.29    0.0   2885     0 |    1.53   1.18   0.09  -1.15
0  1.63e+07 4478.12 | 4416.33    0.0   2885     0 |    1.53   1.39   0.11  -1.15
0  1.64e+07 4478.12 | 4412.65    0.0   2884     0 |    1.53   1.15   0.08  -1.16
0  1.64e+07 4478.12 | 4418.49    0.0   2884     0 |    1.53   1.32   0.05  -1.16
0  1.65e+07 4478.12 | 4427.66    0.0   2884     0 |    1.53   1.12   0.00  -1.16
0  1.65e+07 4478.12 | 4408.29    0.0   2884     0 |    1.53   1.21   0.11  -1.17
0  1.66e+07 4478.12 | 4413.08    0.0   2884     0 |    1.53   1.19   0.04  -1.16
0  1.66e+07 4478.12 | 4409.25    0.0   2886     0 |    1.53   1.40   0.05  -1.16
0  1.67e+07 4478.12 | 4414.53    0.0   2886     0 |    1.53   1.29   0.04  -1.16
0  1.68e+07 4478.12 | 4410.38    0.0   2884     0 |    1.53   1.32   0.09  -1.17
0  1.68e+07 4478.12 | 4409.47    0.0   2885     0 |    1.53   1.35  -0.00  -1.17
0  1.69e+07 4478.12 | 4408.42    0.0   2885     0 |    1.53   1.32   0.10  -1.17
0  1.69e+07 4478.12 | 4416.64    0.0   2886     0 |    1.53   1.36   0.02  -1.15
0  1.70e+07 4478.12 | 4473.02    0.0   2886     0 |    1.54   1.15   0.09  -1.16
0  1.70e+07 4479.89 |
成功率：100.0%, 提交量大于阈值的概率：0.03347%, 超供率：99.4%, 超供程度：82.9%, 超供平均值：5.5, 方差：215.4
0  1.70e+07 4479.89 | 4479.89    0.0   2887     0 |    1.55   1.46  -0.01  -1.15
0  1.71e+07 4490.31 |
成功率：100.0%, 提交量大于阈值的概率：0.04161%, 超供率：99.3%, 超供程度：81.5%, 超供平均值：5.4, 方差：215.1
0  1.71e+07 4490.31 | 4490.31    0.0   2887     0 |    1.55   1.27   0.04  -1.15
0  1.71e+07 4490.31 | 4465.39    0.0   2887     0 |    1.55   1.23   0.03  -1.15
0  1.72e+07 4490.31 | 4442.53    0.0   2887     0 |    1.54   1.18   0.02  -1.15
0  1.72e+07 4490.31 | 4440.19    0.0   2887     0 |    1.54   1.28   0.04  -1.14
0  1.73e+07 4490.31 | 4443.88    0.0   2887     0 |    1.54   1.42  -0.01  -1.15
0  1.73e+07 4490.31 | 4446.94    0.0   2885     0 |    1.54   1.32  -0.01  -1.15
0  1.74e+07 4490.31 | 4451.38    0.0   2887     0 |    1.54   1.25   0.05  -1.15
0  1.75e+07 4490.31 | 4431.87    0.0   2886     0 |    1.53   1.21   0.03  -1.16
0  1.75e+07 4490.31 | 4423.24    0.0   2884     0 |    1.53   1.25   0.02  -1.18
0  1.76e+07 4490.31 | 4417.83    0.0   2887     0 |    1.53   1.30  -0.06  -1.17
0  1.76e+07 4490.31 | 4405.31    0.0   2884     0 |    1.53   1.25   0.10  -1.17
0  1.77e+07 4490.31 | 4400.80    0.0   2884     0 |    1.52   1.25   0.07  -1.17
0  1.77e+07 4490.31 | 4405.05    0.0   2884     0 |    1.52   1.22   0.04  -1.17
0  1.78e+07 4490.31 | 4401.98    0.0   2884     0 |    1.53   1.40   0.02  -1.17
0  1.79e+07 4490.31 | 4404.28    0.0   2884     0 |    1.52   1.44  -0.01  -1.17
0  1.79e+07 4490.31 | 4404.06    0.0   2884     0 |    1.52   1.21   0.06  -1.16
0  1.80e+07 4490.31 | 4404.43    0.0   2884     0 |    1.52   1.38   0.17  -1.16
0  1.80e+07 4490.31 | 4410.04    0.0   2884     0 |    1.53   1.46   0.03  -1.16
0  1.81e+07 4490.31 | 4409.35    0.0   2884     0 |    1.53   1.23   0.02  -1.15
0  1.82e+07 4490.31 | 4443.03    0.0   2887     0 |    1.54   1.27   0.13  -1.16
0  1.82e+07 4490.31 | 4445.06    0.0   2887     0 |    1.54   1.50  -0.03  -1.17
0  1.83e+07 4490.31 | 4432.54    0.0   2887     0 |    1.53   1.23   0.14  -1.16
0  1.83e+07 4490.31 | 4440.56    0.0   2887     0 |    1.53   1.26   0.05  -1.16
0  1.84e+07 4490.31 | 4435.96    0.0   2887     0 |    1.54   1.21  -0.01  -1.16
0  1.85e+07 4490.31 | 4442.60    0.0   2887     0 |    1.54   1.34   0.16  -1.16
0  1.85e+07 4490.31 | 4429.08    0.0   2886     0 |    1.53   1.14   0.08  -1.16
0  1.86e+07 4490.31 | 4420.47    0.0   2886     0 |    1.53   1.24   0.18  -1.16
0  1.86e+07 4490.31 | 4403.83    0.0   2884     0 |    1.52   1.23   0.15  -1.16
0  1.87e+07 4490.31 | 4405.96    0.0   2885     0 |    1.52   1.34  -0.01  -1.17
0  1.87e+07 4490.31 | 4401.90    0.0   2886     0 |    1.52   1.27   0.12  -1.16
0  1.88e+07 4490.31 | 4368.17    0.0   2886     0 |    1.51   1.34   0.11  -1.16
0  1.89e+07 4490.31 | 4383.58    0.0   2885     0 |    1.51   1.25   0.02  -1.16
0  1.89e+07 4490.31 | 4388.27    0.0   2886     0 |    1.52   1.29   0.02  -1.16
0  1.90e+07 4490.31 | 4438.50    0.0   2887     0 |    1.53   1.17   0.01  -1.16
0  1.90e+07 4490.31 | 4414.00    0.0   2887     0 |    1.53   1.29   0.04  -1.16
0  1.91e+07 4519.76 |
成功率：100.0%, 提交量大于阈值的概率：0.08052%, 超供率：99.4%, 超供程度：71.8%, 超供平均值：4.7, 方差：222.4
0  1.91e+07 4519.76 | 4519.76    0.0   2887     0 |    1.58   1.21   0.02  -1.16
0  1.91e+07 4580.27 |
成功率：100.0%, 提交量大于阈值的概率：0.08957%, 超供率：99.5%, 超供程度：65.8%, 超供平均值：4.3, 方差：219.5
0  1.91e+07 4580.27 | 4580.27    0.0   2887     0 |    1.57   1.21  -0.04  -1.17
0  1.92e+07 4580.27 | 4466.40    0.0   2887     0 |    1.54   1.33  -0.12  -1.16
0  1.92e+07 4580.27 | 4467.20    0.0   2887     0 |    1.54   1.25   0.09  -1.15
0  1.93e+07 4580.27 | 4378.42    0.0   2885     0 |    1.52   1.50  -0.02  -1.16
0  1.93e+07 4580.27 | 4365.74    0.0   2886     0 |    1.51   1.44   0.05  -1.15
0  1.94e+07 4580.27 | 4391.79    0.0   2886     0 |    1.52   1.26   0.20  -1.15
0  1.95e+07 4580.27 | 4370.77    0.0   2887     0 |    1.52   1.36   0.01  -1.14
0  1.95e+07 4580.27 | 4510.82    0.0   2887     0 |    1.55   1.07   0.04  -1.14
0  1.96e+07 4580.27 | 4551.80    0.0   2887     0 |    1.55   1.09  -0.06  -1.14
0  1.96e+07 4580.27 | 4401.49    0.0   2887     0 |    1.52   1.05  -0.03  -1.14
0  1.97e+07 4580.27 | 4391.77    0.0   2887     0 |    1.52   1.33  -0.04  -1.14
0  1.97e+07 4580.27 | 4386.59    0.0   2887     0 |    1.51   1.35   0.01  -1.14
0  1.98e+07 4580.27 | 4378.10    0.0   2886     0 |    1.51   1.23   0.08  -1.14
0  1.99e+07 4580.27 | 4382.13    0.0   2886     0 |    1.52   1.29   0.13  -1.15
0  1.99e+07 4580.27 | 4395.03    0.0   2887     0 |    1.51   1.43  -0.03  -1.16
0  2.00e+07 4580.27 | 4437.08    0.0   2887     0 |    1.53   1.23   0.06  -1.16
0  2.00e+07 4580.27 | 4389.93    0.0   2887     0 |    1.51   1.35   0.06  -1.17
0  2.01e+07 4580.27 | 4383.44    0.0   2885     0 |    1.51   1.43   0.10  -1.17
0  2.01e+07 4580.27 | 4435.86    0.0   2887     0 |    1.53   1.22   0.10  -1.17
0  2.02e+07 4580.27 | 4389.33    0.0   2884     0 |    1.52   1.42   0.16  -1.16
0  2.03e+07 4580.27 | 4408.06    0.0   2885     0 |    1.53   1.30   0.01  -1.17
0  2.03e+07 4580.27 | 4415.83    0.0   2886     0 |    1.53   1.36   0.01  -1.16
0  2.04e+07 4580.27 | 4406.33    0.0   2887     0 |    1.52   1.35   0.04  -1.17
0  2.04e+07 4580.27 | 4434.05    0.0   2887     0 |    1.53   1.20   0.12  -1.16
0  2.05e+07 4580.27 | 4438.24    0.0   2887     0 |    1.53   1.26  -0.01  -1.16
0  2.05e+07 4580.27 | 4409.29    0.0   2887     0 |    1.52   1.23   0.09  -1.16
0  2.06e+07 4580.27 | 4436.42    0.0   2887     0 |    1.52   1.24  -0.06  -1.17
0  2.07e+07 4580.27 | 4368.35    0.0   2886     0 |    1.52   1.32   0.00  -1.16
0  2.07e+07 4580.27 | 4377.78    0.0   2886     0 |    1.51   1.29  -0.02  -1.17
0  2.08e+07 4580.27 | 4381.02    0.0   2886     0 |    1.51   1.35   0.05  -1.16
0  2.08e+07 4580.27 | 4393.12    0.0   2885     0 |    1.52   1.36   0.06  -1.16
0  2.09e+07 4580.27 | 4384.72    0.0   2885     0 |    1.52   1.37   0.07  -1.16
0  2.10e+07 4580.27 | 4392.92    0.0   2885     0 |    1.52   1.30   0.06  -1.16
0  2.10e+07 4580.27 | 4399.70    0.0   2885     0 |    1.52   1.28   0.10  -1.15
0  2.11e+07 4580.27 | 4403.15    0.0   2887     0 |    1.52   1.33  -0.03  -1.16
0  2.11e+07 4580.27 | 4444.06    0.0   2886     0 |    1.53   1.28   0.04  -1.17
0  2.12e+07 4580.27 | 4429.28    0.0   2886     0 |    1.53   1.31  -0.03  -1.17
0  2.12e+07 4580.27 | 4439.01    0.0   2886     0 |    1.54   1.26   0.06  -1.16
0  2.13e+07 4580.27 | 4415.82    0.0   2886     0 |    1.52   1.38  -0.00  -1.17
0  2.14e+07 4580.27 | 4422.61    0.0   2887     0 |    1.53   1.27   0.05  -1.16
0  2.14e+07 4580.27 | 4387.48    0.0   2886     0 |    1.52   1.01   0.01  -1.17
0  2.15e+07 4580.27 | 4366.47    0.0   2886     0 |    1.52   1.41  -0.02  -1.17
0  2.16e+07 4580.27 | 4386.43    0.0   2885     0 |    1.52   1.50   0.11  -1.17
0  2.16e+07 4580.27 | 4385.93    0.0   2885     0 |    1.52   1.13   0.03  -1.15
0  2.17e+07 4580.27 | 4390.30    0.0   2885     0 |    1.52   1.39   0.04  -1.16
0  2.18e+07 4580.27 | 4415.21    0.0   2886     0 |    1.52   1.22   0.05  -1.15
0  2.18e+07 4580.27 | 4360.26    0.0   2886     0 |    1.51   1.39   0.01  -1.15
0  2.19e+07 4580.27 | 4371.31    0.0   2886     0 |    1.51   1.24  -0.03  -1.16
0  2.19e+07 4580.27 | 4370.71    0.0   2886     0 |    1.51   1.23   0.01  -1.16
0  2.20e+07 4580.27 | 4370.82    0.0   2886     0 |    1.51   1.21   0.04  -1.16
0  2.21e+07 4580.27 | 4370.51    0.0   2884     0 |    1.51   1.43  -0.02  -1.15
0  2.21e+07 4580.27 | 4388.72    0.0   2886     0 |    1.51   1.26   0.08  -1.16
0  2.22e+07 4580.27 | 4374.98    0.0   2886     0 |    1.52   1.33  -0.04  -1.15
0  2.23e+07 4580.27 | 4377.59    0.0   2886     0 |    1.52   1.13   0.07  -1.16
0  2.23e+07 4580.27 | 4377.12    0.0   2886     0 |    1.52   1.22  -0.02  -1.17
0  2.24e+07 4580.27 | 4380.85    0.0   2886     0 |    1.52   1.37   0.00  -1.16
0  2.25e+07 4580.27 | 4364.02    0.0   2886     0 |    1.51   1.33  -0.03  -1.16
0  2.25e+07 4580.27 | 4369.36    0.0   2886     0 |    1.51   1.23  -0.07  -1.15
0  2.26e+07 4580.27 | 4373.68    0.0   2886     0 |    1.51   1.47   0.05  -1.16
0  2.26e+07 4580.27 | 4378.85    0.0   2886     0 |    1.51   1.13  -0.11  -1.16
0  2.27e+07 4580.27 | 4390.68    0.0   2886     0 |    1.52   1.21   0.02  -1.15
