################################################################################
ID     Step    maxR |    avgR   stdR   avgS  stdS |    expR   objC   etc.
0  5.77e+03 4227.33 |
成功率：98.6%, 提交量大于阈值的概率：0.12479%, 超供率：95.9%, 超供程度：83.4%, 超供平均值：5.7, 方差：198.3
0  5.77e+03 4227.33 | 4227.33    0.0   2886     0 |    1.39   3.22   0.06  -0.50
0  3.46e+04 4272.13 |
成功率：99.0%, 提交量大于阈值的概率：0.12697%, 超供率：96.4%, 超供程度：84.0%, 超供平均值：5.7, 方差：200.8
0  3.46e+04 4272.13 | 4272.13    0.0   2886     0 |    1.40   3.31   0.02  -0.50
0  6.35e+04 4272.13 | 4271.45    0.0   2886     0 |    1.41   2.72   0.00  -0.51
0  1.21e+05 4281.77 |
成功率：98.8%, 提交量大于阈值的概率：0.11166%, 超供率：96.6%, 超供程度：84.6%, 超供平均值：5.7, 方差：194.7
0  1.21e+05 4281.77 | 4281.77    0.0   2885     0 |    1.43   2.80   0.01  -0.51
0  1.50e+05 4307.19 |
成功率：98.7%, 提交量大于阈值的概率：0.06961%, 超供率：96.4%, 超供程度：84.0%, 超供平均值：5.7, 方差：191.6
0  1.50e+05 4307.19 | 4307.19    0.0   2886     0 |    1.43   2.85   0.11  -0.52
0  1.79e+05 4332.25 |
成功率：98.8%, 提交量大于阈值的概率：0.05312%, 超供率：96.2%, 超供程度：82.9%, 超供平均值：5.6, 方差：186.2
0  1.79e+05 4332.25 | 4332.25    0.0   2886     0 |    1.45   2.44  -0.02  -0.52
0  2.08e+05 4382.80 |
成功率：99.1%, 提交量大于阈值的概率：0.04561%, 超供率：97.0%, 超供程度：82.3%, 超供平均值：5.6, 方差：184.4
0  2.08e+05 4382.80 | 4382.80    0.0   2886     0 |    1.45   2.72   0.09  -0.53
0  2.37e+05 4396.69 |
成功率：99.3%, 提交量大于阈值的概率：0.04283%, 超供率：97.2%, 超供程度：82.6%, 超供平均值：5.6, 方差：189.3
0  2.37e+05 4396.69 | 4396.69    0.0   2886     0 |    1.46   3.02   0.08  -0.55
0  2.65e+05 4415.42 |
成功率：99.4%, 提交量大于阈值的概率：0.03913%, 超供率：97.2%, 超供程度：82.4%, 超供平均值：5.6, 方差：189.3
0  2.65e+05 4415.42 | 4415.42    0.0   2886     0 |    1.46   2.53   0.04  -0.55
0  2.94e+05 4415.42 | 4393.54    0.0   2886     0 |    1.46   2.56   0.06  -0.55
0  3.52e+05 4415.42 | 4381.56    0.0   2886     0 |    1.47   2.83  -0.03  -0.57
0  4.10e+05 4431.34 |
成功率：99.3%, 提交量大于阈值的概率：0.04189%, 超供率：97.1%, 超供程度：80.4%, 超供平均值：5.4, 方差：187.4
0  4.10e+05 4431.34 | 4431.34    0.0   2886     0 |    1.48   3.11   0.04  -0.58
0  4.39e+05 4444.04 |
成功率：99.4%, 提交量大于阈值的概率：0.03548%, 超供率：97.2%, 超供程度：80.8%, 超供平均值：5.4, 方差：187.3
0  4.39e+05 4444.04 | 4444.04    0.0   2886     0 |    1.48   2.85  -0.05  -0.58
0  4.67e+05 4444.04 | 4433.48    0.0   2886     0 |    1.49   2.80   0.06  -0.59
0  5.25e+05 4458.13 |
成功率：99.3%, 提交量大于阈值的概率：0.03644%, 超供率：96.8%, 超供程度：78.0%, 超供平均值：5.2, 方差：181.1
0  5.25e+05 4458.13 | 4458.13    0.0   2885     0 |    1.50   2.99   0.05  -0.60
0  5.54e+05 4458.13 | 4457.90    0.0   2885     0 |    1.50   2.75   0.04  -0.61
0  6.06e+05 4458.13 | 4442.90    0.0   2884     0 |    1.50   2.76   0.04  -0.61
0  6.64e+05 4458.13 | 4450.67    0.0   2886     0 |    1.51   2.67   0.11  -0.62
0  7.21e+05 4461.09 |
成功率：99.5%, 提交量大于阈值的概率：0.02637%, 超供率：97.0%, 超供程度：80.2%, 超供平均值：5.4, 方差：186.9
0  7.21e+05 4461.09 | 4461.09    0.0   2884     0 |    1.51   2.83  -0.04  -0.63
0  7.50e+05 4466.07 |
成功率：99.6%, 提交量大于阈值的概率：0.03543%, 超供率：97.2%, 超供程度：80.4%, 超供平均值：5.4, 方差：186.7
0  7.50e+05 4466.07 | 4466.07    0.0   2884     0 |    1.51   2.84   0.10  -0.65
0  7.79e+05 4477.35 |
成功率：99.7%, 提交量大于阈值的概率：0.03268%, 超供率：97.3%, 超供程度：80.2%, 超供平均值：5.4, 方差：187.7
0  7.79e+05 4477.35 | 4477.35    0.0   2885     0 |    1.52   2.65   0.06  -0.65
0  8.08e+05 4478.93 |
成功率：99.7%, 提交量大于阈值的概率：0.02631%, 超供率：97.1%, 超供程度：80.6%, 超供平均值：5.4, 方差：190.5
0  8.08e+05 4478.93 | 4478.93    0.0   2886     0 |    1.52   3.22  -0.07  -0.66
0  8.37e+05 4478.93 | 4474.89    0.0   2885     0 |    1.52   3.00   0.12  -0.67
0  8.94e+05 4479.18 |
成功率：99.4%, 提交量大于阈值的概率：0.03184%, 超供率：96.1%, 超供程度：77.7%, 超供平均值：5.2, 方差：182.4
0  8.94e+05 4479.18 | 4479.18    0.0   2885     0 |    1.52   2.75  -0.04  -0.69
0  9.23e+05 4482.09 |
成功率：99.5%, 提交量大于阈值的概率：0.03090%, 超供率：96.6%, 超供程度：78.7%, 超供平均值：5.3, 方差：184.1
0  9.23e+05 4482.09 | 4482.09    0.0   2885     0 |    1.52   3.30  -0.13  -0.70
0  9.52e+05 4485.20 |
成功率：99.6%, 提交量大于阈值的概率：0.02635%, 超供率：96.7%, 超供程度：78.7%, 超供平均值：5.3, 方差：184.4
0  9.52e+05 4485.20 | 4485.20    0.0   2885     0 |    1.52   3.17   0.06  -0.70
0  9.81e+05 4485.90 |
成功率：99.6%, 提交量大于阈值的概率：0.02816%, 超供率：96.6%, 超供程度：78.8%, 超供平均值：5.3, 方差：186.2
0  9.81e+05 4485.90 | 4485.90    0.0   2885     0 |    1.52   2.73  -0.04  -0.70
0  1.01e+06 4504.68 |
成功率：99.6%, 提交量大于阈值的概率：0.02998%, 超供率：96.0%, 超供程度：76.5%, 超供平均值：5.2, 方差：183.3
0  1.01e+06 4504.68 | 4504.68    0.0   2885     0 |    1.53   2.76   0.09  -0.71
0  1.04e+06 4510.22 |
成功率：99.6%, 提交量大于阈值的概率：0.02816%, 超供率：96.1%, 超供程度：76.6%, 超供平均值：5.2, 方差：181.6
0  1.04e+06 4510.22 | 4510.22    0.0   2885     0 |    1.53   2.86   0.20  -0.72
0  1.07e+06 4510.22 | 4498.01    0.0   2885     0 |    1.53   2.95   0.06  -0.72
0  1.13e+06 4518.22 |
成功率：99.7%, 提交量大于阈值的概率：0.03268%, 超供率：96.3%, 超供程度：76.3%, 超供平均值：5.1, 方差：183.7
0  1.13e+06 4518.22 | 4518.22    0.0   2885     0 |    1.53   3.09   0.01  -0.73
0  1.15e+06 4518.22 | 4510.22    0.0   2885     0 |    1.54   2.57   0.04  -0.73
0  1.21e+06 4518.22 | 4513.33    0.0   2885     0 |    1.54   2.76   0.02  -0.76
0  1.27e+06 4523.00 |
成功率：99.7%, 提交量大于阈值的概率：0.03540%, 超供率：96.1%, 超供程度：75.9%, 超供平均值：5.1, 方差：183.7
0  1.27e+06 4523.00 | 4523.00    0.0   2885     0 |    1.54   2.63   0.03  -0.76
0  1.30e+06 4523.00 | 4519.17    0.0   2884     0 |    1.54   2.60  -0.05  -0.77
0  1.36e+06 4523.00 | 4520.56    0.0   2884     0 |    1.54   2.63  -0.03  -0.78
0  1.41e+06 4545.91 |
成功率：99.8%, 提交量大于阈值的概率：0.03716%, 超供率：96.1%, 超供程度：74.8%, 超供平均值：5.0, 方差：184.2
0  1.41e+06 4545.91 | 4545.91    0.0   2884     0 |    1.55   2.89   0.08  -0.80
0  1.44e+06 4545.91 | 4542.59    0.0   2884     0 |    1.55   2.52   0.00  -0.80
0  1.50e+06 4545.91 | 4535.73    0.0   2885     0 |    1.55   2.79   0.01  -0.81
0  1.56e+06 4545.91 | 4510.46    0.0   2885     0 |    1.54   2.42  -0.01  -0.83
0  1.62e+06 4545.91 | 4510.92    0.0   2885     0 |    1.54   2.67   0.03  -0.85
0  1.67e+06 4545.91 | 4521.96    0.0   2885     0 |    1.55   3.12  -0.07  -0.86
0  1.73e+06 4545.91 | 4520.88    0.0   2885     0 |    1.54   2.73   0.03  -0.88
0  1.79e+06 4545.91 | 4527.46    0.0   2884     0 |    1.55   2.57   0.02  -0.90
0  1.84e+06 4545.91 | 4527.04    0.0   2884     0 |    1.55   2.69   0.05  -0.91
0  1.90e+06 4545.91 | 4525.61    0.0   2884     0 |    1.55   3.24   0.10  -0.91
0  1.96e+06 4545.91 | 4518.67    0.0   2884     0 |    1.55   3.67  -0.02  -0.92
0  2.01e+06 4545.91 | 4523.08    0.0   2884     0 |    1.55   2.71   0.05  -0.93
0  2.07e+06 4545.91 | 4528.90    0.0   2884     0 |    1.56   2.96  -0.15  -0.94
0  2.13e+06 4545.91 | 4530.59    0.0   2884     0 |    1.56   2.86   0.05  -0.96
0  2.19e+06 4545.91 | 4529.50    0.0   2884     0 |    1.56   2.87   0.02  -0.97
0  2.24e+06 4545.91 | 4527.31    0.0   2884     0 |    1.56   2.87   0.03  -0.99
0  2.30e+06 4545.91 | 4520.05    0.0   2884     0 |    1.56   2.83   0.07  -1.01
0  2.35e+06 4545.91 | 4516.95    0.0   2884     0 |    1.56   3.07   0.08  -1.02
0  2.41e+06 4545.91 | 4523.69    0.0   2884     0 |    1.55   2.45   0.10  -1.03
0  2.47e+06 4545.91 | 4523.96    0.0   2884     0 |    1.56   2.59   0.00  -1.05
0  2.53e+06 4545.91 | 4510.14    0.0   2884     0 |    1.55   2.85   0.04  -1.06
0  2.58e+06 4545.91 | 4507.81    0.0   2884     0 |    1.56   2.91   0.17  -1.07
0  2.64e+06 4545.91 | 4510.12    0.0   2884     0 |    1.56   2.68   0.18  -1.09
0  2.70e+06 4545.91 | 4506.44    0.0   2885     0 |    1.56   3.16   0.04  -1.08
0  2.76e+06 4545.91 | 4515.80    0.0   2884     0 |    1.56   2.73   0.02  -1.10
0  2.82e+06 4545.91 | 4499.61    0.0   2885     0 |    1.55   2.65   0.09  -1.11
0  2.87e+06 4545.91 | 4490.70    0.0   2885     0 |    1.55   2.83   0.01  -1.11
0  2.93e+06 4545.91 | 4487.52    0.0   2884     0 |    1.55   2.46  -0.04  -1.12
0  2.99e+06 4545.91 | 4495.31    0.0   2885     0 |    1.55   2.85   0.07  -1.13
0  3.05e+06 4545.91 | 4493.46    0.0   2885     0 |    1.55   2.87   0.04  -1.14
0  3.10e+06 4545.91 | 4493.15    0.0   2885     0 |    1.55   2.92   0.04  -1.14
0  3.16e+06 4545.91 | 4487.47    0.0   2884     0 |    1.55   2.65   0.10  -1.14
0  3.22e+06 4545.91 | 4491.24    0.0   2885     0 |    1.55   2.75   0.04  -1.14
0  3.28e+06 4545.91 | 4492.41    0.0   2885     0 |    1.55   3.12   0.10  -1.15
0  3.34e+06 4545.91 | 4486.36    0.0   2885     0 |    1.55   2.67   0.03  -1.16
0  3.39e+06 4545.91 | 4513.41    0.0   2886     0 |    1.55   2.92  -0.03  -1.15
0  3.45e+06 4545.91 | 4531.05    0.0   2887     0 |    1.56   2.99   0.04  -1.17
0  3.51e+06 4545.91 | 4482.33    0.0   2884     0 |    1.55   3.02   0.13  -1.16
0  3.57e+06 4545.91 | 4482.14    0.0   2884     0 |    1.54   3.22   0.06  -1.15
0  3.62e+06 4545.91 | 4485.61    0.0   2884     0 |    1.55   2.82   0.08  -1.15
0  3.68e+06 4545.91 | 4485.15    0.0   2885     0 |    1.54   2.91   0.03  -1.16
0  3.73e+06 4545.91 | 4481.89    0.0   2885     0 |    1.55   2.66  -0.02  -1.17
0  3.79e+06 4545.91 | 4485.77    0.0   2885     0 |    1.55   2.90   0.04  -1.18
0  3.85e+06 4545.91 | 4490.27    0.0   2885     0 |    1.55   2.62   0.05  -1.17
0  3.91e+06 4545.91 | 4493.13    0.0   2885     0 |    1.55   2.90  -0.06  -1.17
0  3.96e+06 4545.91 | 4496.22    0.0   2885     0 |    1.55   2.49   0.05  -1.16
0  4.02e+06 4545.91 | 4493.29    0.0   2885     0 |    1.55   3.04  -0.03  -1.16
0  4.08e+06 4545.91 | 4495.67    0.0   2885     0 |    1.55   2.69   0.03  -1.17
0  4.14e+06 4545.91 | 4503.22    0.0   2885     0 |    1.55   2.80   0.03  -1.17
0  4.19e+06 4545.91 | 4494.03    0.0   2885     0 |    1.55   2.80   0.03  -1.16
0  4.25e+06 4545.91 | 4491.05    0.0   2885     0 |    1.55   2.79  -0.05  -1.16
0  4.31e+06 4545.91 | 4493.69    0.0   2885     0 |    1.55   2.73   0.15  -1.17
0  4.37e+06 4545.91 | 4489.61    0.0   2885     0 |    1.55   2.65   0.09  -1.16
0  4.43e+06 4545.91 | 4495.28    0.0   2885     0 |    1.55   2.88  -0.00  -1.17
0  4.48e+06 4545.91 | 4505.78    0.0   2886     0 |    1.56   2.77  -0.04  -1.17
0  4.54e+06 4545.91 | 4489.58    0.0   2884     0 |    1.55   2.95   0.01  -1.17
0  4.60e+06 4545.91 | 4504.32    0.0   2884     0 |    1.55   2.56  -0.07  -1.16
0  4.66e+06 4545.91 | 4496.69    0.0   2885     0 |    1.55   2.90   0.15  -1.16
0  4.71e+06 4545.91 | 4519.45    0.0   2885     0 |    1.56   2.70   0.03  -1.16
0  4.77e+06 4545.91 | 4518.75    0.0   2885     0 |    1.56   2.47   0.08  -1.17
0  4.83e+06 4545.91 | 4490.64    0.0   2884     0 |    1.55   2.85   0.09  -1.16
0  4.89e+06 4545.91 | 4490.75    0.0   2884     0 |    1.55   2.90   0.12  -1.17
0  4.94e+06 4545.91 | 4489.82    0.0   2884     0 |    1.55   2.74  -0.07  -1.16
0  5.00e+06 4545.91 | 4488.11    0.0   2884     0 |    1.55   2.77   0.02  -1.16
0  5.05e+06 4545.91 | 4478.59    0.0   2884     0 |    1.55   2.55   0.01  -1.17
0  5.11e+06 4545.91 | 4485.52    0.0   2884     0 |    1.55   2.63  -0.07  -1.17
0  5.17e+06 4545.91 | 4489.52    0.0   2884     0 |    1.55   2.61   0.11  -1.17
0  5.23e+06 4545.91 | 4499.88    0.0   2887     0 |    1.55   2.47   0.11  -1.17
0  5.29e+06 4545.91 | 4491.67    0.0   2886     0 |    1.55   2.91  -0.01  -1.17
0  5.34e+06 4545.91 | 4497.76    0.0   2885     0 |    1.55   2.80   0.10  -1.16
0  5.40e+06 4545.91 | 4525.99    0.0   2887     0 |    1.56   2.70   0.06  -1.17
0  5.46e+06 4545.91 | 4524.42    0.0   2887     0 |    1.56   2.23   0.02  -1.18
0  5.52e+06 4545.91 | 4521.41    0.0   2887     0 |    1.56   2.66   0.11  -1.17
0  5.57e+06 4545.91 | 4510.59    0.0   2887     0 |    1.56   2.48  -0.05  -1.17
0  5.63e+06 4545.91 | 4496.44    0.0   2887     0 |    1.55   2.61   0.01  -1.17
0  5.69e+06 4545.91 | 4533.64    0.0   2887     0 |    1.57   2.31   0.07  -1.17
0  5.75e+06 4545.91 | 4528.64    0.0   2887     0 |    1.57   2.38   0.02  -1.18
0  5.80e+06 4545.91 | 4499.31    0.0   2887     0 |    1.55   2.70  -0.04  -1.18
0  5.86e+06 4545.91 | 4497.65    0.0   2886     0 |    1.55   2.27   0.24  -1.17
0  5.92e+06 4545.91 | 4495.53    0.0   2886     0 |    1.55   2.37   0.07  -1.17
0  5.98e+06 4545.91 | 4488.85    0.0   2887     0 |    1.55   2.77   0.06  -1.16
0  6.03e+06 4545.91 | 4496.98    0.0   2887     0 |    1.55   2.84  -0.02  -1.16
0  6.09e+06 4545.91 | 4485.81    0.0   2885     0 |    1.55   2.60   0.04  -1.17
0  6.15e+06 4545.91 | 4489.62    0.0   2885     0 |    1.55   2.73   0.13  -1.17
0  6.20e+06 4545.91 | 4497.65    0.0   2885     0 |    1.55   2.23   0.03  -1.17
0  6.26e+06 4545.91 | 4501.38    0.0   2885     0 |    1.56   2.42   0.10  -1.17
0  6.32e+06 4545.91 | 4500.40    0.0   2885     0 |    1.55   2.55   0.06  -1.17
0  6.38e+06 4545.91 | 4494.49    0.0   2885     0 |    1.55   2.76  -0.02  -1.17
0  6.43e+06 4545.91 | 4488.25    0.0   2885     0 |    1.55   2.22   0.00  -1.18
0  6.49e+06 4545.91 | 4491.58    0.0   2885     0 |    1.55   2.65   0.03  -1.17
0  6.55e+06 4545.91 | 4496.72    0.0   2885     0 |    1.55   2.49   0.19  -1.16
0  6.61e+06 4545.91 | 4503.22    0.0   2887     0 |    1.56   2.42   0.12  -1.16
0  6.66e+06 4553.84 |
成功率：99.9%, 提交量大于阈值的概率：0.03802%, 超供率：88.1%, 超供程度：74.1%, 超供平均值：4.9, 方差：188.5
0  6.66e+06 4553.84 | 4553.84    0.0   2887     0 |    1.57   2.44  -0.04  -1.16
0  6.70e+06 4566.33 |
成功率：99.9%, 提交量大于阈值的概率：0.03349%, 超供率：88.2%, 超供程度：73.4%, 超供平均值：4.9, 方差：185.7
0  6.70e+06 4566.33 | 4566.33    0.0   2887     0 |    1.58   2.47   0.11  -1.16
0  6.73e+06 4566.33 | 4516.48    0.0   2887     0 |    1.57   2.45  -0.00  -1.16
0  6.79e+06 4566.33 | 4523.68    0.0   2887     0 |    1.56   2.62   0.11  -1.17
0  6.85e+06 4566.33 | 4536.62    0.0   2887     0 |    1.57   2.52   0.14  -1.17
0  6.91e+06 4609.89 |
成功率：99.9%, 提交量大于阈值的概率：0.05522%, 超供率：80.5%, 超供程度：66.1%, 超供平均值：4.4, 方差：182.9
0  6.91e+06 4609.89 | 4609.89    0.0   2887     0 |    1.59   2.33  -0.04  -1.16
0  6.94e+06 4609.89 | 4583.61    0.0   2887     0 |    1.59   2.39   0.12  -1.16
0  7.00e+06 4609.89 | 4584.93    0.0   2887     0 |    1.59   2.48   0.10  -1.17
0  7.06e+06 4609.89 | 4541.29    0.0   2887     0 |    1.57   2.28   0.08  -1.16
0  7.12e+06 4609.89 | 4502.96    0.0   2885     0 |    1.56   3.05   0.03  -1.16
0  7.17e+06 4609.89 | 4503.62    0.0   2885     0 |    1.55   2.39  -0.03  -1.16
0  7.23e+06 4609.89 | 4494.72    0.0   2884     0 |    1.55   2.45  -0.01  -1.16
0  7.29e+06 4609.89 | 4500.85    0.0   2885     0 |    1.55   2.54   0.08  -1.15
0  7.36e+06 4609.89 | 4488.47    0.0   2884     0 |    1.55   2.41   0.11  -1.16
0  7.42e+06 4609.89 | 4492.09    0.0   2884     0 |    1.55   3.11   0.03  -1.16
0  7.47e+06 4609.89 | 4498.82    0.0   2885     0 |    1.55   2.43   0.10  -1.16
0  7.54e+06 4609.89 | 4505.74    0.0   2885     0 |    1.55   2.92   0.09  -1.17
0  7.59e+06 4609.89 | 4504.48    0.0   2885     0 |    1.56   2.32   0.18  -1.17
0  7.65e+06 4609.89 | 4513.74    0.0   2885     0 |    1.56   2.54   0.05  -1.17
0  7.71e+06 4609.89 | 4509.68    0.0   2885     0 |    1.56   2.80  -0.03  -1.18
0  7.77e+06 4609.89 | 4512.38    0.0   2885     0 |    1.56   2.73  -0.02  -1.16
0  7.82e+06 4609.89 | 4511.35    0.0   2884     0 |    1.56   2.80   0.05  -1.16
0  7.88e+06 4609.89 | 4506.02    0.0   2884     0 |    1.56   2.38   0.09  -1.17
0  7.94e+06 4609.89 | 4513.67    0.0   2884     0 |    1.56   2.42   0.07  -1.17
0  8.00e+06 4609.89 | 4512.69    0.0   2885     0 |    1.56   2.48  -0.01  -1.17
0  8.06e+06 4609.89 | 4509.11    0.0   2884     0 |    1.56   2.49  -0.05  -1.17
0  8.11e+06 4609.89 | 4512.00    0.0   2886     0 |    1.56   2.35   0.06  -1.17
0  8.17e+06 4609.89 | 4513.81    0.0   2885     0 |    1.56   2.66   0.07  -1.18
0  8.23e+06 4609.89 | 4511.24    0.0   2885     0 |    1.56   2.79   0.01  -1.18
0  8.29e+06 4609.89 | 4512.27    0.0   2886     0 |    1.56   2.68  -0.00  -1.17
0  8.34e+06 4609.89 | 4514.29    0.0   2886     0 |    1.56   2.94   0.07  -1.17
0  8.40e+06 4609.89 | 4511.68    0.0   2885     0 |    1.56   2.39  -0.02  -1.17
0  8.46e+06 4609.89 | 4542.85    0.0   2887     0 |    1.57   2.64  -0.01  -1.16
0  8.52e+06 4725.72 |
成功率：100.0%, 提交量大于阈值的概率：0.11762%, 超供率：57.3%, 超供程度：48.6%, 超供平均值：3.2, 方差：205.2
0  8.52e+06 4725.72 | 4725.72    0.0   2887     0 |    1.63   2.40  -0.02  -1.16
0  8.55e+06 4725.72 | 4567.15    0.0   2887     0 |    1.58   2.54  -0.05  -1.16
0  8.60e+06 4725.72 | 4463.81    0.0   2887     0 |    1.54   2.68   0.08  -1.16
0  8.66e+06 4725.72 | 4475.41    0.0   2887     0 |    1.54   2.55   0.04  -1.16
0  8.72e+06 4725.72 | 4489.59    0.0   2887     0 |    1.55   2.46  -0.02  -1.16
0  8.78e+06 4725.72 | 4490.10    0.0   2887     0 |    1.55   2.39  -0.00  -1.16
0  8.84e+06 4725.72 | 4492.05    0.0   2887     0 |    1.55   2.54   0.02  -1.16
0  8.89e+06 4725.72 | 4532.34    0.0   2887     0 |    1.55   2.59   0.11  -1.17
0  8.95e+06 4725.72 | 4577.47    0.0   2887     0 |    1.58   2.73   0.01  -1.17
0  9.01e+06 4725.72 | 4572.12    0.0   2887     0 |    1.58   2.24   0.02  -1.17
0  9.07e+06 4725.72 | 4531.67    0.0   2887     0 |    1.56   2.55   0.03  -1.18
0  9.12e+06 4725.72 | 4536.30    0.0   2887     0 |    1.57   2.27   0.18  -1.18
0  9.18e+06 4725.72 | 4507.99    0.0   2887     0 |    1.55   2.46  -0.04  -1.18
0  9.24e+06 4725.72 | 4526.22    0.0   2887     0 |    1.56   2.67   0.07  -1.17
0  9.30e+06 4725.72 | 4482.42    0.0   2885     0 |    1.55   2.70  -0.10  -1.18
0  9.35e+06 4725.72 | 4476.17    0.0   2883     0 |    1.55   2.48  -0.09  -1.17
0  9.41e+06 4725.72 | 4477.95    0.0   2883     0 |    1.55   2.65   0.17  -1.17
0  9.47e+06 4725.72 | 4480.41    0.0   2883     0 |    1.55   2.24   0.13  -1.17
0  9.53e+06 4725.72 | 4489.73    0.0   2883     0 |    1.55   2.48   0.06  -1.17
0  9.59e+06 4725.72 | 4489.74    0.0   2884     0 |    1.55   2.48  -0.02  -1.17
0  9.64e+06 4725.72 | 4488.30    0.0   2884     0 |    1.55   2.75   0.06  -1.17
0  9.70e+06 4725.72 | 4477.56    0.0   2883     0 |    1.55   2.68   0.12  -1.17
0  9.76e+06 4725.72 | 4475.13    0.0   2883     0 |    1.55   2.49   0.06  -1.17
0  9.82e+06 4725.72 | 4478.70    0.0   2885     0 |    1.55   2.65   0.11  -1.18
0  9.88e+06 4725.72 | 4481.65    0.0   2883     0 |    1.55   3.08   0.14  -1.17
0  9.94e+06 4725.72 | 4484.92    0.0   2884     0 |    1.55   2.29   0.06  -1.16
0  9.99e+06 4725.72 | 4481.90    0.0   2883     0 |    1.55   3.23   0.05  -1.15
0  1.01e+07 4725.72 | 4477.87    0.0   2883     0 |    1.55   3.08  -0.04  -1.17
0  1.01e+07 4725.72 | 4471.67    0.0   2883     0 |    1.55   2.56   0.07  -1.15
0  1.02e+07 4725.72 | 4474.66    0.0   2883     0 |    1.55   2.60   0.10  -1.16
0  1.02e+07 4725.72 | 4478.57    0.0   2883     0 |    1.55   2.64  -0.03  -1.16
0  1.03e+07 4725.72 | 4483.53    0.0   2883     0 |    1.55   2.70   0.04  -1.16
0  1.03e+07 4725.72 | 4482.43    0.0   2883     0 |    1.55   2.48   0.07  -1.16
0  1.04e+07 4725.72 | 4486.42    0.0   2883     0 |    1.55   2.82  -0.04  -1.16
0  1.05e+07 4725.72 | 4488.55    0.0   2883     0 |    1.55   2.51   0.12  -1.17
0  1.05e+07 4725.72 | 4489.97    0.0   2883     0 |    1.55   2.57   0.10  -1.16
0  1.06e+07 4725.72 | 4489.28    0.0   2883     0 |    1.55   2.43   0.13  -1.16
0  1.06e+07 4725.72 | 4493.85    0.0   2884     0 |    1.55   2.75   0.03  -1.16
0  1.07e+07 4725.72 | 4497.82    0.0   2885     0 |    1.56   2.37   0.04  -1.17
0  1.07e+07 4725.72 | 4492.00    0.0   2884     0 |    1.55   2.60   0.09  -1.16
0  1.08e+07 4725.72 | 4487.88    0.0   2884     0 |    1.55   2.69  -0.02  -1.16
0  1.09e+07 4725.72 | 4483.77    0.0   2884     0 |    1.55   2.46   0.03  -1.16
0  1.09e+07 4725.72 | 4531.64    0.0   2886     0 |    1.56   2.74   0.19  -1.16
0  1.10e+07 4725.72 | 4487.26    0.0   2884     0 |    1.55   2.82  -0.08  -1.16
0  1.10e+07 4725.72 | 4488.60    0.0   2884     0 |    1.55   2.88  -0.02  -1.16
0  1.11e+07 4725.72 | 4486.69    0.0   2884     0 |    1.55   2.76  -0.08  -1.17
0  1.11e+07 4725.72 | 4477.11    0.0   2884     0 |    1.55   2.93   0.10  -1.17
0  1.12e+07 4725.72 | 4487.51    0.0   2884     0 |    1.55   2.08   0.14  -1.17
0  1.13e+07 4725.72 | 4492.63    0.0   2884     0 |    1.55   2.65   0.06  -1.17
0  1.13e+07 4725.72 | 4475.58    0.0   2883     0 |    1.55   2.65   0.06  -1.16
0  1.14e+07 4725.72 | 4480.13    0.0   2884     0 |    1.55   2.19   0.06  -1.16
0  1.14e+07 4725.72 | 4484.84    0.0   2884     0 |    1.55   2.57   0.02  -1.16
0  1.15e+07 4725.72 | 4487.49    0.0   2884     0 |    1.56   2.47   0.09  -1.17
0  1.16e+07 4725.72 | 4484.17    0.0   2884     0 |    1.55   2.75   0.07  -1.16
0  1.16e+07 4725.72 | 4489.81    0.0   2884     0 |    1.55   2.64   0.12  -1.16
0  1.17e+07 4725.72 | 4513.10    0.0   2885     0 |    1.56   2.89   0.10  -1.16
0  1.17e+07 4725.72 | 4504.20    0.0   2885     0 |    1.56   2.55  -0.15  -1.16
0  1.18e+07 4725.72 | 4508.29    0.0   2885     0 |    1.56   2.68   0.08  -1.16
0  1.18e+07 4725.72 | 4503.04    0.0   2884     0 |    1.56   2.65  -0.01  -1.15
0  1.19e+07 4830.67 |
成功率：100.0%, 提交量大于阈值的概率：0.13297%, 超供率：50.5%, 超供程度：41.4%, 超供平均值：2.8, 方差：196.3
0  1.19e+07 4830.67 | 4830.67    0.0   2887     0 |    1.59   2.57  -0.08  -1.16
0  1.19e+07 4830.67 | 4792.81    0.0   2887     0 |    1.65   2.14  -0.07  -1.17
0  1.20e+07 4830.67 | 4510.50    0.0   2886     0 |    1.56   2.43   0.01  -1.17
0  1.20e+07 4830.67 | 4510.31    0.0   2886     0 |    1.56   2.61   0.09  -1.17
0  1.21e+07 4830.67 | 4534.88    0.0   2886     0 |    1.57   2.48  -0.02  -1.17
0  1.22e+07 4830.67 | 4535.42    0.0   2885     0 |    1.56   2.31  -0.01  -1.17
0  1.22e+07 4830.67 | 4474.71    0.0   2885     0 |    1.54   2.19  -0.04  -1.17
0  1.23e+07 4830.67 | 4475.35    0.0   2885     0 |    1.55   2.45  -0.02  -1.17
0  1.23e+07 4830.67 | 4474.60    0.0   2886     0 |    1.55   2.56  -0.04  -1.18
0  1.24e+07 4830.67 | 4449.27    0.0   2885     0 |    1.54   2.37  -0.09  -1.17
0  1.25e+07 4830.67 | 4443.25    0.0   2884     0 |    1.54   2.63  -0.00  -1.17
0  1.25e+07 4830.67 | 4451.69    0.0   2884     0 |    1.54   2.61   0.08  -1.16
0  1.26e+07 4830.67 | 4454.81    0.0   2885     0 |    1.54   3.10   0.05  -1.17
0  1.26e+07 4830.67 | 4504.85    0.0   2885     0 |    1.55   2.33   0.07  -1.16
0  1.27e+07 4830.67 | 4514.57    0.0   2886     0 |    1.56   2.64  -0.07  -1.16
0  1.27e+07 4830.67 | 4522.36    0.0   2886     0 |    1.57   2.31   0.15  -1.17
0  1.28e+07 4830.67 | 4481.08    0.0   2885     0 |    1.55   2.71   0.07  -1.16
0  1.29e+07 4830.67 | 4486.07    0.0   2885     0 |    1.54   2.73  -0.04  -1.16
0  1.29e+07 4830.67 | 4465.28    0.0   2885     0 |    1.54   2.06  -0.04  -1.16
0  1.30e+07 4830.67 | 4481.01    0.0   2885     0 |    1.55   2.61  -0.07  -1.15
0  1.30e+07 4830.67 | 4445.63    0.0   2885     0 |    1.55   2.42   0.05  -1.15
0  1.31e+07 4830.67 | 4434.40    0.0   2885     0 |    1.53   2.60   0.02  -1.14
0  1.32e+07 4830.67 | 4444.91    0.0   2884     0 |    1.54   2.46   0.05  -1.15
0  1.32e+07 4830.67 | 4440.36    0.0   2884     0 |    1.53   2.44  -0.01  -1.14
0  1.33e+07 4830.67 | 4463.42    0.0   2885     0 |    1.55   2.60  -0.11  -1.14
0  1.33e+07 4830.67 | 4493.19    0.0   2885     0 |    1.54   2.25   0.04  -1.15
0  1.34e+07 4830.67 | 4751.66    0.0   2887     0 |    1.64   2.41   0.04  -1.15
0  1.34e+07 4831.57 |
成功率：100.0%, 提交量大于阈值的概率：0.12302%, 超供率：55.1%, 超供程度：44.4%, 超供平均值：3.0, 方差：200.3
0  1.34e+07 4831.57 | 4831.57    0.0   2887     0 |    1.67   1.94  -0.14  -1.16
0  1.35e+07 4831.57 | 4830.79    0.0   2887     0 |    1.68   2.07  -0.16  -1.16
0  1.35e+07 4831.57 | 4527.03    0.0   2887     0 |    1.57   2.28  -0.03  -1.17
0  1.36e+07 4831.57 | 4531.00    0.0   2887     0 |    1.57   2.49  -0.08  -1.18
0  1.36e+07 4831.57 | 4441.04    0.0   2887     0 |    1.55   2.61   0.14  -1.17
0  1.37e+07 4831.57 | 4426.79    0.0   2887     0 |    1.53   2.44   0.11  -1.17
0  1.38e+07 4831.57 | 4431.18    0.0   2886     0 |    1.53   2.27  -0.00  -1.17
0  1.38e+07 4831.57 | 4441.35    0.0   2886     0 |    1.53   2.57   0.05  -1.16
0  1.39e+07 4831.57 | 4436.40    0.0   2885     0 |    1.54   2.71   0.08  -1.15
0  1.39e+07 4831.57 | 4448.29    0.0   2885     0 |    1.54   2.70   0.01  -1.16
0  1.40e+07 4831.57 | 4486.75    0.0   2886     0 |    1.55   2.52   0.12  -1.17
0  1.41e+07 4831.57 | 4501.24    0.0   2887     0 |    1.56   2.28   0.08  -1.17
0  1.41e+07 4831.57 | 4500.15    0.0   2887     0 |    1.55   2.72   0.04  -1.17
0  1.42e+07 4831.57 | 4660.90    0.0   2887     0 |    1.57   2.94  -0.06  -1.17
0  1.42e+07 4831.57 | 4506.51    0.0   2887     0 |    1.56   2.67   0.03  -1.16
0  1.43e+07 4831.57 | 4498.23    0.0   2887     0 |    1.55   2.27   0.11  -1.16
0  1.43e+07 4831.57 | 4509.04    0.0   2886     0 |    1.56   2.36   0.07  -1.17
0  1.44e+07 4831.57 | 4490.96    0.0   2886     0 |    1.56   2.28   0.09  -1.17
0  1.45e+07 4831.57 | 4446.73    0.0   2885     0 |    1.54   2.59   0.07  -1.17
0  1.45e+07 4831.57 | 4426.06    0.0   2885     0 |    1.53   2.62  -0.12  -1.17
0  1.46e+07 4831.57 | 4486.18    0.0   2887     0 |    1.55   2.65  -0.10  -1.17
0  1.46e+07 4831.57 | 4499.88    0.0   2887     0 |    1.56   2.48   0.11  -1.17
0  1.47e+07 4831.57 | 4510.79    0.0   2886     0 |    1.56   2.56   0.02  -1.18
0  1.47e+07 4831.57 | 4513.50    0.0   2887     0 |    1.56   2.86   0.09  -1.18
0  1.48e+07 4831.57 | 4682.43    0.0   2887     0 |    1.60   2.53  -0.02  -1.17
0  1.49e+07 4831.57 | 4720.34    0.0   2887     0 |    1.65   2.06   0.09  -1.17
0  1.49e+07 4859.78 |
成功率：100.0%, 提交量大于阈值的概率：0.16012%, 超供率：34.5%, 超供程度：30.4%, 超供平均值：2.0, 方差：223.2
0  1.49e+07 4859.78 | 4859.78    0.0   2887     0 |    1.68   2.05  -0.01  -1.17
0  1.49e+07 4859.78 | 4842.60    0.0   2887     0 |    1.68   2.12  -0.09  -1.18
0  1.50e+07 4859.78 | 4848.98    0.0   2887     0 |    1.68   2.14  -0.08  -1.18
0  1.51e+07 4859.78 | 4769.58    0.0   2887     0 |    1.65   2.39  -0.11  -1.19
0  1.51e+07 4859.78 | 4695.42    0.0   2887     0 |    1.63   2.60  -0.14  -1.19
0  1.52e+07 4859.78 | 4692.46    0.0   2887     0 |    1.59   2.24   0.00  -1.18
0  1.52e+07 4859.78 | 4525.05    0.0   2887     0 |    1.56   2.23   0.04  -1.18
0  1.53e+07 4859.78 | 4513.35    0.0   2887     0 |    1.55   2.48  -0.04  -1.18
0  1.53e+07 4859.78 | 4517.58    0.0   2887     0 |    1.55   2.89  -0.04  -1.17
0  1.54e+07 4859.78 | 4432.03    0.0   2887     0 |    1.55   2.36   0.16  -1.16
0  1.55e+07 4859.78 | 4437.76    0.0   2887     0 |    1.53   2.53   0.04  -1.16
0  1.55e+07 4859.78 | 4525.21    0.0   2887     0 |    1.56   2.10  -0.11  -1.16
0  1.56e+07 4859.78 | 4523.75    0.0   2887     0 |    1.57   2.39   0.06  -1.16
0  1.56e+07 4859.78 | 4525.80    0.0   2887     0 |    1.57   2.24   0.03  -1.16
0  1.57e+07 4859.78 | 4524.02    0.0   2887     0 |    1.57   2.14  -0.02  -1.17
0  1.58e+07 4859.78 | 4525.07    0.0   2887     0 |    1.57   2.25   0.05  -1.16
0  1.58e+07 4859.78 | 4532.68    0.0   2887     0 |    1.57   2.45   0.08  -1.18
0  1.59e+07 4859.78 | 4686.64    0.0   2887     0 |    1.57   2.56   0.04  -1.18
0  1.59e+07 4859.78 | 4785.81    0.0   2887     0 |    1.64   1.97   0.06  -1.18
0  1.60e+07 4859.78 | 4702.87    0.0   2887     0 |    1.63   2.26  -0.09  -1.18
0  1.60e+07 4859.78 | 4692.24    0.0   2887     0 |    1.62   2.15   0.01  -1.17
0  1.61e+07 4859.78 | 4687.48    0.0   2887     0 |    1.59   2.28  -0.00  -1.17
0  1.62e+07 4859.78 | 4699.07    0.0   2887     0 |    1.63   1.83   0.07  -1.18
0  1.62e+07 4859.78 | 4695.98    0.0   2887     0 |    1.63   2.11  -0.01  -1.18
0  1.63e+07 4859.78 | 4535.23    0.0   2887     0 |    1.63   1.91  -0.03  -1.17
0  1.63e+07 4859.78 | 4529.60    0.0   2887     0 |    1.57   2.25  -0.12  -1.16
0  1.64e+07 4859.78 | 4530.96    0.0   2887     0 |    1.57   2.33   0.06  -1.17
0  1.64e+07 4859.78 | 4534.88    0.0   2887     0 |    1.60   2.29   0.09  -1.15
0  1.65e+07 4859.78 | 4698.33    0.0   2887     0 |    1.63   2.06   0.04  -1.16
0  1.66e+07 4862.81 |
成功率：99.9%, 提交量大于阈值的概率：0.14483%, 超供率：36.8%, 超供程度：32.1%, 超供平均值：2.1, 方差：220.0
0  1.66e+07 4862.81 | 4862.81    0.0   2887     0 |    1.66   1.82  -0.04  -1.17
0  1.66e+07 4862.81 | 4697.52    0.0   2887     0 |    1.63   2.15   0.05  -1.16
0  1.66e+07 4862.81 | 4706.98    0.0   2887     0 |    1.62   2.03  -0.11  -1.17
0  1.67e+07 4862.81 | 4694.38    0.0   2887     0 |    1.62   2.45  -0.07  -1.18
0  1.68e+07 4862.81 | 4691.35    0.0   2887     0 |    1.63   1.88  -0.07  -1.17
0  1.68e+07 4862.81 | 4700.93    0.0   2887     0 |    1.63   2.28  -0.00  -1.17
0  1.69e+07 4862.81 | 4533.12    0.0   2887     0 |    1.60   2.13  -0.07  -1.17
0  1.69e+07 4862.81 | 4699.13    0.0   2887     0 |    1.63   1.93  -0.01  -1.17
0  1.70e+07 4862.81 | 4693.73    0.0   2887     0 |    1.57   2.38  -0.03  -1.16
0  1.71e+07 4862.81 | 4528.49    0.0   2887     0 |    1.57   2.21  -0.01  -1.16
0  1.71e+07 4862.81 | 4521.71    0.0   2887     0 |    1.57   2.04   0.10  -1.16
0  1.72e+07 4862.81 | 4525.12    0.0   2887     0 |    1.62   1.94   0.02  -1.16
0  1.72e+07 4862.81 | 4523.47    0.0   2887     0 |    1.56   2.43   0.03  -1.16
0  1.73e+07 4862.81 | 4504.81    0.0   2887     0 |    1.58   2.45   0.04  -1.15
0  1.73e+07 4862.81 | 4672.34    0.0   2887     0 |    1.61   2.30  -0.03  -1.16
0  1.74e+07 4862.81 | 4509.99    0.0   2887     0 |    1.55   2.42   0.04  -1.16
0  1.75e+07 4862.81 | 4613.27    0.0   2887     0 |    1.57   2.43  -0.04  -1.16
0  1.75e+07 4862.81 | 4491.90    0.0   2887     0 |    1.55   2.47  -0.02  -1.17
0  1.76e+07 4862.81 | 4622.77    0.0   2887     0 |    1.58   1.98   0.01  -1.16
0  1.76e+07 4862.81 | 4685.48    0.0   2887     0 |    1.58   2.56  -0.02  -1.16
0  1.77e+07 4862.81 | 4784.95    0.0   2887     0 |    1.65   2.57  -0.01  -1.16
0  1.77e+07 4862.81 | 4770.58    0.0   2887     0 |    1.64   2.16  -0.04  -1.16
0  1.78e+07 4862.81 | 4725.35    0.0   2887     0 |    1.64   2.48   0.02  -1.16
0  1.79e+07 4862.81 | 4707.58    0.0   2887     0 |    1.63   2.08   0.03  -1.15
0  1.79e+07 4862.81 | 4694.62    0.0   2887     0 |    1.63   1.98  -0.04  -1.15
0  1.80e+07 4862.81 | 4695.09    0.0   2887     0 |    1.63   1.92   0.06  -1.16
0  1.80e+07 4862.81 | 4525.85    0.0   2887     0 |    1.57   2.40  -0.02  -1.16
0  1.81e+07 4862.81 | 4527.75    0.0   2887     0 |    1.57   2.42   0.07  -1.16
0  1.82e+07 4862.81 | 4556.83    0.0   2887     0 |    1.58   2.17  -0.11  -1.16
0  1.82e+07 4862.81 | 4529.58    0.0   2887     0 |    1.57   2.23  -0.05  -1.16
0  1.83e+07 4862.81 | 4526.40    0.0   2887     0 |    1.57   2.48  -0.05  -1.17
0  1.83e+07 4862.81 | 4523.91    0.0   2887     0 |    1.56   2.24   0.01  -1.17
0  1.84e+07 4862.81 | 4522.02    0.0   2887     0 |    1.60   2.47  -0.03  -1.17
0  1.84e+07 4862.81 | 4707.07    0.0   2887     0 |    1.56   2.19   0.07  -1.17
0  1.85e+07 4862.81 | 4714.09    0.0   2887     0 |    1.67   2.08  -0.08  -1.17
0  1.86e+07 5004.87 |
成功率：100.0%, 提交量大于阈值的概率：0.17008%, 超供率：22.9%, 超供程度：20.0%, 超供平均值：1.3, 方差：231.3
0  1.86e+07 5004.87 | 5004.87    0.0   2887     0 |    1.64   1.83  -0.04  -1.17
0  1.86e+07 5004.87 | 4393.24    0.0   2887     0 |    1.74   1.77  -0.12  -1.16
0  1.86e+07 5004.87 | 4384.73    0.0   2887     0 |    1.52   2.52   0.12  -1.17
0  1.87e+07 5004.87 | 4389.22    0.0   2887     0 |    1.52   2.55   0.08  -1.15
0  1.88e+07 5004.87 | 4390.12    0.0   2887     0 |    1.51   2.26   0.13  -1.15
0  1.88e+07 5004.87 | 4373.05    0.0   2884     0 |    1.52   2.18   0.07  -1.15
0  1.89e+07 5004.87 | 4372.81    0.0   2884     0 |    1.52   2.65   0.06  -1.15
0  1.89e+07 5004.87 | 4399.67    0.0   2887     0 |    1.52   2.63   0.10  -1.15
0  1.90e+07 5004.87 | 4379.02    0.0   2884     0 |    1.52   2.47   0.19  -1.15
0  1.91e+07 5004.87 | 4397.35    0.0   2887     0 |    1.52   2.79   0.10  -1.14
0  1.91e+07 5004.87 | 4399.62    0.0   2887     0 |    1.52   1.88   0.07  -1.14
0  1.92e+07 5004.87 | 4407.04    0.0   2887     0 |    1.53   2.39   0.04  -1.14
0  1.92e+07 5004.87 | 4406.19    0.0   2887     0 |    1.53   2.44  -0.03  -1.13
0  1.93e+07 5004.87 | 4413.92    0.0   2887     0 |    1.53   2.18   0.09  -1.13
0  1.93e+07 5004.87 | 4414.93    0.0   2887     0 |    1.53   2.14  -0.00  -1.15
0  1.94e+07 5004.87 | 4415.62    0.0   2887     0 |    1.53   2.15   0.11  -1.15
0  1.95e+07 5004.87 | 4519.47    0.0   2887     0 |    1.56   2.11   0.08  -1.14
0  1.95e+07 5004.87 | 4526.55    0.0   2887     0 |    1.57   2.29   0.02  -1.15
0  1.96e+07 5004.87 | 4516.99    0.0   2887     0 |    1.56   2.47   0.01  -1.16
0  1.96e+07 5004.87 | 4418.40    0.0   2887     0 |    1.55   2.29  -0.03  -1.17
0  1.97e+07 5004.87 | 4532.33    0.0   2887     0 |    1.57   1.82   0.10  -1.17
0  1.97e+07 5004.87 | 4533.52    0.0   2887     0 |    1.53   2.43   0.08  -1.15
0  1.98e+07 5004.87 | 4518.52    0.0   2887     0 |    1.57   2.17   0.03  -1.15
0  1.99e+07 5004.87 | 4521.87    0.0   2887     0 |    1.56   2.15   0.12  -1.15
0  1.99e+07 5004.87 | 4516.15    0.0   2887     0 |    1.56   2.57   0.06  -1.16
0  2.00e+07 5004.87 | 4521.92    0.0   2887     0 |    1.57   2.04  -0.04  -1.16
0  2.00e+07 5004.87 | 4518.55    0.0   2887     0 |    1.56   2.34   0.09  -1.16
0  2.01e+07 5004.87 | 4515.67    0.0   2887     0 |    1.56   2.14   0.03  -1.16
0  2.01e+07 5004.87 | 4518.90    0.0   2887     0 |    1.56   2.20   0.04  -1.15
0  2.02e+07 5004.87 | 4514.71    0.0   2887     0 |    1.56   2.21   0.04  -1.15
0  2.03e+07 5004.87 | 4515.70    0.0   2887     0 |    1.56   2.35   0.02  -1.16
0  2.03e+07 5004.87 | 4513.63    0.0   2887     0 |    1.56   2.42  -0.09  -1.16
0  2.04e+07 5004.87 | 4519.94    0.0   2887     0 |    1.56   2.44   0.07  -1.16
0  2.04e+07 5004.87 | 4702.15    0.0   2887     0 |    1.63   2.17  -0.09  -1.16
0  2.05e+07 5004.87 | 4695.62    0.0   2887     0 |    1.57   2.36   0.01  -1.16
0  2.06e+07 5004.87 | 4768.76    0.0   2887     0 |    1.66   2.03   0.02  -1.16
0  2.06e+07 5004.87 | 4861.35    0.0   2887     0 |    1.69   1.84  -0.06  -1.16
0  2.07e+07 5004.87 | 4867.94    0.0   2887     0 |    1.69   1.85  -0.11  -1.18
0  2.07e+07 5004.87 | 4906.16    0.0   2887     0 |    1.69   1.75  -0.03  -1.17
0  2.08e+07 5004.87 | 4909.28    0.0   2887     0 |    1.70   1.82  -0.01  -1.17
0  2.09e+07 5004.87 | 4890.55    0.0   2887     0 |    1.69   2.00  -0.19  -1.17
0  2.09e+07 5004.87 | 4882.09    0.0   2887     0 |    1.69   2.06  -0.14  -1.17
0  2.10e+07 5004.87 | 4923.18    0.0   2887     0 |    1.73   1.90  -0.14  -1.17
0  2.10e+07 5004.87 | 4999.69    0.0   2887     0 |    1.73   1.65  -0.03  -1.16
0  2.11e+07 5004.87 | 4684.83    0.0   2887     0 |    1.57   2.56   0.00  -1.15
0  2.12e+07 5004.87 | 4688.71    0.0   2887     0 |    1.62   2.16  -0.10  -1.15
0  2.12e+07 5004.87 | 4687.03    0.0   2887     0 |    1.62   2.03  -0.05  -1.16
0  2.13e+07 5004.87 | 4671.02    0.0   2887     0 |    1.60   2.23   0.01  -1.16
0  2.14e+07 5004.87 | 4802.28    0.0   2887     0 |    1.65   2.21  -0.09  -1.16
0  2.14e+07 5004.87 | 4369.24    0.0   2887     0 |    1.55   2.11  -0.01  -1.15
0  2.15e+07 5004.87 | 4478.31    0.0   2887     0 |    1.53   2.21   0.06  -1.16
0  2.16e+07 5004.87 | 4479.05    0.0   2887     0 |    1.58   2.38   0.09  -1.15
0  2.16e+07 5004.87 | 4415.88    0.0   2887     0 |    1.53   2.32  -0.07  -1.16
0  2.17e+07 5004.87 | 4393.73    0.0   2887     0 |    1.51   2.22   0.12  -1.16
0  2.17e+07 5004.87 | 4357.03    0.0   2887     0 |    1.51   2.56  -0.01  -1.16
0  2.18e+07 5004.87 | 4356.49    0.0   2887     0 |    1.51   2.30   0.06  -1.15
0  2.19e+07 5004.87 | 4359.63    0.0   2887     0 |    1.51   2.24  -0.04  -1.15
0  2.19e+07 5004.87 | 4354.29    0.0   2887     0 |    1.51   2.31  -0.04  -1.16
0  2.20e+07 5004.87 | 4360.80    0.0   2887     0 |    1.51   2.32   0.06  -1.16
0  2.21e+07 5004.87 | 4364.67    0.0   2887     0 |    1.51   2.44  -0.10  -1.15
0  2.21e+07 5004.87 | 4376.98    0.0   2887     0 |    1.51   2.23  -0.13  -1.16
0  2.22e+07 5004.87 | 4414.82    0.0   2887     0 |    1.53   2.70  -0.04  -1.14
