################################################################################
ID     Step    maxR |    avgR   stdR   avgS  stdS |    expR   objC   etc.
0  5.77e+03 1981.69 |
成功率：98.7%, 提交量大于阈值的概率：1.53163%, 超供率：96.1%, 超供程度：83.5%, 超供平均值：5.7, 方差：196.9
0  5.77e+03 1981.69 | 1981.69    0.0   2886     0 |    0.51   2.09   0.08  -0.50
0  4.04e+04 2197.71 |
成功率：98.5%, 提交量大于阈值的概率：1.55157%, 超供率：95.9%, 超供程度：80.5%, 超供平均值：5.5, 方差：182.7
0  4.04e+04 2197.71 | 2197.71    0.0   2886     0 |    0.63   1.76  -0.04  -0.51
0  7.50e+04 2359.63 |
成功率：98.2%, 提交量大于阈值的概率：1.57364%, 超供率：95.7%, 超供程度：77.4%, 超供平均值：5.3, 方差：173.1
0  7.50e+04 2359.63 | 2359.63    0.0   2885     0 |    0.71   1.40   0.14  -0.53
0  1.10e+05 2497.92 |
成功率：98.0%, 提交量大于阈值的概率：1.53774%, 超供率：94.9%, 超供程度：74.3%, 超供平均值：5.1, 方差：169.5
0  1.10e+05 2497.92 | 2497.92    0.0   2885     0 |    0.78   1.31  -0.06  -0.55
0  1.44e+05 2674.77 |
成功率：97.2%, 提交量大于阈值的概率：1.54190%, 超供率：93.6%, 超供程度：71.0%, 超供平均值：4.9, 方差：161.2
0  1.44e+05 2674.77 | 2674.77    0.0   2886     0 |    0.84   1.14   0.12  -0.57
0  1.79e+05 2892.75 |
成功率：95.9%, 提交量大于阈值的概率：1.55571%, 超供率：91.3%, 超供程度：68.1%, 超供平均值：4.7, 方差：148.0
0  1.79e+05 2892.75 | 2892.75    0.0   2886     0 |    0.91   1.20   0.01  -0.58
0  2.14e+05 3186.13 |
成功率：93.9%, 提交量大于阈值的概率：1.55970%, 超供率：87.5%, 超供程度：65.1%, 超供平均值：4.5, 方差：129.7
0  2.14e+05 3186.13 | 3186.13    0.0   2886     0 |    0.98   0.92  -0.00  -0.60
0  2.48e+05 3591.04 |
成功率：90.7%, 提交量大于阈值的概率：1.53657%, 超供率：82.3%, 超供程度：63.1%, 超供平均值：4.3, 方差：106.3
0  2.48e+05 3591.04 | 3591.04    0.0   2886     0 |    1.10   0.81   0.16  -0.63
0  2.83e+05 4012.73 |
成功率：86.5%, 提交量大于阈值的概率：1.42009%, 超供率：76.1%, 超供程度：60.9%, 超供平均值：4.2, 方差：80.1
0  2.83e+05 4012.73 | 4012.73    0.0   2886     0 |    1.24   0.68   0.13  -0.66
0  3.17e+05 4430.58 |
成功率：82.0%, 提交量大于阈值的概率：1.05846%, 超供率：71.1%, 超供程度：60.5%, 超供平均值：4.2, 方差：57.1
0  3.17e+05 4430.58 | 4430.58    0.0   2886     0 |    1.36   0.42   0.04  -0.70
0  3.46e+05 4489.81 |
成功率：79.5%, 提交量大于阈值的概率：0.31276%, 超供率：67.4%, 超供程度：59.3%, 超供平均值：4.1, 方差：47.3
0  3.46e+05 4489.81 | 4489.81    0.0   2886     0 |    1.39   0.37  -0.03  -0.73
0  3.75e+05 4575.44 |
成功率：80.2%, 提交量大于阈值的概率：0.41753%, 超供率：67.0%, 超供程度：58.9%, 超供平均值：4.0, 方差：49.2
0  3.75e+05 4575.44 | 4575.44    0.0   2886     0 |    1.42   0.30  -0.06  -0.77
0  4.04e+05 4575.44 | 4540.28    0.0   2887     0 |    1.45   0.31  -0.01  -0.79
0  4.62e+05 4604.45 |
成功率：79.7%, 提交量大于阈值的概率：0.25413%, 超供率：62.9%, 超供程度：55.7%, 超供平均值：3.8, 方差：48.7
0  4.62e+05 4604.45 | 4604.45    0.0   2887     0 |    1.47   0.32  -0.01  -0.84
0  4.91e+05 4664.49 |
成功率：80.1%, 提交量大于阈值的概率：0.34307%, 超供率：62.7%, 超供程度：55.3%, 超供平均值：3.8, 方差：49.9
0  4.91e+05 4664.49 | 4664.49    0.0   2887     0 |    1.51   0.31   0.04  -0.86
0  5.20e+05 4696.39 |
成功率：80.4%, 提交量大于阈值的概率：0.43182%, 超供率：62.1%, 超供程度：54.5%, 超供平均值：3.7, 方差：50.4
0  5.20e+05 4696.39 | 4696.39    0.0   2887     0 |    1.52   0.32  -0.06  -0.88
0  5.48e+05 4721.57 |
成功率：80.5%, 提交量大于阈值的概率：0.43160%, 超供率：61.2%, 超供程度：53.8%, 超供平均值：3.7, 方差：50.6
0  5.48e+05 4721.57 | 4721.57    0.0   2887     0 |    1.54   0.30   0.06  -0.91
0  5.77e+05 4721.57 | 4710.18    0.0   2887     0 |    1.54   0.32   0.11  -0.93
0  6.35e+05 4774.52 |
成功率：80.7%, 提交量大于阈值的概率：0.51671%, 超供率：58.9%, 超供程度：51.6%, 超供平均值：3.5, 方差：50.7
0  6.35e+05 4774.52 | 4774.52    0.0   2887     0 |    1.57   0.27   0.05  -0.95
0  6.64e+05 4774.52 | 4743.89    0.0   2887     0 |    1.58   0.27  -0.01  -0.97
0  7.22e+05 4817.16 |
成功率：80.9%, 提交量大于阈值的概率：0.51567%, 超供率：58.3%, 超供程度：51.1%, 超供平均值：3.5, 方差：51.5
0  7.22e+05 4817.16 | 4817.16    0.0   2887     0 |    1.60   0.28   0.03  -1.00
0  7.50e+05 4819.76 |
成功率：81.0%, 提交量大于阈值的概率：0.61714%, 超供率：58.0%, 超供程度：50.6%, 超供平均值：3.5, 方差：52.2
0  7.50e+05 4819.76 | 4819.76    0.0   2887     0 |    1.60   0.27   0.03  -1.02
0  7.79e+05 4819.76 | 4800.18    0.0   2887     0 |    1.61   0.30   0.11  -1.03
0  8.37e+05 4819.76 | 4789.30    0.0   2887     0 |    1.62   0.30   0.05  -1.05
0  8.95e+05 4858.51 |
成功率：80.9%, 提交量大于阈值的概率：0.54322%, 超供率：55.7%, 超供程度：48.6%, 超供平均值：3.3, 方差：51.5
0  8.95e+05 4858.51 | 4858.51    0.0   2887     0 |    1.63   0.27   0.04  -1.08
0  9.24e+05 4858.51 | 4799.43    0.0   2887     0 |    1.63   0.23  -0.00  -1.09
0  9.81e+05 4877.29 |
成功率：80.9%, 提交量大于阈值的概率：0.53993%, 超供率：55.0%, 超供程度：47.8%, 超供平均值：3.3, 方差：51.5
0  9.81e+05 4877.29 | 4877.29    0.0   2887     0 |    1.65   0.24   0.02  -1.12
0  1.01e+06 4877.29 | 4866.02    0.0   2887     0 |    1.65   0.23  -0.02  -1.13
0  1.07e+06 4877.29 | 4859.29    0.0   2887     0 |    1.65   0.27   0.12  -1.14
0  1.13e+06 4908.90 |
成功率：81.0%, 提交量大于阈值的概率：0.55044%, 超供率：53.8%, 超供程度：46.8%, 超供平均值：3.2, 方差：52.0
0  1.13e+06 4908.90 | 4908.90    0.0   2887     0 |    1.66   0.24   0.02  -1.16
0  1.15e+06 4908.90 | 4840.79    0.0   2887     0 |    1.66   0.21   0.06  -1.16
0  1.21e+06 4908.90 | 4859.67    0.0   2887     0 |    1.66   0.21   0.06  -1.16
0  1.27e+06 4940.09 |
成功率：81.0%, 提交量大于阈值的概率：0.52160%, 超供率：52.4%, 超供程度：45.3%, 超供平均值：3.1, 方差：51.2
0  1.27e+06 4940.09 | 4940.09    0.0   2887     0 |    1.68   0.26   0.11  -1.16
0  1.30e+06 4940.09 | 4935.65    0.0   2887     0 |    1.68   0.29  -0.01  -1.16
0  1.36e+06 4940.09 | 4927.47    0.0   2887     0 |    1.68   0.25  -0.02  -1.16
0  1.41e+06 4946.66 |
成功率：80.9%, 提交量大于阈值的概率：0.46199%, 超供率：51.5%, 超供程度：44.8%, 超供平均值：3.1, 方差：51.2
0  1.41e+06 4946.66 | 4946.66    0.0   2887     0 |    1.68   0.24   0.10  -1.17
0  1.44e+06 4946.66 | 4915.99    0.0   2887     0 |    1.68   0.23  -0.03  -1.17
0  1.50e+06 4974.33 |
成功率：81.0%, 提交量大于阈值的概率：0.49487%, 超供率：50.8%, 超供程度：44.0%, 超供平均值：3.0, 方差：50.9
0  1.50e+06 4974.33 | 4974.33    0.0   2887     0 |    1.70   0.22   0.04  -1.17
0  1.53e+06 4974.33 | 4960.63    0.0   2887     0 |    1.69   0.22   0.00  -1.17
0  1.59e+06 4982.41 |
成功率：81.1%, 提交量大于阈值的概率：0.52103%, 超供率：51.1%, 超供程度：44.2%, 超供平均值：3.0, 方差：51.6
0  1.59e+06 4982.41 | 4982.41    0.0   2887     0 |    1.70   0.24   0.04  -1.18
0  1.62e+06 4982.41 | 4969.63    0.0   2887     0 |    1.69   0.24   0.00  -1.18
0  1.67e+06 4992.83 |
成功率：81.0%, 提交量大于阈值的概率：0.50467%, 超供率：49.8%, 超供程度：43.1%, 超供平均值：2.9, 方差：51.3
0  1.67e+06 4992.83 | 4992.83    0.0   2887     0 |    1.70   0.19  -0.07  -1.17
0  1.70e+06 5002.25 |
成功率：81.0%, 提交量大于阈值的概率：0.49142%, 超供率：49.2%, 超供程度：42.6%, 超供平均值：2.9, 方差：51.2
0  1.70e+06 5002.25 | 5002.25    0.0   2887     0 |    1.70   0.22   0.11  -1.18
0  1.73e+06 5002.25 | 4980.87    0.0   2887     0 |    1.70   0.22   0.06  -1.18
0  1.79e+06 5002.25 | 4997.92    0.0   2887     0 |    1.70   0.24   0.03  -1.18
0  1.85e+06 5031.43 |
成功率：81.6%, 提交量大于阈值的概率：0.77193%, 超供率：49.1%, 超供程度：42.2%, 超供平均值：2.9, 方差：52.8
0  1.85e+06 5031.43 | 5031.43    0.0   2887     0 |    1.72   0.24   0.19  -1.16
0  1.88e+06 5031.43 | 5021.61    0.0   2887     0 |    1.72   0.22   0.09  -1.16
0  1.93e+06 5031.43 | 5023.92    0.0   2887     0 |    1.72   0.22   0.09  -1.16
0  1.99e+06 5044.85 |
成功率：81.5%, 提交量大于阈值的概率：0.73053%, 超供率：48.0%, 超供程度：41.3%, 超供平均值：2.8, 方差：52.6
0  1.99e+06 5044.85 | 5044.85    0.0   2887     0 |    1.72   0.21  -0.05  -1.17
0  2.02e+06 5044.85 | 5038.65    0.0   2887     0 |    1.73   0.26   0.06  -1.17
0  2.08e+06 5044.85 | 5026.58    0.0   2887     0 |    1.72   0.28  -0.10  -1.17
0  2.14e+06 5044.85 | 5024.30    0.0   2887     0 |    1.72   0.24   0.09  -1.17
0  2.19e+06 5044.85 | 5030.98    0.0   2887     0 |    1.72   0.21   0.07  -1.16
0  2.25e+06 5047.95 |
成功率：80.9%, 提交量大于阈值的概率：0.40929%, 超供率：46.2%, 超供程度：40.5%, 超供平均值：2.7, 方差：50.9
0  2.25e+06 5047.95 | 5047.95    0.0   2887     0 |    1.73   0.25   0.11  -1.16
0  2.28e+06 5047.95 | 4999.48    0.0   2887     0 |    1.71   0.25  -0.00  -1.16
0  2.34e+06 5047.95 | 5045.48    0.0   2887     0 |    1.73   0.21   0.07  -1.16
0  2.40e+06 5047.95 | 5042.44    0.0   2887     0 |    1.73   0.22   0.00  -1.16
0  2.45e+06 5054.67 |
成功率：81.0%, 提交量大于阈值的概率：0.44225%, 超供率：46.6%, 超供程度：40.5%, 超供平均值：2.8, 方差：51.5
0  2.45e+06 5054.67 | 5054.67    0.0   2887     0 |    1.73   0.28   0.00  -1.16
0  2.48e+06 5062.52 |
成功率：81.2%, 提交量大于阈值的概率：0.57035%, 超供率：46.4%, 超供程度：40.2%, 超供平均值：2.7, 方差：52.1
0  2.48e+06 5062.52 | 5062.52    0.0   2887     0 |    1.73   0.23   0.11  -1.15
0  2.51e+06 5062.52 | 5059.52    0.0   2887     0 |    1.73   0.22  -0.05  -1.16
0  2.57e+06 5069.53 |
成功率：81.3%, 提交量大于阈值的概率：0.60326%, 超供率：46.1%, 超供程度：39.9%, 超供平均值：2.7, 方差：52.0
0  2.57e+06 5069.53 | 5069.53    0.0   2887     0 |    1.73   0.22   0.08  -1.16
0  2.60e+06 5069.53 | 5062.88    0.0   2887     0 |    1.74   0.22  -0.05  -1.17
0  2.66e+06 5069.53 | 5062.85    0.0   2887     0 |    1.74   0.23   0.13  -1.17
0  2.71e+06 5072.35 |
成功率：81.2%, 提交量大于阈值的概率：0.55377%, 超供率：45.9%, 超供程度：39.9%, 超供平均值：2.7, 方差：51.7
0  2.71e+06 5072.35 | 5072.35    0.0   2887     0 |    1.74   0.21  -0.03  -1.17
0  2.74e+06 5072.60 |
成功率：81.2%, 提交量大于阈值的概率：0.62239%, 超供率：45.7%, 超供程度：39.6%, 超供平均值：2.7, 方差：51.7
0  2.74e+06 5072.60 | 5072.60    0.0   2887     0 |    1.74   0.21  -0.01  -1.17
0  2.77e+06 5074.49 |
成功率：81.3%, 提交量大于阈值的概率：0.67637%, 超供率：45.5%, 超供程度：39.4%, 超供平均值：2.7, 方差：51.7
0  2.77e+06 5074.49 | 5074.49    0.0   2887     0 |    1.74   0.24   0.06  -1.17
0  2.80e+06 5074.49 | 5071.07    0.0   2887     0 |    1.74   0.21   0.02  -1.17
0  2.86e+06 5088.90 |
成功率：81.3%, 提交量大于阈值的概率：0.62727%, 超供率：45.2%, 超供程度：39.3%, 超供平均值：2.7, 方差：51.8
0  2.86e+06 5088.90 | 5088.90    0.0   2887     0 |    1.74   0.19  -0.05  -1.16
0  2.89e+06 5088.90 | 5087.88    0.0   2887     0 |    1.74   0.17   0.10  -1.17
0  2.94e+06 5088.90 | 5084.64    0.0   2887     0 |    1.74   0.25  -0.06  -1.17
0  3.00e+06 5088.90 | 5086.24    0.0   2887     0 |    1.74   0.19  -0.05  -1.16
0  3.06e+06 5088.90 | 5067.51    0.0   2887     0 |    1.74   0.18   0.03  -1.16
0  3.12e+06 5088.90 | 5084.13    0.0   2887     0 |    1.74   0.26   0.00  -1.15
0  3.18e+06 5095.24 |
成功率：81.2%, 提交量大于阈值的概率：0.50809%, 超供率：45.0%, 超供程度：39.2%, 超供平均值：2.7, 方差：51.3
0  3.18e+06 5095.24 | 5095.24    0.0   2887     0 |    1.75   0.18   0.07  -1.16
0  3.20e+06 5095.24 | 5085.78    0.0   2887     0 |    1.75   0.19   0.01  -1.15
0  3.26e+06 5095.24 | 5090.12    0.0   2887     0 |    1.75   0.23   0.04  -1.17
0  3.32e+06 5095.24 | 5085.97    0.0   2887     0 |    1.75   0.19   0.05  -1.17
0  3.38e+06 5095.24 | 5089.48    0.0   2887     0 |    1.75   0.22   0.03  -1.17
0  3.44e+06 5099.47 |
成功率：81.3%, 提交量大于阈值的概率：0.60714%, 超供率：45.5%, 超供程度：39.2%, 超供平均值：2.7, 方差：51.5
0  3.44e+06 5099.47 | 5099.47    0.0   2887     0 |    1.75   0.20  -0.03  -1.17
0  3.46e+06 5099.47 | 5091.87    0.0   2887     0 |    1.75   0.18   0.13  -1.17
0  3.52e+06 5099.47 | 5098.84    0.0   2887     0 |    1.75   0.20  -0.07  -1.17
0  3.58e+06 5099.47 | 5071.81    0.0   2887     0 |    1.75   0.19  -0.03  -1.16
0  3.64e+06 5099.47 | 5086.22    0.0   2887     0 |    1.75   0.19  -0.01  -1.15
0  3.69e+06 5099.47 | 5099.05    0.0   2887     0 |    1.75   0.15   0.02  -1.15
0  3.75e+06 5099.47 | 5095.45    0.0   2887     0 |    1.75   0.16   0.04  -1.15
0  3.80e+06 5099.47 | 5091.27    0.0   2887     0 |    1.75   0.17   0.10  -1.15
0  3.86e+06 5115.79 |
成功率：81.1%, 提交量大于阈值的概率：0.49614%, 超供率：43.9%, 超供程度：37.9%, 超供平均值：2.6, 方差：51.1
0  3.86e+06 5115.79 | 5115.79    0.0   2887     0 |    1.75   0.21   0.02  -1.15
0  3.89e+06 5118.50 |
成功率：81.1%, 提交量大于阈值的概率：0.46177%, 超供率：43.9%, 超供程度：38.1%, 超供平均值：2.6, 方差：51.0
0  3.89e+06 5118.50 | 5118.50    0.0   2887     0 |    1.75   0.20  -0.01  -1.15
0  3.92e+06 5119.80 |
成功率：81.3%, 提交量大于阈值的概率：0.58106%, 超供率：43.7%, 超供程度：38.0%, 超供平均值：2.6, 方差：51.7
0  3.92e+06 5119.80 | 5119.80    0.0   2887     0 |    1.75   0.19   0.11  -1.16
0  3.95e+06 5124.16 |
成功率：81.2%, 提交量大于阈值的概率：0.54915%, 超供率：43.4%, 超供程度：37.5%, 超供平均值：2.5, 方差：51.2
0  3.95e+06 5124.16 | 5124.16    0.0   2887     0 |    1.76   0.26   0.14  -1.15
0  3.98e+06 5127.47 |
成功率：81.2%, 提交量大于阈值的概率：0.52109%, 超供率：44.0%, 超供程度：37.9%, 超供平均值：2.6, 方差：51.5
0  3.98e+06 5127.47 | 5127.47    0.0   2887     0 |    1.76   0.17   0.09  -1.16
0  4.01e+06 5128.58 |
成功率：81.2%, 提交量大于阈值的概率：0.46244%, 超供率：44.1%, 超供程度：38.1%, 超供平均值：2.6, 方差：51.4
0  4.01e+06 5128.58 | 5128.58    0.0   2887     0 |    1.76   0.16   0.07  -1.16
0  4.04e+06 5132.77 |
成功率：81.4%, 提交量大于阈值的概率：0.56816%, 超供率：44.2%, 超供程度：38.2%, 超供平均值：2.6, 方差：51.9
0  4.04e+06 5132.77 | 5132.77    0.0   2887     0 |    1.76   0.22   0.00  -1.16
0  4.06e+06 5132.77 | 5112.51    0.0   2887     0 |    1.75   0.18   0.05  -1.16
0  4.12e+06 5132.77 | 5109.38    0.0   2887     0 |    1.75   0.22   0.01  -1.17
0  4.18e+06 5132.77 | 5106.92    0.0   2887     0 |    1.76   0.19   0.05  -1.16
0  4.24e+06 5135.78 |
成功率：81.2%, 提交量大于阈值的概率：0.46239%, 超供率：43.8%, 超供程度：37.8%, 超供平均值：2.6, 方差：51.1
0  4.24e+06 5135.78 | 5135.78    0.0   2887     0 |    1.76   0.19   0.01  -1.16
0  4.27e+06 5135.78 | 5133.90    0.0   2887     0 |    1.76   0.21  -0.12  -1.16
0  4.32e+06 5135.78 | 5118.86    0.0   2887     0 |    1.76   0.22  -0.02  -1.16
0  4.38e+06 5135.78 | 5135.31    0.0   2887     0 |    1.77   0.21   0.05  -1.15
0  4.44e+06 5142.61 |
成功率：81.2%, 提交量大于阈值的概率：0.44467%, 超供率：43.4%, 超供程度：37.6%, 超供平均值：2.5, 方差：50.9
0  4.44e+06 5142.61 | 5142.61    0.0   2887     0 |    1.76   0.28   0.01  -1.14
0  4.47e+06 5142.61 | 5142.00    0.0   2887     0 |    1.77   0.22  -0.04  -1.14
0  4.53e+06 5142.61 | 5135.83    0.0   2887     0 |    1.77   0.20   0.04  -1.14
0  4.58e+06 5142.61 | 5117.09    0.0   2887     0 |    1.76   0.22   0.13  -1.14
0  4.64e+06 5142.61 | 5113.22    0.0   2887     0 |    1.76   0.21   0.15  -1.15
0  4.70e+06 5142.61 | 5121.03    0.0   2887     0 |    1.76   0.20   0.08  -1.15
0  4.76e+06 5142.61 | 5129.21    0.0   2887     0 |    1.77   0.15   0.02  -1.15
0  4.82e+06 5145.23 |
成功率：81.4%, 提交量大于阈值的概率：0.63771%, 超供率：43.0%, 超供程度：37.0%, 超供平均值：2.5, 方差：51.4
0  4.82e+06 5145.23 | 5145.23    0.0   2887     0 |    1.77   0.20  -0.02  -1.15
0  4.84e+06 5145.23 | 4875.84    0.0   2887     0 |    1.66   0.24  -0.03  -1.15
0  4.90e+06 5145.23 | 4960.08    0.0   2887     0 |    1.71   0.21   0.02  -1.15
0  4.96e+06 5145.23 | 5066.09    0.0   2887     0 |    1.74   0.17   0.07  -1.14
0  5.02e+06 5145.23 | 5099.24    0.0   2887     0 |    1.75   0.18   0.05  -1.13
0  5.08e+06 5145.23 | 5116.78    0.0   2887     0 |    1.76   0.21   0.08  -1.14
0  5.13e+06 5145.23 | 5116.92    0.0   2887     0 |    1.76   0.22   0.10  -1.15
0  5.19e+06 5145.23 | 5141.21    0.0   2887     0 |    1.77   0.23   0.07  -1.15
0  5.25e+06 5145.23 | 4385.30    0.0   2887     0 |    1.34   0.26  -0.04  -1.16
0  5.31e+06 5145.23 | 4490.62    0.0   2887     0 |    1.55   0.19   0.01  -1.14
0  5.36e+06 5145.23 | 3734.26    0.0   2887     0 |    1.38   0.31  -0.09  -1.15
0  5.42e+06 5145.23 | 4504.19    0.0   2887     0 |    1.55   0.18   0.03  -1.14
0  5.48e+06 5145.23 | 4603.42    0.0   2887     0 |    1.58   0.17   0.07  -1.13
0  5.54e+06 5145.23 | 4209.03    0.0   2887     0 |    1.45   0.25   0.16  -1.13
0  5.59e+06 5145.23 | 4633.84    0.0   2887     0 |    1.60   0.16   0.03  -1.11
0  5.65e+06 5145.23 | 4653.03    0.0   2887     0 |    1.60   0.22  -0.06  -1.11
0  5.71e+06 5145.23 | 4723.57    0.0   2887     0 |    1.63   0.25   0.10  -1.10
0  5.77e+06 5145.23 | 4945.94    0.0   2887     0 |    1.70   0.20  -0.03  -1.10
0  5.83e+06 5145.23 | 5108.46    0.0   2887     0 |    1.76   0.16  -0.03  -1.12
0  5.88e+06 5145.23 | 4734.29    0.0   2887     0 |    1.54   0.21  -0.18  -1.12
0  5.94e+06 5145.23 | 4881.67    0.0   2887     0 |    1.68   0.23   0.06  -1.11
0  6.00e+06 5145.23 | 5003.91    0.0   2887     0 |    1.72   0.20   0.10  -1.12
0  6.06e+06 5145.23 | 5027.06    0.0   2887     0 |    1.72   0.23   0.11  -1.13
0  6.11e+06 5198.53 |
成功率：81.1%, 提交量大于阈值的概率：0.65767%, 超供率：39.2%, 超供程度：29.6%, 超供平均值：2.0, 方差：50.9
0  6.11e+06 5198.53 | 5198.53    0.0   2887     0 |    1.79   0.21  -0.02  -1.13
0  6.14e+06 5240.48 |
成功率：81.3%, 提交量大于阈值的概率：0.64097%, 超供率：39.4%, 超供程度：29.7%, 超供平均值：2.0, 方差：51.0
0  6.14e+06 5240.48 | 5240.48    0.0   2887     0 |    1.80   0.18  -0.06  -1.13
0  6.17e+06 5265.50 |
成功率：81.2%, 提交量大于阈值的概率：0.55332%, 超供率：39.3%, 超供程度：29.6%, 超供平均值：2.0, 方差：50.6
0  6.17e+06 5265.50 | 5265.50    0.0   2887     0 |    1.81   0.15   0.02  -1.13
0  6.20e+06 5265.50 | 5224.84    0.0   2887     0 |    1.80   0.20   0.17  -1.13
0  6.26e+06 5271.13 |
成功率：81.7%, 提交量大于阈值的概率：0.87456%, 超供率：38.7%, 超供程度：28.8%, 超供平均值：1.9, 方差：51.8
0  6.26e+06 5271.13 | 5271.13    0.0   2887     0 |    1.81   0.17   0.06  -1.14
0  6.29e+06 5271.92 |
成功率：81.7%, 提交量大于阈值的概率：0.89748%, 超供率：38.6%, 超供程度：28.9%, 超供平均值：1.9, 方差：52.0
0  6.29e+06 5271.92 | 5271.92    0.0   2887     0 |    1.81   0.24   0.10  -1.14
0  6.32e+06 5271.92 | 4090.66    0.0   2887     0 |    1.32   0.25   0.23  -1.14
0  6.37e+06 5271.92 | 4390.08    0.0   2887     0 |    1.51   0.24   0.14  -1.13
0  6.43e+06 5271.92 | 4576.34    0.0   2887     0 |    1.57   0.17   0.01  -1.12
0  6.49e+06 5271.92 | 4703.63    0.0   2887     0 |    1.61   0.20   0.09  -1.12
0  6.54e+06 5271.92 | 4890.64    0.0   2887     0 |    1.68   0.18   0.02  -1.13
0  6.60e+06 5271.92 | 5016.86    0.0   2887     0 |    1.73   0.20   0.15  -1.13
0  6.66e+06 5271.92 | 4139.03    0.0   2887     0 |    1.33   0.36   0.13  -1.14
0  6.72e+06 5271.92 | 4469.02    0.0   2887     0 |    1.49   0.32  -0.03  -1.14
0  6.77e+06 5271.92 | 4617.83    0.0   2887     0 |    1.59   0.24   0.01  -1.13
0  6.83e+06 5271.92 | 4736.77    0.0   2887     0 |    1.64   0.31   0.02  -1.12
0  6.89e+06 5271.92 | 4851.34    0.0   2887     0 |    1.67   0.32   0.01  -1.12
0  6.95e+06 5271.92 | 3553.01    0.0   2887     0 |    1.57   0.33  -0.05  -1.12
0  7.00e+06 5271.92 | 1827.30    0.0   2887     0 |    0.66   0.51  -0.25  -1.12
0  7.06e+06 5271.92 | 1696.11    0.0   2887     0 |    0.58   0.44   0.01  -1.10
0  7.12e+06 5271.92 | 2189.45    0.0   2887     0 |    0.76   0.37   0.07  -1.10
0  7.18e+06 5271.92 | 2208.03    0.0   2887     0 |    0.77   0.45   0.07  -1.08
0  7.23e+06 5271.92 | 1903.83    0.0   2887     0 |    0.81   0.43  -0.16  -1.07
0  7.29e+06 5271.92 | 1742.42    0.0   2887     0 |    0.54   0.49  -0.22  -1.06
0  7.35e+06 5271.92 | 1783.24    0.0   2887     0 |    0.57   0.42  -0.20  -1.07
0  7.41e+06 5271.92 | 1808.32    0.0   2887     0 |    0.56   0.45  -0.23  -1.07
0  7.47e+06 5271.92 | 1711.21    0.0   2887     0 |    0.59   0.47   0.16  -1.07
0  7.52e+06 5271.92 | 1522.51    0.0   2887     0 |    0.49   0.45  -0.20  -1.08
0  7.58e+06 5271.92 | 1367.70    0.0   2887     0 |    0.50   0.43  -0.15  -1.08
0  7.64e+06 5271.92 | 1886.41    0.0   2887     0 |    0.70   0.47  -0.26  -1.08
0  7.70e+06 5271.92 | 1327.89    0.0   2887     0 |    0.45   0.43  -0.12  -1.06
0  7.75e+06 5271.92 | 1483.73    0.0   2887     0 |    0.50   0.35  -0.14  -1.07
0  7.81e+06 5271.92 | 1307.87    0.0   2887     0 |    0.50   0.41  -0.22  -1.07
0  7.87e+06 5271.92 | 1259.15    0.0   2887     0 |    0.43   0.44  -0.20  -1.06
0  7.93e+06 5271.92 | 1519.17    0.0   2887     0 |    0.54   0.40  -0.20  -1.07
0  7.99e+06 5271.92 | 3195.84    0.0   2887     0 |    1.10   0.27   0.06  -1.05
0  8.04e+06 5271.92 | 4062.09    0.0   2887     0 |    1.39   0.26  -0.09  -1.05
0  8.10e+06 5271.92 | 4379.61    0.0   2887     0 |    1.50   0.22  -0.02  -1.05
0  8.16e+06 5271.92 | 4552.27    0.0   2887     0 |    1.56   0.21   0.01  -1.04
0  8.22e+06 5271.92 | 4677.43    0.0   2887     0 |    1.60   0.14   0.14  -1.04
0  8.27e+06 5271.92 | 4078.35    0.0   2887     0 |    1.47   0.26   0.10  -1.06
0  8.33e+06 5271.92 | 4220.34    0.0   2887     0 |    1.61   0.18  -0.15  -1.05
0  8.39e+06 5271.92 | 4378.48    0.0   2887     0 |    1.52   0.19   0.08  -1.06
0  8.45e+06 5271.92 | 4642.97    0.0   2887     0 |    1.60   0.20   0.08  -1.06
0  8.50e+06 5271.92 | 1538.73    0.0   2887     0 |    0.55   0.38  -0.05  -1.08
0  8.56e+06 5271.92 | 2629.01    0.0   2887     0 |    0.91   0.28   0.05  -1.09
0  8.62e+06 5271.92 | 4672.51    0.0   2887     0 |    1.61   0.14   0.05  -1.09
0  8.68e+06 5271.92 | 3036.81    0.0   2887     0 |    1.05   0.40  -0.02  -1.09
0  8.74e+06 5271.92 | 3090.92    0.0   2887     0 |    1.06   0.33   0.10  -1.09
0  8.79e+06 5271.92 | 3495.28    0.0   2887     0 |    1.21   0.31   0.05  -1.08
0  8.85e+06 5271.92 | 2058.33    0.0   2887     0 |    0.72   0.45   0.06  -1.08
0  8.91e+06 5271.92 | 2537.29    0.0   2887     0 |    0.94   0.34  -0.14  -1.07
0  8.97e+06 5271.92 | 4468.25    0.0   2887     0 |    1.53   0.23   0.03  -1.07
0  9.02e+06 5271.92 | 4612.95    0.0   2887     0 |    1.59   0.21  -0.05  -1.06
0  9.08e+06 5271.92 | 4701.90    0.0   2887     0 |    1.62   0.19   0.04  -1.07
0  9.14e+06 5271.92 | 4554.32    0.0   2887     0 |    1.57   0.18  -0.06  -1.07
0  9.20e+06 5271.92 | 4783.27    0.0   2887     0 |    1.64   0.20   0.11  -1.08
0  9.26e+06 5271.92 | 3121.81    0.0   2887     0 |    1.55   0.22  -0.19  -1.08
0  9.31e+06 5271.92 | 3622.84    0.0   2887     0 |    1.24   0.65   0.07  -1.09
0  9.37e+06 5271.92 | 4054.06    0.0   2887     0 |    1.37   0.46   0.06  -1.08
0  9.43e+06 5271.92 | 4578.42    0.0   2887     0 |    1.55   0.31   0.07  -1.10
0  9.49e+06 5271.92 | 2634.41    0.0   2885     0 |    0.91   0.87   0.09  -1.11
0  9.54e+06 5271.92 | 2858.48    0.0   2885     0 |    0.98   0.62   0.10  -1.11
0  9.60e+06 5271.92 | 3103.65    0.0   2886     0 |    1.06   0.52   0.01  -1.11
0  9.66e+06 5271.92 | 3481.41    0.0   2887     0 |    1.19   0.35  -0.10  -1.12
0  9.72e+06 5271.92 | 3881.71    0.0   2887     0 |    1.32   0.30  -0.06  -1.14
0  9.78e+06 5271.92 | 4189.74    0.0   2887     0 |    1.43   0.21  -0.03  -1.14
0  9.83e+06 5271.92 | 4188.08    0.0   2887     0 |    1.44   0.23   0.06  -1.15
0  9.89e+06 5271.92 | 4460.72    0.0   2887     0 |    1.53   0.25   0.01  -1.14
0  9.95e+06 5271.92 | 4735.50    0.0   2887     0 |    1.62   0.22  -0.11  -1.14
0  1.00e+07 5271.92 | 4852.98    0.0   2887     0 |    1.67   0.19   0.05  -1.14
0  1.01e+07 5271.92 | 4998.22    0.0   2887     0 |    1.72   0.21   0.05  -1.15
0  1.01e+07 5271.92 | 4755.35    0.0   2887     0 |    1.64   0.22   0.09  -1.16
0  1.02e+07 5271.92 | 4794.99    0.0   2887     0 |    1.16   0.31   0.07  -1.15
0  1.02e+07 5271.92 | 4924.24    0.0   2887     0 |    1.69   0.21   0.02  -1.15
0  1.03e+07 5271.92 | 4978.01    0.0   2887     0 |    1.71   0.15  -0.07  -1.15
0  1.04e+07 5271.92 | 5038.14    0.0   2887     0 |    1.73   0.18   0.04  -1.16
0  1.04e+07 5271.92 | 5091.42    0.0   2887     0 |    1.75   0.18   0.05  -1.16
0  1.05e+07 5271.92 | 5121.41    0.0   2887     0 |    1.76   0.15  -0.09  -1.15
0  1.05e+07 5271.92 | 5132.07    0.0   2887     0 |    1.76   0.20   0.09  -1.15
0  1.06e+07 5271.92 | 5152.31    0.0   2887     0 |    1.77   0.20  -0.01  -1.16
0  1.06e+07 5271.92 | 5162.98    0.0   2887     0 |    1.77   0.17   0.08  -1.16
0  1.07e+07 5271.92 | 5158.56    0.0   2887     0 |    1.77   0.14  -0.04  -1.16
0  1.08e+07 5271.92 | 5169.65    0.0   2887     0 |    1.78   0.17   0.13  -1.17
0  1.08e+07 5271.92 | 5159.77    0.0   2887     0 |    1.78   0.18  -0.08  -1.17
0  1.09e+07 5271.92 | 5141.81    0.0   2887     0 |    1.77   0.22   0.09  -1.17
0  1.09e+07 5271.92 | 4948.15    0.0   2887     0 |    1.70   0.20   0.05  -1.16
0  1.10e+07 5271.92 | 4833.37    0.0   2887     0 |    1.67   0.15  -0.05  -1.16
0  1.10e+07 5271.92 | 4957.12    0.0   2887     0 |    1.70   0.19   0.07  -1.16
0  1.11e+07 5271.92 | 5070.53    0.0   2887     0 |    1.75   0.16   0.08  -1.17
