################################################################################
ID     Step    maxR |    avgR   stdR   avgS  stdS |    expR   objC   etc.
0  5.77e+03 1961.97 |
成功率：98.8%, 提交量大于阈值的概率：1.52774%, 超供率：96.1%, 超供程度：83.8%, 超供平均值：5.7, 方差：198.4
0  5.77e+03 1961.97 | 1961.97    0.0   2887     0 |    0.51  35.49   0.06  -0.50
0  4.04e+04 1990.11 |
成功率：99.0%, 提交量大于阈值的概率：1.54733%, 超供率：96.5%, 超供程度：83.3%, 超供平均值：5.6, 方差：194.9
0  4.04e+04 1990.11 | 1990.11    0.0   2885     0 |    0.53  19.10   0.04  -0.51
0  7.50e+04 2017.58 |
成功率：99.0%, 提交量大于阈值的概率：1.55619%, 超供率：96.5%, 超供程度：83.1%, 超供平均值：5.6, 方差：192.6
0  7.50e+04 2017.58 | 2017.58    0.0   2886     0 |    0.55  20.97   0.05  -0.51
0  1.10e+05 2040.17 |
成功率：98.9%, 提交量大于阈值的概率：1.57100%, 超供率：96.6%, 超供程度：83.1%, 超供平均值：5.6, 方差：189.6
0  1.10e+05 2040.17 | 2040.17    0.0   2887     0 |    0.55  18.74   0.04  -0.51
0  1.44e+05 2040.17 | 2025.41    0.0   2887     0 |    0.58  19.32  -0.00  -0.53
0  2.08e+05 2040.17 | 2031.59    0.0   2887     0 |    0.59  18.49   0.05  -0.54
0  2.71e+05 2040.17 | 2017.90    0.0   2885     0 |    0.59  19.66   0.01  -0.56
0  3.29e+05 2040.17 | 2037.41    0.0   2885     0 |    0.60  18.65   0.12  -0.57
0  3.92e+05 2074.70 |
成功率：98.8%, 提交量大于阈值的概率：1.56329%, 超供率：96.6%, 超供程度：81.9%, 超供平均值：5.5, 方差：190.9
0  3.92e+05 2074.70 | 2074.70    0.0   2886     0 |    0.62  18.65   0.01  -0.58
0  4.27e+05 2092.45 |
成功率：98.9%, 提交量大于阈值的概率：1.57426%, 超供率：96.6%, 超供程度：81.5%, 超供平均值：5.5, 方差：190.1
0  4.27e+05 2092.45 | 2092.45    0.0   2886     0 |    0.62  17.85   0.02  -0.59
0  4.62e+05 2092.45 | 2080.42    0.0   2886     0 |    0.63  18.70   0.08  -0.60
0  5.19e+05 2094.58 |
成功率：98.7%, 提交量大于阈值的概率：1.57480%, 超供率：96.6%, 超供程度：81.2%, 超供平均值：5.5, 方差：191.0
0  5.19e+05 2094.58 | 2094.58    0.0   2885     0 |    0.64  18.42  -0.06  -0.60
0  5.54e+05 2139.29 |
成功率：98.6%, 提交量大于阈值的概率：1.59116%, 超供率：96.5%, 超供程度：80.6%, 超供平均值：5.5, 方差：191.4
0  5.54e+05 2139.29 | 2139.29    0.0   2886     0 |    0.66  17.04   0.15  -0.61
0  5.89e+05 2162.86 |
成功率：98.4%, 提交量大于阈值的概率：1.59782%, 超供率：96.5%, 超供程度：80.1%, 超供平均值：5.4, 方差：190.0
0  5.89e+05 2162.86 | 2162.86    0.0   2884     0 |    0.66  17.53   0.15  -0.62
0  6.23e+05 2186.72 |
成功率：98.5%, 提交量大于阈值的概率：1.60445%, 超供率：96.3%, 超供程度：79.5%, 超供平均值：5.4, 方差：189.8
0  6.23e+05 2186.72 | 2186.72    0.0   2886     0 |    0.67  17.58   0.05  -0.63
0  6.58e+05 2186.72 | 2183.48    0.0   2886     0 |    0.67  18.85   0.00  -0.64
0  7.16e+05 2190.20 |
成功率：98.4%, 提交量大于阈值的概率：1.60623%, 超供率：96.3%, 超供程度：79.4%, 超供平均值：5.4, 方差：193.6
0  7.16e+05 2190.20 | 2190.20    0.0   2886     0 |    0.68  17.49   0.05  -0.65
0  7.50e+05 2200.64 |
成功率：98.4%, 提交量大于阈值的概率：1.59556%, 超供率：96.2%, 超供程度：79.2%, 超供平均值：5.4, 方差：192.7
0  7.50e+05 2200.64 | 2200.64    0.0   2886     0 |    0.68  17.63   0.08  -0.65
0  7.85e+05 2200.64 | 2171.46    0.0   2887     0 |    0.67  17.46   0.06  -0.66
0  8.43e+05 2200.64 | 2181.58    0.0   2886     0 |    0.68  16.90   0.03  -0.68
0  9.00e+05 2212.84 |
成功率：98.1%, 提交量大于阈值的概率：1.59820%, 超供率：96.1%, 超供程度：79.9%, 超供平均值：5.4, 方差：191.7
0  9.00e+05 2212.84 | 2212.84    0.0   2886     0 |    0.70  17.50   0.09  -0.68
0  9.35e+05 2219.04 |
成功率：98.1%, 提交量大于阈值的概率：1.57541%, 超供率：96.2%, 超供程度：79.7%, 超供平均值：5.4, 方差：190.8
0  9.35e+05 2219.04 | 2219.04    0.0   2884     0 |    0.70  16.15   0.10  -0.68
0  9.70e+05 2222.77 |
成功率：98.1%, 提交量大于阈值的概率：1.58421%, 超供率：96.4%, 超供程度：79.6%, 超供平均值：5.4, 方差：191.3
0  9.70e+05 2222.77 | 2222.77    0.0   2884     0 |    0.70  16.63  -0.05  -0.70
0  1.00e+06 2222.77 | 2212.98    0.0   2884     0 |    0.70  18.06   0.06  -0.70
0  1.06e+06 2223.82 |
成功率：98.2%, 提交量大于阈值的概率：1.58629%, 超供率：96.3%, 超供程度：79.7%, 超供平均值：5.4, 方差：192.4
0  1.06e+06 2223.82 | 2223.82    0.0   2884     0 |    0.70  16.90   0.05  -0.72
0  1.10e+06 2243.90 |
成功率：98.3%, 提交量大于阈值的概率：1.58320%, 超供率：96.3%, 超供程度：79.5%, 超供平均值：5.4, 方差：190.0
0  1.10e+06 2243.90 | 2243.90    0.0   2884     0 |    0.71  17.62   0.06  -0.72
0  1.13e+06 2256.49 |
成功率：98.3%, 提交量大于阈值的概率：1.58107%, 超供率：96.4%, 超供程度：79.3%, 超供平均值：5.4, 方差：190.1
0  1.13e+06 2256.49 | 2256.49    0.0   2884     0 |    0.71  17.27   0.02  -0.72
0  1.17e+06 2256.49 | 2245.09    0.0   2884     0 |    0.71  18.39   0.02  -0.73
0  1.22e+06 2256.49 | 2236.11    0.0   2884     0 |    0.71  19.35   0.08  -0.74
0  1.28e+06 2256.49 | 2254.06    0.0   2884     0 |    0.72  16.99  -0.08  -0.75
0  1.34e+06 2256.49 | 2251.63    0.0   2884     0 |    0.72  17.82   0.11  -0.76
0  1.41e+06 2261.45 |
成功率：98.5%, 提交量大于阈值的概率：1.57994%, 超供率：96.7%, 超供程度：79.5%, 超供平均值：5.4, 方差：192.1
0  1.41e+06 2261.45 | 2261.45    0.0   2884     0 |    0.73  19.06   0.03  -0.77
0  1.44e+06 2267.72 |
成功率：98.5%, 提交量大于阈值的概率：1.56470%, 超供率：96.7%, 超供程度：79.3%, 超供平均值：5.3, 方差：193.3
0  1.44e+06 2267.72 | 2267.72    0.0   2884     0 |    0.72  19.21   0.05  -0.77
0  1.48e+06 2267.72 | 2252.97    0.0   2884     0 |    0.72  17.12   0.05  -0.77
0  1.54e+06 2267.72 | 2258.39    0.0   2884     0 |    0.72  17.69   0.04  -0.78
0  1.60e+06 2267.72 | 2255.45    0.0   2884     0 |    0.73  15.44   0.14  -0.80
0  1.66e+06 2271.54 |
成功率：98.4%, 提交量大于阈值的概率：1.58011%, 超供率：96.6%, 超供程度：79.1%, 超供平均值：5.3, 方差：195.6
0  1.66e+06 2271.54 | 2271.54    0.0   2886     0 |    0.73  16.19   0.12  -0.80
0  1.69e+06 2273.33 |
成功率：98.3%, 提交量大于阈值的概率：1.58021%, 超供率：96.6%, 超供程度：79.2%, 超供平均值：5.4, 方差：194.2
0  1.69e+06 2273.33 | 2273.33    0.0   2884     0 |    0.73  16.35   0.01  -0.82
0  1.73e+06 2273.33 | 2266.95    0.0   2886     0 |    0.73  17.96   0.07  -0.82
0  1.79e+06 2273.33 | 2256.45    0.0   2886     0 |    0.73  19.85   0.14  -0.83
0  1.85e+06 2273.33 | 2269.66    0.0   2884     0 |    0.73  16.38   0.18  -0.84
0  1.91e+06 2273.33 | 2273.06    0.0   2884     0 |    0.74  19.05   0.01  -0.85
0  1.97e+06 2273.33 | 2266.96    0.0   2884     0 |    0.74  18.10   0.10  -0.87
0  2.03e+06 2273.33 | 2254.53    0.0   2884     0 |    0.73  19.22   0.02  -0.87
0  2.08e+06 2273.33 | 2263.33    0.0   2884     0 |    0.73  15.64  -0.00  -0.89
0  2.14e+06 2273.33 | 2260.11    0.0   2884     0 |    0.73  18.20   0.05  -0.90
0  2.20e+06 2273.33 | 2262.70    0.0   2884     0 |    0.74  18.37   0.12  -0.91
0  2.26e+06 2273.33 | 2266.16    0.0   2884     0 |    0.74  18.96   0.11  -0.92
0  2.33e+06 2273.33 | 2255.28    0.0   2885     0 |    0.74  17.89   0.05  -0.94
0  2.39e+06 2273.33 | 2259.61    0.0   2884     0 |    0.74  16.18   0.07  -0.95
0  2.45e+06 2273.33 | 2256.63    0.0   2884     0 |    0.74  18.04   0.15  -0.96
0  2.51e+06 2273.33 | 2258.85    0.0   2885     0 |    0.75  17.30   0.07  -0.97
0  2.57e+06 2273.33 | 2252.05    0.0   2884     0 |    0.74  17.85   0.09  -0.98
0  2.63e+06 2273.33 | 2257.11    0.0   2884     0 |    0.75  17.24   0.16  -1.00
0  2.69e+06 2273.74 |
成功率：98.2%, 提交量大于阈值的概率：1.57014%, 超供率：96.6%, 超供程度：79.9%, 超供平均值：5.4, 方差：189.9
0  2.69e+06 2273.74 | 2273.74    0.0   2885     0 |    0.75  16.33   0.10  -1.02
0  2.72e+06 2280.87 |
成功率：98.2%, 提交量大于阈值的概率：1.55630%, 超供率：96.6%, 超供程度：79.6%, 超供平均值：5.4, 方差：192.9
0  2.72e+06 2280.87 | 2280.87    0.0   2884     0 |    0.76  18.56   0.04  -1.02
0  2.76e+06 2280.87 | 2267.95    0.0   2884     0 |    0.75  16.49   0.08  -1.03
0  2.82e+06 2280.87 | 2257.22    0.0   2884     0 |    0.75  17.79   0.01  -1.05
0  2.88e+06 2280.87 | 2236.51    0.0   2884     0 |    0.74  17.37   0.10  -1.06
0  2.94e+06 2280.87 | 2236.95    0.0   2885     0 |    0.75  17.24  -0.05  -1.07
0  3.01e+06 2280.87 | 2247.57    0.0   2885     0 |    0.75  17.84   0.02  -1.09
0  3.07e+06 2280.87 | 2253.53    0.0   2885     0 |    0.75  17.05   0.07  -1.10
0  3.13e+06 2280.87 | 2255.92    0.0   2885     0 |    0.76  18.12   0.05  -1.12
0  3.19e+06 2280.87 | 2252.65    0.0   2885     0 |    0.76  17.45   0.10  -1.13
0  3.25e+06 2280.87 | 2259.83    0.0   2885     0 |    0.76  15.21   0.14  -1.14
0  3.31e+06 2280.87 | 2246.46    0.0   2885     0 |    0.76  17.90   0.04  -1.15
0  3.37e+06 2280.87 | 2236.43    0.0   2885     0 |    0.75  16.15   0.14  -1.16
0  3.43e+06 2280.87 | 2228.36    0.0   2886     0 |    0.75  15.53   0.07  -1.16
0  3.49e+06 2280.87 | 2226.46    0.0   2885     0 |    0.75  16.29   0.07  -1.17
0  3.54e+06 2280.87 | 2217.43    0.0   2885     0 |    0.75  18.28   0.11  -1.18
0  3.60e+06 2280.87 | 2209.67    0.0   2885     0 |    0.75  18.18   0.02  -1.17
0  3.66e+06 2280.87 | 2214.91    0.0   2885     0 |    0.75  18.09   0.19  -1.16
0  3.72e+06 2280.87 | 2215.95    0.0   2885     0 |    0.75  17.31   0.07  -1.16
0  3.78e+06 2280.87 | 2223.23    0.0   2884     0 |    0.75  19.57   0.09  -1.16
0  3.84e+06 2280.87 | 2202.90    0.0   2884     0 |    0.74  18.23   0.06  -1.16
0  3.89e+06 2280.87 | 2219.03    0.0   2884     0 |    0.75  16.66   0.07  -1.16
0  3.95e+06 2280.87 | 2220.27    0.0   2884     0 |    0.75  18.04   0.11  -1.16
0  4.01e+06 2280.87 | 2220.39    0.0   2884     0 |    0.75  16.32   0.11  -1.17
0  4.07e+06 2280.87 | 2228.51    0.0   2884     0 |    0.75  16.73   0.02  -1.18
0  4.13e+06 2280.87 | 2230.29    0.0   2884     0 |    0.75  18.76   0.04  -1.17
0  4.18e+06 2280.87 | 2225.79    0.0   2884     0 |    0.75  16.19   0.03  -1.17
0  4.24e+06 2280.87 | 2223.74    0.0   2884     0 |    0.75  17.11   0.17  -1.17
0  4.30e+06 2280.87 | 2232.03    0.0   2884     0 |    0.75  18.04  -0.06  -1.18
0  4.36e+06 2280.87 | 2218.25    0.0   2884     0 |    0.75  18.20   0.02  -1.17
0  4.41e+06 2280.87 | 2222.38    0.0   2884     0 |    0.75  16.54   0.13  -1.18
0  4.47e+06 2280.87 | 2219.65    0.0   2884     0 |    0.75  17.91   0.06  -1.18
0  4.53e+06 2280.87 | 2224.40    0.0   2884     0 |    0.75  16.84   0.14  -1.17
0  4.59e+06 2280.87 | 2217.51    0.0   2884     0 |    0.75  17.87   0.06  -1.17
0  4.64e+06 2280.87 | 2226.90    0.0   2884     0 |    0.75  16.95   0.03  -1.17
0  4.70e+06 2280.87 | 2206.15    0.0   2884     0 |    0.75  18.22   0.07  -1.17
0  4.76e+06 2280.87 | 2217.96    0.0   2884     0 |    0.75  18.29   0.10  -1.16
0  4.82e+06 2280.87 | 2233.11    0.0   2884     0 |    0.75  19.07   0.14  -1.16
0  4.88e+06 2280.87 | 2234.53    0.0   2884     0 |    0.75  16.32   0.06  -1.16
0  4.93e+06 2280.87 | 2236.35    0.0   2884     0 |    0.75  18.50   0.06  -1.17
0  4.99e+06 2280.87 | 2233.97    0.0   2884     0 |    0.76  17.69   0.02  -1.17
0  5.05e+06 2280.87 | 2231.09    0.0   2884     0 |    0.76  17.31   0.00  -1.17
0  5.11e+06 2280.87 | 2228.45    0.0   2884     0 |    0.75  17.73   0.05  -1.18
0  5.16e+06 2280.87 | 2257.77    0.0   2884     0 |    0.76  18.31   0.02  -1.18
0  5.22e+06 2280.87 | 2243.81    0.0   2884     0 |    0.75  17.73   0.21  -1.18
0  5.28e+06 2280.87 | 2226.80    0.0   2884     0 |    0.76  14.39   0.08  -1.18
0  5.34e+06 2280.87 | 2218.19    0.0   2884     0 |    0.75  18.87   0.05  -1.18
0  5.39e+06 2280.87 | 2222.71    0.0   2884     0 |    0.75  15.91   0.04  -1.17
0  5.45e+06 2280.87 | 2221.28    0.0   2884     0 |    0.75  17.56   0.09  -1.17
0  5.51e+06 2280.87 | 2224.35    0.0   2884     0 |    0.75  16.20   0.10  -1.18
0  5.57e+06 2280.87 | 2220.79    0.0   2884     0 |    0.75  16.87   0.12  -1.17
0  5.63e+06 2280.87 | 2228.96    0.0   2884     0 |    0.75  15.99   0.03  -1.18
0  5.69e+06 2280.87 | 2232.44    0.0   2884     0 |    0.75  16.86   0.18  -1.18
0  5.75e+06 2280.87 | 2227.69    0.0   2884     0 |    0.75  17.06  -0.11  -1.18
0  5.80e+06 2280.87 | 2220.88    0.0   2884     0 |    0.74  16.10   0.07  -1.18
0  5.86e+06 2280.87 | 2231.97    0.0   2884     0 |    0.75  17.69   0.05  -1.18
0  5.92e+06 2280.87 | 2210.47    0.0   2884     0 |    0.74  18.36  -0.02  -1.17
0  5.98e+06 2280.87 | 2236.82    0.0   2884     0 |    0.75  18.30   0.08  -1.17
0  6.04e+06 2280.87 | 2239.69    0.0   2884     0 |    0.75  18.23   0.00  -1.17
0  6.09e+06 2280.87 | 2246.91    0.0   2884     0 |    0.75  16.19   0.04  -1.16
0  6.15e+06 2280.87 | 2246.88    0.0   2884     0 |    0.76  15.26   0.14  -1.16
0  6.21e+06 2280.87 | 2257.21    0.0   2884     0 |    0.76  17.42  -0.02  -1.16
0  6.27e+06 2280.87 | 2260.12    0.0   2884     0 |    0.76  17.26   0.02  -1.16
0  6.32e+06 2280.87 | 2252.55    0.0   2885     0 |    0.76  17.31  -0.02  -1.17
0  6.38e+06 2280.87 | 2264.97    0.0   2884     0 |    0.76  16.64   0.03  -1.16
0  6.44e+06 2280.87 | 2262.96    0.0   2884     0 |    0.76  15.28   0.03  -1.17
0  6.50e+06 2280.87 | 2271.25    0.0   2886     0 |    0.76  16.41   0.02  -1.16
0  6.55e+06 2287.22 |
成功率：98.1%, 提交量大于阈值的概率：1.53828%, 超供率：96.4%, 超供程度：78.4%, 超供平均值：5.3, 方差：191.9
0  6.55e+06 2287.22 | 2287.22    0.0   2886     0 |    0.78  16.64   0.13  -1.17
0  6.59e+06 2295.37 |
成功率：98.1%, 提交量大于阈值的概率：1.54099%, 超供率：96.4%, 超供程度：78.4%, 超供平均值：5.3, 方差：189.5
0  6.59e+06 2295.37 | 2295.37    0.0   2886     0 |    0.77  16.08  -0.02  -1.17
0  6.62e+06 2295.37 | 2286.36    0.0   2886     0 |    0.77  17.28   0.04  -1.16
0  6.68e+06 2295.37 | 2291.95    0.0   2886     0 |    0.77  16.33   0.11  -1.17
0  6.73e+06 2295.37 | 2274.73    0.0   2886     0 |    0.77  17.11   0.13  -1.17
0  6.79e+06 2295.37 | 2295.01    0.0   2886     0 |    0.77  16.78   0.15  -1.17
0  6.85e+06 2295.37 | 2292.26    0.0   2886     0 |    0.77  18.85   0.11  -1.17
0  6.91e+06 2295.37 | 2289.17    0.0   2884     0 |    0.77  17.56   0.14  -1.18
0  6.96e+06 2295.37 | 2280.76    0.0   2884     0 |    0.77  14.89   0.16  -1.18
0  7.02e+06 2295.37 | 2274.23    0.0   2884     0 |    0.77  17.04   0.06  -1.18
0  7.08e+06 2295.37 | 2286.58    0.0   2884     0 |    0.77  15.41   0.06  -1.18
0  7.14e+06 2295.37 | 2288.20    0.0   2884     0 |    0.77  16.50   0.09  -1.17
0  7.19e+06 2295.37 | 2293.27    0.0   2884     0 |    0.78  15.98   0.01  -1.17
0  7.25e+06 2295.37 | 2293.71    0.0   2884     0 |    0.78  14.79   0.01  -1.17
0  7.31e+06 2297.27 |
成功率：98.1%, 提交量大于阈值的概率：1.54537%, 超供率：96.1%, 超供程度：77.5%, 超供平均值：5.2, 方差：186.3
0  7.31e+06 2297.27 | 2297.27    0.0   2884     0 |    0.78  17.04   0.09  -1.17
0  7.34e+06 2298.36 |
成功率：98.1%, 提交量大于阈值的概率：1.55045%, 超供率：96.1%, 超供程度：77.4%, 超供平均值：5.2, 方差：185.8
0  7.34e+06 2298.36 | 2298.36    0.0   2886     0 |    0.78  17.16   0.18  -1.17
0  7.38e+06 2309.36 |
成功率：98.1%, 提交量大于阈值的概率：1.55358%, 超供率：96.1%, 超供程度：77.1%, 超供平均值：5.2, 方差：185.0
0  7.38e+06 2309.36 | 2309.36    0.0   2886     0 |    0.78  17.31   0.12  -1.17
0  7.41e+06 2315.29 |
成功率：98.1%, 提交量大于阈值的概率：1.54476%, 超供率：96.0%, 超供程度：76.9%, 超供平均值：5.2, 方差：185.6
0  7.41e+06 2315.29 | 2315.29    0.0   2886     0 |    0.78  16.02   0.04  -1.17
0  7.45e+06 2315.92 |
成功率：98.1%, 提交量大于阈值的概率：1.55393%, 超供率：96.0%, 超供程度：76.8%, 超供平均值：5.2, 方差：184.3
0  7.45e+06 2315.92 | 2315.92    0.0   2884     0 |    0.78  15.60   0.02  -1.17
0  7.48e+06 2315.92 | 2312.24    0.0   2886     0 |    0.78  17.03   0.12  -1.17
0  7.54e+06 2322.35 |
成功率：98.1%, 提交量大于阈值的概率：1.54328%, 超供率：96.1%, 超供程度：76.6%, 超供平均值：5.2, 方差：185.0
0  7.54e+06 2322.35 | 2322.35    0.0   2886     0 |    0.78  16.96   0.18  -1.17
0  7.58e+06 2322.35 | 2317.83    0.0   2886     0 |    0.78  16.24   0.12  -1.17
0  7.63e+06 2342.95 |
成功率：98.0%, 提交量大于阈值的概率：1.56036%, 超供率：95.8%, 超供程度：76.3%, 超供平均值：5.2, 方差：182.0
0  7.63e+06 2342.95 | 2342.95    0.0   2884     0 |    0.79  15.51   0.03  -1.16
0  7.67e+06 2342.95 | 2337.05    0.0   2885     0 |    0.79  16.03   0.20  -1.17
0  7.73e+06 2345.44 |
成功率：97.9%, 提交量大于阈值的概率：1.54712%, 超供率：95.8%, 超供程度：76.0%, 超供平均值：5.1, 方差：183.4
0  7.73e+06 2345.44 | 2345.44    0.0   2886     0 |    0.79  17.53   0.05  -1.17
0  7.76e+06 2345.44 | 2344.40    0.0   2886     0 |    0.79  15.47   0.03  -1.18
0  7.82e+06 2345.44 | 2326.54    0.0   2886     0 |    0.79  15.84   0.14  -1.17
0  7.88e+06 2345.44 | 2341.81    0.0   2886     0 |    0.79  16.12   0.14  -1.17
0  7.93e+06 2345.44 | 2340.62    0.0   2886     0 |    0.79  16.86   0.04  -1.17
0  7.99e+06 2374.83 |
成功率：97.8%, 提交量大于阈值的概率：1.54017%, 超供率：95.6%, 超供程度：75.0%, 超供平均值：5.1, 方差：179.7
0  7.99e+06 2374.83 | 2374.83    0.0   2886     0 |    0.80  15.03   0.11  -1.17
0  8.03e+06 2374.83 | 2357.03    0.0   2886     0 |    0.80  15.18   0.18  -1.17
0  8.09e+06 2374.83 | 2347.84    0.0   2886     0 |    0.79  16.57   0.08  -1.17
0  8.15e+06 2374.83 | 2352.01    0.0   2886     0 |    0.79  14.93   0.12  -1.17
0  8.20e+06 2374.83 | 2364.44    0.0   2886     0 |    0.80  14.23   0.13  -1.17
0  8.26e+06 2374.83 | 2361.45    0.0   2886     0 |    0.80  17.52   0.21  -1.17
0  8.32e+06 2374.83 | 2355.59    0.0   2886     0 |    0.79  15.38   0.12  -1.17
0  8.38e+06 2374.83 | 2356.09    0.0   2886     0 |    0.80  14.47   0.07  -1.16
0  8.44e+06 2374.83 | 2354.55    0.0   2886     0 |    0.80  15.79   0.21  -1.16
0  8.49e+06 2374.83 | 2357.51    0.0   2886     0 |    0.81  15.14   0.12  -1.16
0  8.55e+06 2374.83 | 2365.14    0.0   2886     0 |    0.79  16.98   0.20  -1.17
0  8.61e+06 2374.83 | 2357.51    0.0   2886     0 |    0.80  15.67   0.10  -1.17
0  8.67e+06 2374.83 | 2351.86    0.0   2886     0 |    0.80  17.42   0.14  -1.17
0  8.72e+06 2374.83 | 2357.37    0.0   2886     0 |    0.80  14.04   0.09  -1.17
0  8.78e+06 2377.17 |
成功率：97.7%, 提交量大于阈值的概率：1.52417%, 超供率：95.5%, 超供程度：75.2%, 超供平均值：5.1, 方差：186.8
0  8.78e+06 2377.17 | 2377.17    0.0   2886     0 |    0.80  15.19   0.02  -1.17
0  8.82e+06 2388.77 |
成功率：97.7%, 提交量大于阈值的概率：1.53799%, 超供率：95.5%, 超供程度：75.1%, 超供平均值：5.1, 方差：185.7
0  8.82e+06 2388.77 | 2388.77    0.0   2886     0 |    0.81  15.57   0.12  -1.17
0  8.85e+06 2406.03 |
成功率：97.7%, 提交量大于阈值的概率：1.53026%, 超供率：95.5%, 超供程度：75.0%, 超供平均值：5.1, 方差：185.2
0  8.85e+06 2406.03 | 2406.03    0.0   2886     0 |    0.81  16.08  -0.01  -1.18
0  8.89e+06 2415.35 |
成功率：97.7%, 提交量大于阈值的概率：1.53665%, 超供率：95.5%, 超供程度：75.0%, 超供平均值：5.1, 方差：183.9
0  8.89e+06 2415.35 | 2415.35    0.0   2886     0 |    0.82  15.09   0.11  -1.18
0  8.92e+06 2418.30 |
成功率：97.6%, 提交量大于阈值的概率：1.53401%, 超供率：95.4%, 超供程度：74.7%, 超供平均值：5.0, 方差：184.5
0  8.92e+06 2418.30 | 2418.30    0.0   2886     0 |    0.82  16.54   0.14  -1.18
0  8.96e+06 2418.46 |
成功率：97.5%, 提交量大于阈值的概率：1.53769%, 超供率：95.3%, 超供程度：74.8%, 超供平均值：5.0, 方差：184.3
0  8.96e+06 2418.46 | 2418.46    0.0   2886     0 |    0.82  13.36   0.13  -1.18
0  8.99e+06 2435.04 |
成功率：97.6%, 提交量大于阈值的概率：1.53731%, 超供率：95.3%, 超供程度：75.1%, 超供平均值：5.1, 方差：183.4
0  8.99e+06 2435.04 | 2435.04    0.0   2886     0 |    0.82  16.38   0.04  -1.17
0  9.02e+06 2435.04 | 2432.14    0.0   2885     0 |    0.82  15.45   0.12  -1.17
0  9.09e+06 2443.99 |
成功率：97.5%, 提交量大于阈值的概率：1.54174%, 超供率：95.2%, 超供程度：74.6%, 超供平均值：5.0, 方差：180.4
0  9.09e+06 2443.99 | 2443.99    0.0   2886     0 |    0.83  14.80  -0.01  -1.17
0  9.12e+06 2449.90 |
成功率：97.5%, 提交量大于阈值的概率：1.54319%, 超供率：95.2%, 超供程度：74.8%, 超供平均值：5.0, 方差：179.8
0  9.12e+06 2449.90 | 2449.90    0.0   2886     0 |    0.83  15.94   0.21  -1.17
0  9.16e+06 2452.20 |
成功率：97.4%, 提交量大于阈值的概率：1.55377%, 超供率：95.2%, 超供程度：74.9%, 超供平均值：5.1, 方差：179.2
0  9.16e+06 2452.20 | 2452.20    0.0   2886     0 |    0.83  16.26   0.06  -1.17
0  9.19e+06 2461.17 |
成功率：97.4%, 提交量大于阈值的概率：1.54472%, 超供率：95.1%, 超供程度：74.8%, 超供平均值：5.0, 方差：179.1
0  9.19e+06 2461.17 | 2461.17    0.0   2886     0 |    0.84  13.22   0.12  -1.17
0  9.22e+06 2469.23 |
成功率：97.4%, 提交量大于阈值的概率：1.54361%, 超供率：95.0%, 超供程度：74.6%, 超供平均值：5.0, 方差：178.5
0  9.22e+06 2469.23 | 2469.23    0.0   2885     0 |    0.83  16.46   0.12  -1.17
0  9.26e+06 2469.23 | 2450.03    0.0   2885     0 |    0.83  15.07   0.08  -1.18
0  9.31e+06 2469.23 | 2457.35    0.0   2886     0 |    0.83  15.68   0.09  -1.18
0  9.37e+06 2469.23 | 2452.56    0.0   2886     0 |    0.83  16.32   0.10  -1.17
0  9.43e+06 2469.23 | 2450.87    0.0   2885     0 |    0.83  13.76   0.02  -1.18
0  9.49e+06 2470.27 |
成功率：97.4%, 提交量大于阈值的概率：1.54218%, 超供率：94.9%, 超供程度：74.2%, 超供平均值：5.0, 方差：180.1
0  9.49e+06 2470.27 | 2470.27    0.0   2886     0 |    0.83  15.83   0.01  -1.17
0  9.51e+06 2470.27 | 2457.96    0.0   2886     0 |    0.83  16.03   0.17  -1.17
0  9.57e+06 2470.27 | 2440.84    0.0   2886     0 |    0.83  15.47   0.04  -1.16
0  9.63e+06 2470.27 | 2447.83    0.0   2885     0 |    0.83  13.89   0.09  -1.17
0  9.69e+06 2470.27 | 2452.32    0.0   2885     0 |    0.83  13.87   0.09  -1.17
0  9.75e+06 2470.27 | 2420.16    0.0   2886     0 |    0.82  18.25  -0.04  -1.17
0  9.80e+06 2470.27 | 2442.83    0.0   2886     0 |    0.82  14.79   0.12  -1.17
0  9.86e+06 2470.27 | 2454.76    0.0   2886     0 |    0.83  15.15   0.09  -1.16
0  9.92e+06 2470.27 | 2455.01    0.0   2885     0 |    0.83  15.40   0.04  -1.16
0  9.98e+06 2487.06 |
成功率：97.2%, 提交量大于阈值的概率：1.51648%, 超供率：94.7%, 超供程度：73.6%, 超供平均值：5.0, 方差：179.2
0  9.98e+06 2487.06 | 2487.06    0.0   2885     0 |    0.84  13.56   0.10  -1.17
0  1.00e+07 2504.77 |
成功率：97.1%, 提交量大于阈值的概率：1.51632%, 超供率：94.5%, 超供程度：73.3%, 超供平均值：4.9, 方差：179.0
0  1.00e+07 2504.77 | 2504.77    0.0   2886     0 |    0.85  13.31   0.04  -1.16
0  1.00e+07 2504.77 | 2486.43    0.0   2885     0 |    0.84  13.41   0.09  -1.16
0  1.01e+07 2504.77 | 2490.64    0.0   2886     0 |    0.84  13.75   0.12  -1.17
0  1.02e+07 2504.77 | 2471.80    0.0   2885     0 |    0.84  15.05   0.10  -1.17
0  1.02e+07 2504.77 | 2485.10    0.0   2885     0 |    0.85  15.10  -0.02  -1.17
0  1.03e+07 2504.77 | 2472.36    0.0   2885     0 |    0.84  14.93   0.13  -1.17
0  1.03e+07 2504.77 | 2490.95    0.0   2885     0 |    0.85  14.10   0.09  -1.18
0  1.04e+07 2511.72 |
成功率：97.0%, 提交量大于阈值的概率：1.52469%, 超供率：94.5%, 超供程度：72.6%, 超供平均值：4.9, 方差：176.2
0  1.04e+07 2511.72 | 2511.72    0.0   2885     0 |    0.85  15.72   0.03  -1.17
0  1.04e+07 2532.11 |
成功率：96.9%, 提交量大于阈值的概率：1.53523%, 超供率：94.4%, 超供程度：72.5%, 超供平均值：4.9, 方差：174.3
0  1.04e+07 2532.11 | 2532.11    0.0   2886     0 |    0.86  13.14   0.16  -1.17
0  1.05e+07 2539.20 |
成功率：96.9%, 提交量大于阈值的概率：1.53210%, 超供率：94.4%, 超供程度：72.4%, 超供平均值：4.9, 方差：174.6
0  1.05e+07 2539.20 | 2539.20    0.0   2885     0 |    0.86  14.50   0.10  -1.17
0  1.05e+07 2539.20 | 2526.15    0.0   2885     0 |    0.86  14.18   0.05  -1.17
0  1.06e+07 2539.20 | 2536.49    0.0   2885     0 |    0.86  14.50   0.23  -1.17
0  1.06e+07 2563.10 |
成功率：96.5%, 提交量大于阈值的概率：1.52934%, 超供率：93.8%, 超供程度：72.2%, 超供平均值：4.9, 方差：170.3
0  1.06e+07 2563.10 | 2563.10    0.0   2885     0 |    0.87  15.75   0.13  -1.17
0  1.06e+07 2563.10 | 2553.66    0.0   2885     0 |    0.86  13.98   0.04  -1.16
0  1.07e+07 2563.10 | 2554.86    0.0   2886     0 |    0.86  13.14   0.07  -1.17
0  1.08e+07 2563.10 | 2544.71    0.0   2885     0 |    0.86  14.39   0.12  -1.16
0  1.08e+07 2563.10 | 2528.25    0.0   2885     0 |    0.86  14.47   0.06  -1.16
0  1.09e+07 2563.10 | 2515.67    0.0   2885     0 |    0.85  14.14   0.14  -1.16
0  1.09e+07 2563.10 | 2521.84    0.0   2885     0 |    0.85  14.18   0.07  -1.17
0  1.10e+07 2563.10 | 2526.02    0.0   2885     0 |    0.86  14.16   0.06  -1.17
0  1.10e+07 2563.10 | 2520.31    0.0   2885     0 |    0.86  14.23   0.18  -1.17
0  1.11e+07 2563.10 | 2532.13    0.0   2885     0 |    0.86  14.06   0.12  -1.17
0  1.12e+07 2563.10 | 2527.65    0.0   2885     0 |    0.86  14.76   0.09  -1.17
0  1.12e+07 2563.10 | 2539.18    0.0   2885     0 |    0.86  14.54   0.06  -1.18
0  1.13e+07 2563.10 | 2532.96    0.0   2885     0 |    0.86  12.65   0.15  -1.18
0  1.13e+07 2563.10 | 2546.46    0.0   2885     0 |    0.86  15.05   0.08  -1.18
0  1.14e+07 2563.10 | 2554.16    0.0   2885     0 |    0.86  13.14   0.15  -1.18
0  1.15e+07 2563.10 | 2536.00    0.0   2885     0 |    0.86  14.73   0.07  -1.17
0  1.15e+07 2572.66 |
成功率：96.2%, 提交量大于阈值的概率：1.51086%, 超供率：93.3%, 超供程度：72.2%, 超供平均值：4.9, 方差：172.9
0  1.15e+07 2572.66 | 2572.66    0.0   2885     0 |    0.87  14.58   0.15  -1.17
0  1.15e+07 2572.66 | 2548.80    0.0   2886     0 |    0.87  13.04   0.09  -1.17
0  1.16e+07 2572.66 | 2553.45    0.0   2885     0 |    0.86  14.50   0.11  -1.17
0  1.17e+07 2576.09 |
成功率：96.2%, 提交量大于阈值的概率：1.51301%, 超供率：93.2%, 超供程度：72.0%, 超供平均值：4.9, 方差：174.0
0  1.17e+07 2576.09 | 2576.09    0.0   2885     0 |    0.87  14.58   0.14  -1.17
0  1.17e+07 2583.44 |
成功率：96.2%, 提交量大于阈值的概率：1.51854%, 超供率：93.2%, 超供程度：72.3%, 超供平均值：4.9, 方差：174.2
0  1.17e+07 2583.44 | 2583.44    0.0   2885     0 |    0.88  14.42   0.15  -1.17
