################################################################################
ID     Step    maxR |    avgR   stdR   avgS  stdS |    expR   objC   etc.
0  5.77e+03 1976.33 |
成功率：98.7%, 提交量大于阈值的概率：1.53070%, 超供率：96.1%, 超供程度：83.6%, 超供平均值：5.7, 方差：197.1
0  5.77e+03 1976.33 | 1976.33    0.0   2886     0 |    0.51   2.92   0.09  -0.50
0  4.04e+04 2151.72 |
成功率：98.7%, 提交量大于阈值的概率：1.55857%, 超供率：96.2%, 超供程度：81.2%, 超供平均值：5.5, 方差：184.1
0  4.04e+04 2151.72 | 2151.72    0.0   2886     0 |    0.61   2.35   0.08  -0.50
0  7.50e+04 2308.33 |
成功率：98.4%, 提交量大于阈值的概率：1.58247%, 超供率：96.2%, 超供程度：79.0%, 超供平均值：5.3, 方差：175.0
0  7.50e+04 2308.33 | 2308.33    0.0   2886     0 |    0.67   2.00   0.09  -0.52
0  1.10e+05 2452.69 |
成功率：98.1%, 提交量大于阈值的概率：1.60376%, 超供率：95.9%, 超供程度：76.4%, 超供平均值：5.2, 方差：167.8
0  1.10e+05 2452.69 | 2452.69    0.0   2886     0 |    0.73   2.06   0.06  -0.52
0  1.44e+05 2560.33 |
成功率：97.8%, 提交量大于阈值的概率：1.55874%, 超供率：95.1%, 超供程度：74.0%, 超供平均值：5.0, 方差：166.7
0  1.44e+05 2560.33 | 2560.33    0.0   2886     0 |    0.79   1.96  -0.11  -0.55
0  1.79e+05 2620.23 |
成功率：97.8%, 提交量大于阈值的概率：1.57939%, 超供率：95.3%, 超供程度：72.8%, 超供平均值：5.0, 方差：165.0
0  1.79e+05 2620.23 | 2620.23    0.0   2885     0 |    0.81   1.92   0.08  -0.56
0  2.14e+05 2716.64 |
成功率：97.3%, 提交量大于阈值的概率：1.55922%, 超供率：94.4%, 超供程度：70.6%, 超供平均值：4.8, 方差：162.5
0  2.14e+05 2716.64 | 2716.64    0.0   2885     0 |    0.85   2.02   0.11  -0.58
0  2.48e+05 2840.17 |
成功率：96.7%, 提交量大于阈值的概率：1.55256%, 超供率：93.4%, 超供程度：68.6%, 超供平均值：4.7, 方差：156.0
0  2.48e+05 2840.17 | 2840.17    0.0   2886     0 |    0.89   1.69   0.05  -0.60
0  2.83e+05 2969.80 |
成功率：95.7%, 提交量大于阈值的概率：1.53747%, 超供率：92.0%, 超供程度：66.7%, 超供平均值：4.6, 方差：147.5
0  2.83e+05 2969.80 | 2969.80    0.0   2886     0 |    0.93   1.75  -0.04  -0.61
0  3.17e+05 3092.77 |
成功率：94.9%, 提交量大于阈值的概率：1.56516%, 超供率：90.7%, 超供程度：66.3%, 超供平均值：4.6, 方差：141.3
0  3.17e+05 3092.77 | 3092.77    0.0   2886     0 |    0.98   1.71   0.11  -0.62
0  3.52e+05 3223.57 |
成功率：93.8%, 提交量大于阈值的概率：1.50257%, 超供率：89.2%, 超供程度：64.7%, 超供平均值：4.4, 方差：133.9
0  3.52e+05 3223.57 | 3223.57    0.0   2886     0 |    1.02   1.65   0.10  -0.64
0  3.81e+05 3368.31 |
成功率：92.6%, 提交量大于阈值的概率：1.49025%, 超供率：87.4%, 超供程度：64.2%, 超供平均值：4.4, 方差：123.1
0  3.81e+05 3368.31 | 3368.31    0.0   2886     0 |    1.05   1.50   0.03  -0.65
0  4.16e+05 3581.37 |
成功率：90.4%, 提交量大于阈值的概率：1.47106%, 超供率：84.6%, 超供程度：63.2%, 超供平均值：4.3, 方差：106.8
0  4.16e+05 3581.37 | 3581.37    0.0   2886     0 |    1.12   1.38   0.09  -0.66
0  4.44e+05 3708.51 |
成功率：89.4%, 提交量大于阈值的概率：1.48280%, 超供率：83.4%, 超供程度：63.4%, 超供平均值：4.4, 方差：98.2
0  4.44e+05 3708.51 | 3708.51    0.0   2886     0 |    1.17   1.33   0.09  -0.68
0  4.73e+05 3962.70 |
成功率：86.7%, 提交量大于阈值的概率：1.37763%, 超供率：80.1%, 超供程度：62.4%, 超供平均值：4.3, 方差：80.6
0  4.73e+05 3962.70 | 3962.70    0.0   2886     0 |    1.23   1.13   0.06  -0.69
0  5.02e+05 4152.34 |
成功率：84.3%, 提交量大于阈值的概率：1.24832%, 超供率：77.9%, 超供程度：62.9%, 超供平均值：4.3, 方差：67.6
0  5.02e+05 4152.34 | 4152.34    0.0   2886     0 |    1.30   0.88   0.08  -0.71
0  5.31e+05 4372.89 |
成功率：82.4%, 提交量大于阈值的概率：0.97201%, 超供率：75.9%, 超供程度：63.1%, 超供平均值：4.3, 方差：57.2
0  5.31e+05 4372.89 | 4372.89    0.0   2886     0 |    1.35   0.82  -0.02  -0.73
0  5.60e+05 4425.79 |
成功率：80.2%, 提交量大于阈值的概率：0.47145%, 超供率：73.5%, 超供程度：63.2%, 超供平均值：4.3, 方差：49.1
0  5.60e+05 4425.79 | 4425.79    0.0   2886     0 |    1.38   0.78   0.13  -0.75
0  5.89e+05 4455.08 |
成功率：79.8%, 提交量大于阈值的概率：0.35828%, 超供率：72.8%, 超供程度：62.8%, 超供平均值：4.3, 方差：47.4
0  5.89e+05 4455.08 | 4455.08    0.0   2886     0 |    1.41   0.65   0.03  -0.77
0  6.18e+05 4533.89 |
成功率：80.2%, 提交量大于阈值的概率：0.38692%, 超供率：72.6%, 超供程度：62.1%, 超供平均值：4.3, 方差：48.7
0  6.18e+05 4533.89 | 4533.89    0.0   2886     0 |    1.42   0.66  -0.05  -0.79
0  6.46e+05 4548.88 |
成功率：80.3%, 提交量大于阈值的概率：0.42216%, 超供率：72.6%, 超供程度：62.2%, 超供平均值：4.3, 方差：49.2
0  6.46e+05 4548.88 | 4548.88    0.0   2886     0 |    1.44   0.63   0.18  -0.81
0  6.75e+05 4570.77 |
成功率：80.5%, 提交量大于阈值的概率：0.49074%, 超供率：72.6%, 超供程度：61.8%, 超供平均值：4.2, 方差：49.8
0  6.75e+05 4570.77 | 4570.77    0.0   2886     0 |    1.45   0.62   0.12  -0.83
0  7.04e+05 4570.77 | 4555.57    0.0   2886     0 |    1.45   0.66  -0.02  -0.85
0  7.62e+05 4570.77 | 4553.49    0.0   2887     0 |    1.46   0.59   0.00  -0.87
0  8.20e+05 4571.85 |
成功率：80.1%, 提交量大于阈值的概率：0.35119%, 超供率：70.9%, 超供程度：59.8%, 超供平均值：4.1, 方差：47.9
0  8.20e+05 4571.85 | 4571.85    0.0   2887     0 |    1.48   0.56   0.04  -0.90
0  8.49e+05 4571.85 | 4570.87    0.0   2887     0 |    1.49   0.62   0.12  -0.92
0  9.06e+05 4638.75 |
成功率：80.9%, 提交量大于阈值的概率：0.66264%, 超供率：70.7%, 超供程度：58.4%, 超供平均值：4.0, 方差：50.5
0  9.06e+05 4638.75 | 4638.75    0.0   2887     0 |    1.51   0.64   0.00  -0.94
0  9.35e+05 4661.87 |
成功率：81.4%, 提交量大于阈值的概率：0.88847%, 超供率：71.2%, 超供程度：58.7%, 超供平均值：4.0, 方差：52.1
0  9.35e+05 4661.87 | 4661.87    0.0   2887     0 |    1.51   0.65   0.06  -0.95
0  9.64e+05 4661.87 | 4648.30    0.0   2887     0 |    1.53   0.56   0.08  -0.97
0  1.02e+06 4663.50 |
成功率：80.5%, 提交量大于阈值的概率：0.42373%, 超供率：69.4%, 超供程度：57.4%, 超供平均值：3.9, 方差：48.7
0  1.02e+06 4663.50 | 4663.50    0.0   2887     0 |    1.53   0.54  -0.03  -0.99
0  1.05e+06 4668.91 |
成功率：80.6%, 提交量大于阈值的概率：0.49476%, 超供率：69.3%, 超供程度：57.2%, 超供平均值：3.9, 方差：49.0
0  1.05e+06 4668.91 | 4668.91    0.0   2887     0 |    1.54   0.60  -0.02  -1.01
0  1.08e+06 4668.91 | 4638.03    0.0   2887     0 |    1.54   0.58   0.10  -1.02
0  1.14e+06 4682.34 |
成功率：80.4%, 提交量大于阈值的概率：0.40957%, 超供率：67.8%, 超供程度：55.5%, 超供平均值：3.8, 方差：47.8
0  1.14e+06 4682.34 | 4682.34    0.0   2887     0 |    1.55   0.55   0.26  -1.04
0  1.17e+06 4706.56 |
成功率：81.0%, 提交量大于阈值的概率：0.67546%, 超供率：68.4%, 超供程度：55.7%, 超供平均值：3.8, 方差：49.8
0  1.17e+06 4706.56 | 4706.56    0.0   2887     0 |    1.56   0.51  -0.03  -1.05
0  1.19e+06 4715.51 |
成功率：81.0%, 提交量大于阈值的概率：0.65318%, 超供率：68.3%, 超供程度：55.8%, 超供平均值：3.8, 方差：49.9
0  1.19e+06 4715.51 | 4715.51    0.0   2887     0 |    1.57   0.64   0.06  -1.06
0  1.22e+06 4721.62 |
成功率：80.8%, 提交量大于阈值的概率：0.53293%, 超供率：67.6%, 超供程度：55.2%, 超供平均值：3.8, 方差：49.2
0  1.22e+06 4721.62 | 4721.62    0.0   2887     0 |    1.57   0.53   0.11  -1.06
0  1.25e+06 4721.62 | 4717.43    0.0   2887     0 |    1.58   0.53  -0.06  -1.07
0  1.31e+06 4747.58 |
成功率：80.8%, 提交量大于阈值的概率：0.54602%, 超供率：66.4%, 超供程度：53.9%, 超供平均值：3.7, 方差：49.6
0  1.31e+06 4747.58 | 4747.58    0.0   2887     0 |    1.58   0.53   0.05  -1.09
0  1.34e+06 4767.93 |
成功率：81.3%, 提交量大于阈值的概率：0.76184%, 超供率：66.8%, 超供程度：53.7%, 超供平均值：3.7, 方差：50.5
0  1.34e+06 4767.93 | 4767.93    0.0   2887     0 |    1.59   0.56   0.01  -1.09
0  1.37e+06 4767.93 | 4755.92    0.0   2887     0 |    1.59   0.53   0.17  -1.11
0  1.43e+06 4778.66 |
成功率：81.2%, 提交量大于阈值的概率：0.70749%, 超供率：66.0%, 超供程度：52.3%, 超供平均值：3.6, 方差：49.7
0  1.43e+06 4778.66 | 4778.66    0.0   2887     0 |    1.60   0.51   0.02  -1.12
0  1.45e+06 4790.20 |
成功率：81.2%, 提交量大于阈值的概率：0.71214%, 超供率：65.5%, 超供程度：52.0%, 超供平均值：3.6, 方差：49.6
0  1.45e+06 4790.20 | 4790.20    0.0   2887     0 |    1.61   0.60  -0.06  -1.12
0  1.48e+06 4790.20 | 4785.02    0.0   2887     0 |    1.61   0.46   0.04  -1.14
0  1.54e+06 4812.16 |
成功率：81.2%, 提交量大于阈值的概率：0.69622%, 超供率：65.5%, 超供程度：51.8%, 超供平均值：3.5, 方差：49.5
0  1.54e+06 4812.16 | 4812.16    0.0   2887     0 |    1.61   0.53   0.06  -1.14
0  1.57e+06 4812.16 | 4810.83    0.0   2887     0 |    1.62   0.54   0.04  -1.15
0  1.63e+06 4812.16 | 4796.37    0.0   2887     0 |    1.61   0.46   0.13  -1.16
0  1.69e+06 4812.16 | 4767.20    0.0   2887     0 |    1.61   0.56   0.01  -1.16
0  1.74e+06 4812.16 | 4790.93    0.0   2887     0 |    1.62   0.45   0.10  -1.16
0  1.80e+06 4820.26 |
成功率：81.0%, 提交量大于阈值的概率：0.60424%, 超供率：63.7%, 超供程度：50.5%, 超供平均值：3.4, 方差：49.3
0  1.80e+06 4820.26 | 4820.26    0.0   2887     0 |    1.63   0.53  -0.05  -1.16
0  1.83e+06 4836.51 |
成功率：81.5%, 提交量大于阈值的概率：0.83059%, 超供率：63.8%, 超供程度：50.0%, 超供平均值：3.4, 方差：50.5
0  1.83e+06 4836.51 | 4836.51    0.0   2887     0 |    1.64   0.54   0.08  -1.17
0  1.86e+06 4840.01 |
成功率：81.0%, 提交量大于阈值的概率：0.57299%, 超供率：63.4%, 超供程度：49.9%, 超供平均值：3.4, 方差：48.9
0  1.86e+06 4840.01 | 4840.01    0.0   2887     0 |    1.64   0.54   0.02  -1.17
0  1.89e+06 4843.68 |
成功率：80.9%, 提交量大于阈值的概率：0.56670%, 超供率：63.0%, 超供程度：49.3%, 超供平均值：3.4, 方差：48.4
0  1.89e+06 4843.68 | 4843.68    0.0   2887     0 |    1.65   0.50   0.13  -1.17
0  1.92e+06 4857.57 |
成功率：81.4%, 提交量大于阈值的概率：0.75436%, 超供率：63.6%, 超供程度：49.5%, 超供平均值：3.4, 方差：50.3
0  1.92e+06 4857.57 | 4857.57    0.0   2887     0 |    1.65   0.49  -0.03  -1.17
0  1.95e+06 4857.57 | 4848.25    0.0   2887     0 |    1.64   0.43   0.05  -1.17
0  2.00e+06 4857.57 | 4852.28    0.0   2887     0 |    1.65   0.46   0.06  -1.18
0  2.06e+06 4870.86 |
成功率：81.0%, 提交量大于阈值的概率：0.56296%, 超供率：62.4%, 超供程度：48.4%, 超供平均值：3.3, 方差：48.8
0  2.06e+06 4870.86 | 4870.86    0.0   2887     0 |    1.65   0.49   0.16  -1.17
0  2.09e+06 4870.86 | 4853.59    0.0   2887     0 |    1.65   0.39   0.02  -1.18
0  2.15e+06 4870.86 | 4868.91    0.0   2887     0 |    1.65   0.46   0.14  -1.17
0  2.21e+06 4890.71 |
成功率：81.1%, 提交量大于阈值的概率：0.63867%, 超供率：62.0%, 超供程度：47.6%, 超供平均值：3.2, 方差：49.0
0  2.21e+06 4890.71 | 4890.71    0.0   2887     0 |    1.66   0.49   0.16  -1.18
0  2.23e+06 4890.93 |
成功率：81.1%, 提交量大于阈值的概率：0.61540%, 超供率：61.6%, 超供程度：47.4%, 超供平均值：3.2, 方差：49.0
0  2.23e+06 4890.93 | 4890.93    0.0   2887     0 |    1.66   0.48   0.02  -1.17
0  2.26e+06 4890.93 | 4886.44    0.0   2887     0 |    1.66   0.45   0.01  -1.17
0  2.32e+06 4890.93 | 4884.47    0.0   2887     0 |    1.66   0.44   0.00  -1.16
0  2.38e+06 4890.93 | 4877.47    0.0   2887     0 |    1.66   0.45  -0.05  -1.17
0  2.44e+06 4890.93 | 4879.28    0.0   2887     0 |    1.67   0.41   0.11  -1.16
0  2.49e+06 4890.93 | 4889.19    0.0   2887     0 |    1.67   0.40  -0.01  -1.16
0  2.55e+06 4925.91 |
成功率：81.7%, 提交量大于阈值的概率：0.86257%, 超供率：61.7%, 超供程度：46.5%, 超供平均值：3.2, 方差：50.3
0  2.55e+06 4925.91 | 4925.91    0.0   2887     0 |    1.68   0.52  -0.01  -1.16
0  2.58e+06 4925.91 | 4917.70    0.0   2887     0 |    1.68   0.45   0.01  -1.16
0  2.64e+06 4925.91 | 4912.60    0.0   2887     0 |    1.68   0.48   0.20  -1.16
0  2.70e+06 4925.91 | 4900.82    0.0   2887     0 |    1.67   0.41   0.02  -1.16
0  2.75e+06 4925.91 | 4907.94    0.0   2887     0 |    1.67   0.48   0.01  -1.17
0  2.81e+06 4925.91 | 4910.89    0.0   2887     0 |    1.68   0.46   0.09  -1.16
0  2.87e+06 4925.91 | 4918.47    0.0   2887     0 |    1.67   0.41  -0.01  -1.17
0  2.93e+06 4925.91 | 4923.47    0.0   2887     0 |    1.68   0.43   0.13  -1.16
0  2.98e+06 4925.91 | 4915.30    0.0   2887     0 |    1.68   0.43   0.06  -1.16
0  3.04e+06 4925.91 | 4924.32    0.0   2887     0 |    1.68   0.44   0.13  -1.18
0  3.10e+06 4925.91 | 4917.94    0.0   2887     0 |    1.68   0.47  -0.02  -1.18
0  3.16e+06 4925.91 | 4918.28    0.0   2887     0 |    1.68   0.45   0.02  -1.17
0  3.22e+06 4925.91 | 4912.26    0.0   2887     0 |    1.68   0.43  -0.01  -1.17
0  3.27e+06 4930.82 |
成功率：81.2%, 提交量大于阈值的概率：0.64067%, 超供率：60.0%, 超供程度：45.8%, 超供平均值：3.1, 方差：49.2
0  3.27e+06 4930.82 | 4930.82    0.0   2887     0 |    1.68   0.34   0.03  -1.16
0  3.30e+06 4935.74 |
成功率：81.5%, 提交量大于阈值的概率：0.77826%, 超供率：60.3%, 超供程度：45.9%, 超供平均值：3.1, 方差：50.3
0  3.30e+06 4935.74 | 4935.74    0.0   2887     0 |    1.68   0.45   0.02  -1.16
0  3.33e+06 4935.74 | 4935.03    0.0   2887     0 |    1.69   0.42  -0.04  -1.16
0  3.39e+06 4935.74 | 4926.02    0.0   2887     0 |    1.68   0.42   0.04  -1.16
0  3.45e+06 4935.74 | 4931.19    0.0   2887     0 |    1.69   0.42   0.03  -1.16
0  3.50e+06 4935.74 | 4932.30    0.0   2887     0 |    1.69   0.37  -0.09  -1.16
0  3.56e+06 4935.74 | 4933.29    0.0   2887     0 |    1.69   0.45   0.16  -1.16
0  3.62e+06 4935.74 | 4895.16    0.0   2887     0 |    1.68   0.36   0.06  -1.16
0  3.68e+06 4957.45 |
成功率：81.3%, 提交量大于阈值的概率：0.65665%, 超供率：59.8%, 超供程度：45.1%, 超供平均值：3.1, 方差：49.1
0  3.68e+06 4957.45 | 4957.45    0.0   2887     0 |    1.69   0.38   0.01  -1.16
0  3.71e+06 4957.45 | 4942.25    0.0   2887     0 |    1.69   0.43   0.08  -1.16
0  3.76e+06 4957.45 | 4939.07    0.0   2887     0 |    1.69   0.41  -0.00  -1.17
0  3.82e+06 4957.45 | 4946.40    0.0   2887     0 |    1.69   0.37   0.03  -1.17
0  3.88e+06 4957.45 | 4951.55    0.0   2887     0 |    1.69   0.39   0.00  -1.16
0  3.94e+06 4957.45 | 4954.55    0.0   2887     0 |    1.70   0.44  -0.01  -1.16
0  3.99e+06 4957.45 | 4947.42    0.0   2887     0 |    1.70   0.39   0.02  -1.16
0  4.04e+06 4957.45 | 4950.88    0.0   2887     0 |    1.69   0.39   0.07  -1.16
0  4.10e+06 4957.45 | 4942.88    0.0   2887     0 |    1.69   0.36   0.04  -1.16
0  4.16e+06 4957.45 | 4935.41    0.0   2887     0 |    1.69   0.46   0.11  -1.16
0  4.21e+06 4957.98 |
成功率：80.9%, 提交量大于阈值的概率：0.50423%, 超供率：58.4%, 超供程度：43.9%, 超供平均值：3.0, 方差：48.2
0  4.21e+06 4957.98 | 4957.98    0.0   2887     0 |    1.70   0.36   0.02  -1.17
0  4.24e+06 4957.98 | 4951.42    0.0   2887     0 |    1.70   0.38   0.03  -1.17
0  4.30e+06 4968.21 |
成功率：81.1%, 提交量大于阈值的概率：0.62978%, 超供率：58.3%, 超供程度：43.7%, 超供平均值：3.0, 方差：49.2
0  4.30e+06 4968.21 | 4968.21    0.0   2887     0 |    1.70   0.40   0.09  -1.17
0  4.33e+06 4981.36 |
成功率：81.3%, 提交量大于阈值的概率：0.68762%, 超供率：58.4%, 超供程度：43.7%, 超供平均值：3.0, 方差：49.5
0  4.33e+06 4981.36 | 4981.36    0.0   2887     0 |    1.71   0.36  -0.03  -1.17
0  4.36e+06 4981.36 | 4977.62    0.0   2887     0 |    1.71   0.44   0.08  -1.17
0  4.42e+06 4987.99 |
成功率：81.4%, 提交量大于阈值的概率：0.72116%, 超供率：58.4%, 超供程度：43.6%, 超供平均值：3.0, 方差：50.2
0  4.42e+06 4987.99 | 4987.99    0.0   2887     0 |    1.71   0.39  -0.03  -1.16
0  4.45e+06 4994.22 |
成功率：81.4%, 提交量大于阈值的概率：0.72660%, 超供率：58.2%, 超供程度：43.2%, 超供平均值：2.9, 方差：50.2
0  4.45e+06 4994.22 | 4994.22    0.0   2887     0 |    1.71   0.35   0.10  -1.16
0  4.47e+06 4994.22 | 4993.65    0.0   2887     0 |    1.71   0.32   0.01  -1.16
0  4.53e+06 4994.22 | 4982.28    0.0   2887     0 |    1.71   0.39   0.05  -1.16
0  4.59e+06 4994.22 | 4991.32    0.0   2887     0 |    1.71   0.33   0.07  -1.16
0  4.65e+06 4995.81 |
成功率：81.1%, 提交量大于阈值的概率：0.54892%, 超供率：57.7%, 超供程度：42.8%, 超供平均值：2.9, 方差：48.8
0  4.65e+06 4995.81 | 4995.81    0.0   2887     0 |    1.71   0.39   0.13  -1.16
0  4.68e+06 4995.81 | 4992.00    0.0   2887     0 |    1.72   0.37  -0.02  -1.15
0  4.73e+06 5001.24 |
成功率：81.5%, 提交量大于阈值的概率：0.77358%, 超供率：58.3%, 超供程度：42.9%, 超供平均值：2.9, 方差：50.2
0  4.73e+06 5001.24 | 5001.24    0.0   2887     0 |    1.72   0.35  -0.04  -1.15
0  4.76e+06 5002.65 |
成功率：81.2%, 提交量大于阈值的概率：0.63923%, 超供率：57.7%, 超供程度：42.5%, 超供平均值：2.9, 方差：49.3
0  4.76e+06 5002.65 | 5002.65    0.0   2887     0 |    1.72   0.44  -0.03  -1.16
0  4.79e+06 5006.17 |
成功率：81.1%, 提交量大于阈值的概率：0.56742%, 超供率：57.3%, 超供程度：42.4%, 超供平均值：2.9, 方差：49.3
0  4.79e+06 5006.17 | 5006.17    0.0   2887     0 |    1.72   0.38   0.03  -1.16
0  4.82e+06 5008.20 |
成功率：81.2%, 提交量大于阈值的概率：0.58283%, 超供率：57.3%, 超供程度：42.5%, 超供平均值：2.9, 方差：49.5
0  4.82e+06 5008.20 | 5008.20    0.0   2887     0 |    1.72   0.40  -0.01  -1.16
0  4.85e+06 5008.20 | 4995.61    0.0   2887     0 |    1.72   0.43   0.12  -1.16
0  4.91e+06 5008.20 | 4990.41    0.0   2887     0 |    1.71   0.46   0.16  -1.17
0  4.97e+06 5008.20 | 4985.05    0.0   2887     0 |    1.71   0.43   0.05  -1.17
0  5.02e+06 5008.20 | 4989.81    0.0   2887     0 |    1.71   0.34   0.08  -1.16
0  5.08e+06 5008.20 | 4997.87    0.0   2887     0 |    1.71   0.37   0.02  -1.16
0  5.14e+06 5008.20 | 4996.63    0.0   2887     0 |    1.71   0.36   0.06  -1.16
0  5.20e+06 5008.20 | 5001.93    0.0   2887     0 |    1.72   0.37  -0.13  -1.15
0  5.25e+06 5020.81 |
成功率：81.0%, 提交量大于阈值的概率：0.49143%, 超供率：56.1%, 超供程度：41.4%, 超供平均值：2.8, 方差：49.4
0  5.25e+06 5020.81 | 5020.81    0.0   2887     0 |    1.72   0.38   0.02  -1.16
0  5.28e+06 5022.60 |
成功率：80.9%, 提交量大于阈值的概率：0.44602%, 超供率：55.9%, 超供程度：41.4%, 超供平均值：2.8, 方差：49.4
0  5.28e+06 5022.60 | 5022.60    0.0   2887     0 |    1.72   0.37   0.10  -1.16
0  5.31e+06 5027.41 |
成功率：81.1%, 提交量大于阈值的概率：0.52546%, 超供率：56.1%, 超供程度：41.4%, 超供平均值：2.8, 方差：49.7
0  5.31e+06 5027.41 | 5027.41    0.0   2887     0 |    1.72   0.37   0.05  -1.16
0  5.34e+06 5027.41 | 5023.91    0.0   2887     0 |    1.73   0.35  -0.01  -1.16
0  5.40e+06 5027.41 | 5016.88    0.0   2887     0 |    1.72   0.44   0.07  -1.15
0  5.46e+06 5027.41 | 5018.09    0.0   2887     0 |    1.72   0.37   0.10  -1.15
0  5.51e+06 5027.41 | 5025.79    0.0   2887     0 |    1.72   0.38   0.02  -1.16
0  5.57e+06 5027.41 | 5021.69    0.0   2887     0 |    1.72   0.39   0.09  -1.15
0  5.63e+06 5027.41 | 5012.73    0.0   2887     0 |    1.72   0.40   0.09  -1.15
0  5.69e+06 5027.41 | 5025.58    0.0   2887     0 |    1.73   0.44   0.02  -1.16
0  5.74e+06 5040.29 |
成功率：81.3%, 提交量大于阈值的概率：0.66278%, 超供率：56.0%, 超供程度：40.9%, 超供平均值：2.8, 方差：50.3
0  5.74e+06 5040.29 | 5040.29    0.0   2887     0 |    1.73   0.41  -0.00  -1.16
0  5.77e+06 5040.29 | 5033.19    0.0   2887     0 |    1.73   0.34   0.02  -1.16
0  5.83e+06 5040.29 | 5033.31    0.0   2887     0 |    1.73   0.36   0.04  -1.16
0  5.89e+06 5042.81 |
成功率：81.1%, 提交量大于阈值的概率：0.53758%, 超供率：55.3%, 超供程度：40.6%, 超供平均值：2.8, 方差：49.7
0  5.89e+06 5042.81 | 5042.81    0.0   2887     0 |    1.73   0.40  -0.12  -1.16
0  5.92e+06 5042.81 | 5042.07    0.0   2887     0 |    1.73   0.42   0.15  -1.16
0  5.98e+06 5042.81 | 5034.97    0.0   2887     0 |    1.73   0.36   0.11  -1.15
0  6.03e+06 5042.81 | 5040.71    0.0   2887     0 |    1.73   0.40   0.08  -1.15
0  6.09e+06 5042.81 | 5032.41    0.0   2887     0 |    1.73   0.37   0.09  -1.15
0  6.15e+06 5043.96 |
成功率：81.1%, 提交量大于阈值的概率：0.57674%, 超供率：54.4%, 超供程度：39.5%, 超供平均值：2.7, 方差：48.9
0  6.15e+06 5043.96 | 5043.96    0.0   2887     0 |    1.73   0.34   0.07  -1.16
0  6.18e+06 5043.96 | 5039.29    0.0   2887     0 |    1.73   0.31   0.01  -1.16
0  6.24e+06 5052.98 |
成功率：81.5%, 提交量大于阈值的概率：0.77760%, 超供率：55.2%, 超供程度：39.9%, 超供平均值：2.7, 方差：51.1
0  6.24e+06 5052.98 | 5052.98    0.0   2887     0 |    1.74   0.39   0.13  -1.16
0  6.26e+06 5052.98 | 5049.41    0.0   2887     0 |    1.73   0.39   0.08  -1.16
0  6.32e+06 5052.98 | 5050.67    0.0   2887     0 |    1.73   0.31   0.12  -1.16
0  6.38e+06 5052.98 | 5046.07    0.0   2887     0 |    1.74   0.37   0.18  -1.16
0  6.44e+06 5052.98 | 5046.14    0.0   2887     0 |    1.73   0.37  -0.00  -1.16
0  6.50e+06 5052.98 | 5045.65    0.0   2887     0 |    1.74   0.40   0.03  -1.16
0  6.55e+06 5052.98 | 5051.38    0.0   2887     0 |    1.73   0.35   0.02  -1.16
0  6.61e+06 5056.58 |
成功率：81.2%, 提交量大于阈值的概率：0.61479%, 超供率：55.2%, 超供程度：39.4%, 超供平均值：2.7, 方差：49.9
0  6.61e+06 5056.58 | 5056.58    0.0   2887     0 |    1.74   0.34  -0.02  -1.17
0  6.64e+06 5066.77 |
成功率：81.4%, 提交量大于阈值的概率：0.67228%, 超供率：55.4%, 超供程度：39.6%, 超供平均值：2.7, 方差：50.5
0  6.64e+06 5066.77 | 5066.77    0.0   2887     0 |    1.74   0.36   0.04  -1.16
0  6.67e+06 5066.77 | 5063.55    0.0   2887     0 |    1.74   0.40   0.10  -1.16
0  6.73e+06 5066.77 | 5063.38    0.0   2887     0 |    1.74   0.39   0.10  -1.16
0  6.78e+06 5067.06 |
成功率：81.3%, 提交量大于阈值的概率：0.65419%, 超供率：54.8%, 超供程度：39.3%, 超供平均值：2.7, 方差：50.3
0  6.78e+06 5067.06 | 5067.06    0.0   2887     0 |    1.74   0.43   0.11  -1.17
0  6.81e+06 5067.06 | 5060.84    0.0   2887     0 |    1.74   0.33   0.11  -1.16
0  6.87e+06 5067.06 | 5058.95    0.0   2887     0 |    1.74   0.37  -0.04  -1.16
0  6.93e+06 5067.06 | 5054.61    0.0   2887     0 |    1.74   0.35   0.08  -1.17
0  6.99e+06 5073.32 |
成功率：81.3%, 提交量大于阈值的概率：0.65202%, 超供率：54.2%, 超供程度：38.6%, 超供平均值：2.6, 方差：50.4
0  6.99e+06 5073.32 | 5073.32    0.0   2887     0 |    1.75   0.39   0.07  -1.16
0  7.02e+06 5075.25 |
成功率：81.2%, 提交量大于阈值的概率：0.59916%, 超供率：54.3%, 超供程度：38.8%, 超供平均值：2.6, 方差：50.0
0  7.02e+06 5075.25 | 5075.25    0.0   2887     0 |    1.75   0.32   0.03  -1.16
0  7.04e+06 5075.25 | 5068.07    0.0   2887     0 |    1.74   0.32   0.15  -1.16
0  7.10e+06 5075.25 | 5003.86    0.0   2887     0 |    1.72   0.28   0.07  -1.16
0  7.16e+06 5075.25 | 5054.25    0.0   2887     0 |    1.74   0.36   0.17  -1.15
0  7.22e+06 5075.25 | 5072.69    0.0   2887     0 |    1.74   0.40  -0.09  -1.14
0  7.27e+06 5075.36 |
成功率：81.3%, 提交量大于阈值的概率：0.61667%, 超供率：54.3%, 超供程度：38.9%, 超供平均值：2.6, 方差：50.6
0  7.27e+06 5075.36 | 5075.36    0.0   2887     0 |    1.74   0.39   0.07  -1.14
0  7.30e+06 5081.35 |
成功率：81.3%, 提交量大于阈值的概率：0.63973%, 超供率：54.0%, 超供程度：38.7%, 超供平均值：2.6, 方差：50.6
0  7.30e+06 5081.35 | 5081.35    0.0   2887     0 |    1.75   0.37   0.04  -1.14
0  7.33e+06 5085.95 |
成功率：81.4%, 提交量大于阈值的概率：0.67560%, 超供率：54.2%, 超供程度：38.8%, 超供平均值：2.6, 方差：51.0
0  7.33e+06 5085.95 | 5085.95    0.0   2887     0 |    1.75   0.37  -0.05  -1.14
0  7.36e+06 5087.34 |
成功率：81.5%, 提交量大于阈值的概率：0.72586%, 超供率：54.3%, 超供程度：38.9%, 超供平均值：2.6, 方差：51.3
0  7.36e+06 5087.34 | 5087.34    0.0   2887     0 |    1.75   0.34   0.06  -1.14
0  7.39e+06 5087.34 | 5076.00    0.0   2887     0 |    1.75   0.42   0.03  -1.14
0  7.45e+06 5087.34 | 5080.36    0.0   2887     0 |    1.74   0.34   0.08  -1.13
0  7.51e+06 5087.34 | 5079.57    0.0   2887     0 |    1.74   0.32  -0.12  -1.14
0  7.56e+06 5093.32 |
成功率：81.4%, 提交量大于阈值的概率：0.67684%, 超供率：53.4%, 超供程度：38.2%, 超供平均值：2.6, 方差：50.9
0  7.56e+06 5093.32 | 5093.32    0.0   2887     0 |    1.75   0.31  -0.02  -1.15
0  7.59e+06 5094.34 |
成功率：81.2%, 提交量大于阈值的概率：0.53499%, 超供率：53.0%, 超供程度：38.1%, 超供平均值：2.6, 方差：50.1
0  7.59e+06 5094.34 | 5094.34    0.0   2887     0 |    1.75   0.34   0.08  -1.15
0  7.62e+06 5094.34 | 5088.37    0.0   2887     0 |    1.75   0.31   0.08  -1.14
0  7.68e+06 5095.16 |
成功率：81.1%, 提交量大于阈值的概率：0.54184%, 超供率：52.5%, 超供程度：37.9%, 超供平均值：2.6, 方差：50.4
0  7.68e+06 5095.16 | 5095.16    0.0   2887     0 |    1.75   0.36  -0.00  -1.13
0  7.71e+06 5095.79 |
成功率：81.3%, 提交量大于阈值的概率：0.61649%, 超供率：52.7%, 超供程度：38.1%, 超供平均值：2.6, 方差：51.0
0  7.71e+06 5095.79 | 5095.79    0.0   2887     0 |    1.75   0.36   0.03  -1.14
0  7.74e+06 5095.79 | 5084.02    0.0   2887     0 |    1.75   0.36   0.09  -1.14
0  7.79e+06 5095.79 | 5095.78    0.0   2887     0 |    1.76   0.44   0.06  -1.13
0  7.85e+06 5115.79 |
成功率：81.4%, 提交量大于阈值的概率：0.66006%, 超供率：49.9%, 超供程度：36.5%, 超供平均值：2.5, 方差：51.2
0  7.85e+06 5115.79 | 5115.79    0.0   2887     0 |    1.76   0.32   0.13  -1.13
0  7.88e+06 5121.58 |
成功率：81.3%, 提交量大于阈值的概率：0.58961%, 超供率：49.7%, 超供程度：36.5%, 超供平均值：2.5, 方差：51.0
0  7.88e+06 5121.58 | 5121.58    0.0   2887     0 |    1.76   0.30   0.14  -1.13
0  7.91e+06 5121.58 | 5116.34    0.0   2887     0 |    1.76   0.34   0.01  -1.14
0  7.97e+06 5130.30 |
成功率：81.5%, 提交量大于阈值的概率：0.70121%, 超供率：49.8%, 超供程度：36.3%, 超供平均值：2.5, 方差：51.7
0  7.97e+06 5130.30 | 5130.30    0.0   2887     0 |    1.76   0.30   0.04  -1.13
0  8.00e+06 5137.93 |
成功率：81.6%, 提交量大于阈值的概率：0.71315%, 超供率：49.4%, 超供程度：36.1%, 超供平均值：2.4, 方差：51.9
0  8.00e+06 5137.93 | 5137.93    0.0   2887     0 |    1.77   0.37   0.14  -1.13
0  8.03e+06 5137.93 | 5128.79    0.0   2887     0 |    1.76   0.35   0.11  -1.13
0  8.08e+06 5137.93 | 5092.47    0.0   2887     0 |    1.75   0.33  -0.03  -1.12
0  8.14e+06 5137.93 | 5101.27    0.0   2887     0 |    1.76   0.34  -0.00  -1.13
0  8.20e+06 5137.93 | 5103.57    0.0   2887     0 |    1.76   0.35   0.16  -1.14
0  8.26e+06 5137.93 | 5109.09    0.0   2887     0 |    1.76   0.31   0.16  -1.14
0  8.31e+06 5137.93 | 5112.68    0.0   2887     0 |    1.76   0.35   0.12  -1.13
0  8.37e+06 5137.93 | 5111.00    0.0   2887     0 |    1.76   0.33   0.05  -1.13
0  8.43e+06 5137.93 | 5112.49    0.0   2887     0 |    1.76   0.33   0.01  -1.14
0  8.49e+06 5137.93 | 5115.79    0.0   2887     0 |    1.76   0.36   0.14  -1.14
0  8.55e+06 5137.93 | 5117.80    0.0   2887     0 |    1.76   0.35  -0.04  -1.13
0  8.60e+06 5137.93 | 5117.85    0.0   2887     0 |    1.76   0.38  -0.01  -1.13
0  8.66e+06 5137.93 | 5019.53    0.0   2887     0 |    1.73   0.38   0.05  -1.14
0  8.72e+06 5137.93 | 5053.51    0.0   2887     0 |    1.74   0.38   0.15  -1.14
0  8.78e+06 5137.93 | 5066.59    0.0   2887     0 |    1.74   0.31   0.02  -1.14
0  8.83e+06 5137.93 | 5077.78    0.0   2887     0 |    1.75   0.44   0.03  -1.14
0  8.89e+06 5137.93 | 4890.30    0.0   2887     0 |    1.69   0.38  -0.04  -1.13
0  8.95e+06 5137.93 | 4982.16    0.0   2887     0 |    1.71   0.38   0.11  -1.13
0  9.01e+06 5137.93 | 5024.31    0.0   2887     0 |    1.73   0.40   0.20  -1.14
0  9.06e+06 5137.93 | 5072.69    0.0   2887     0 |    1.75   0.47   0.04  -1.13
0  9.12e+06 5137.93 | 5081.63    0.0   2887     0 |    1.75   0.33   0.07  -1.13
0  9.18e+06 5137.93 | 5114.67    0.0   2887     0 |    1.76   0.34   0.15  -1.13
0  9.24e+06 5137.93 | 5126.94    0.0   2887     0 |    1.76   0.41   0.10  -1.13
0  9.30e+06 5144.79 |
成功率：81.5%, 提交量大于阈值的概率：0.73609%, 超供率：48.5%, 超供程度：34.7%, 超供平均值：2.3, 方差：51.3
0  9.30e+06 5144.79 | 5144.79    0.0   2887     0 |    1.77   0.41   0.11  -1.14
0  9.32e+06 5154.79 |
成功率：81.5%, 提交量大于阈值的概率：0.72045%, 超供率：47.1%, 超供程度：34.1%, 超供平均值：2.3, 方差：51.5
0  9.32e+06 5154.79 | 5154.79    0.0   2887     0 |    1.77   0.31  -0.06  -1.14
0  9.35e+06 5157.31 |
成功率：81.7%, 提交量大于阈值的概率：0.82552%, 超供率：47.6%, 超供程度：34.3%, 超供平均值：2.3, 方差：52.4
0  9.35e+06 5157.31 | 5157.31    0.0   2887     0 |    1.77   0.47   0.10  -1.13
0  9.38e+06 5162.05 |
成功率：81.8%, 提交量大于阈值的概率：0.89324%, 超供率：47.7%, 超供程度：33.9%, 超供平均值：2.3, 方差：52.4
0  9.38e+06 5162.05 | 5162.05    0.0   2887     0 |    1.78   0.31   0.00  -1.14
0  9.41e+06 5162.05 | 5141.53    0.0   2887     0 |    1.78   0.38  -0.08  -1.13
0  9.47e+06 5162.05 | 5038.99    0.0   2887     0 |    1.74   0.42   0.15  -1.13
0  9.53e+06 5162.05 | 5120.87    0.0   2887     0 |    1.76   0.45   0.10  -1.12
0  9.58e+06 5162.05 | 5015.21    0.0   2887     0 |    1.72   0.39   0.05  -1.13
0  9.64e+06 5162.05 | 5075.62    0.0   2887     0 |    1.75   0.31   0.02  -1.13
0  9.70e+06 5162.05 | 5133.77    0.0   2887     0 |    1.77   0.28  -0.01  -1.13
0  9.76e+06 5164.17 |
成功率：81.3%, 提交量大于阈值的概率：0.75984%, 超供率：40.5%, 超供程度：30.0%, 超供平均值：2.0, 方差：52.2
0  9.76e+06 5164.17 | 5164.17    0.0   2887     0 |    1.78   0.37   0.05  -1.14
0  9.79e+06 5164.17 | 5105.49    0.0   2887     0 |    1.75   0.35  -0.04  -1.13
0  9.84e+06 5164.17 | 4689.85    0.0   2887     0 |    1.62   0.40   0.14  -1.14
0  9.90e+06 5164.17 | 4762.19    0.0   2887     0 |    1.64   0.40   0.00  -1.13
0  9.96e+06 5164.17 | 4834.13    0.0   2887     0 |    1.66   0.43   0.09  -1.13
0  1.00e+07 5164.17 | 4925.11    0.0   2887     0 |    1.70   0.40  -0.01  -1.12
0  1.01e+07 5164.17 | 5004.45    0.0   2887     0 |    1.72   0.35  -0.02  -1.14
0  1.01e+07 5164.17 | 5073.66    0.0   2887     0 |    1.75   0.37  -0.03  -1.13
0  1.02e+07 5164.17 | 5109.33    0.0   2887     0 |    1.76   0.37   0.09  -1.13
0  1.02e+07 5164.17 | 5128.12    0.0   2887     0 |    1.76   0.37   0.09  -1.14
0  1.03e+07 5164.17 | 5155.69    0.0   2887     0 |    1.77   0.38   0.02  -1.14
