################################################################################
ID     Step    maxR |    avgR   stdR   avgS  stdS |    expR   objC   etc.
0  5.77e+03 1969.66 |
成功率：98.7%, 提交量大于阈值的概率：1.53244%, 超供率：96.1%, 超供程度：83.6%, 超供平均值：5.7, 方差：197.6
0  5.77e+03 1969.66 | 1969.66    0.0   2886     0 |    0.51  13.06   0.08  -0.50
0  4.62e+04 2029.77 |
成功率：98.9%, 提交量大于阈值的概率：1.54988%, 超供率：96.4%, 超供程度：82.6%, 超供平均值：5.6, 方差：192.6
0  4.62e+04 2029.77 | 2029.77    0.0   2885     0 |    0.55   9.19  -0.05  -0.50
0  8.66e+04 2079.09 |
成功率：98.8%, 提交量大于阈值的概率：1.55875%, 超供率：96.4%, 超供程度：82.2%, 超供平均值：5.6, 方差：187.1
0  8.66e+04 2079.09 | 2079.09    0.0   2885     0 |    0.59   8.65   0.10  -0.51
0  1.27e+05 2118.01 |
成功率：98.9%, 提交量大于阈值的概率：1.56524%, 超供率：96.6%, 超供程度：81.4%, 超供平均值：5.5, 方差：185.5
0  1.27e+05 2118.01 | 2118.01    0.0   2885     0 |    0.62   8.02   0.04  -0.52
0  1.67e+05 2132.61 |
成功率：98.8%, 提交量大于阈值的概率：1.56872%, 超供率：96.5%, 超供程度：81.3%, 超供平均值：5.5, 方差：185.1
0  1.67e+05 2132.61 | 2132.61    0.0   2885     0 |    0.63   7.90   0.08  -0.53
0  2.08e+05 2157.93 |
成功率：98.7%, 提交量大于阈值的概率：1.57182%, 超供率：96.5%, 超供程度：81.0%, 超供平均值：5.5, 方差：183.5
0  2.08e+05 2157.93 | 2157.93    0.0   2885     0 |    0.64   8.49  -0.01  -0.54
0  2.48e+05 2157.93 | 2155.16    0.0   2887     0 |    0.66   8.48   0.13  -0.55
0  3.17e+05 2213.11 |
成功率：98.7%, 提交量大于阈值的概率：1.57201%, 超供率：96.5%, 超供程度：80.4%, 超供平均值：5.4, 方差：183.6
0  3.17e+05 2213.11 | 2213.11    0.0   2887     0 |    0.68   7.79   0.07  -0.58
0  3.58e+05 2251.27 |
成功率：98.6%, 提交量大于阈值的概率：1.56194%, 超供率：96.3%, 超供程度：79.9%, 超供平均值：5.4, 方差：181.4
0  3.58e+05 2251.27 | 2251.27    0.0   2887     0 |    0.70   7.36   0.12  -0.58
0  3.98e+05 2285.98 |
成功率：98.5%, 提交量大于阈值的概率：1.56800%, 超供率：96.0%, 超供程度：79.2%, 超供平均值：5.4, 方差：180.4
0  3.98e+05 2285.98 | 2285.98    0.0   2887     0 |    0.71   6.74   0.10  -0.59
0  4.39e+05 2299.33 |
成功率：98.6%, 提交量大于阈值的概率：1.56012%, 超供率：96.1%, 超供程度：78.9%, 超供平均值：5.4, 方差：180.7
0  4.39e+05 2299.33 | 2299.33    0.0   2887     0 |    0.72   7.20  -0.02  -0.59
0  4.79e+05 2336.15 |
成功率：98.4%, 提交量大于阈值的概率：1.55334%, 超供率：96.0%, 超供程度：78.0%, 超供平均值：5.3, 方差：176.8
0  4.79e+05 2336.15 | 2336.15    0.0   2886     0 |    0.74   7.50   0.07  -0.61
0  5.19e+05 2343.27 |
成功率：98.6%, 提交量大于阈值的概率：1.57633%, 超供率：96.3%, 超供程度：78.0%, 超供平均值：5.3, 方差：177.1
0  5.19e+05 2343.27 | 2343.27    0.0   2886     0 |    0.74   7.30   0.15  -0.61
0  5.60e+05 2372.62 |
成功率：98.5%, 提交量大于阈值的概率：1.59404%, 超供率：96.3%, 超供程度：77.3%, 超供平均值：5.2, 方差：175.9
0  5.60e+05 2372.62 | 2372.62    0.0   2887     0 |    0.75   7.56   0.11  -0.62
0  6.00e+05 2388.93 |
成功率：98.5%, 提交量大于阈值的概率：1.60558%, 超供率：96.1%, 超供程度：76.5%, 超供平均值：5.2, 方差：175.8
0  6.00e+05 2388.93 | 2388.93    0.0   2887     0 |    0.76   7.56   0.11  -0.64
0  6.41e+05 2426.11 |
成功率：98.4%, 提交量大于阈值的概率：1.58695%, 超供率：96.0%, 超供程度：75.8%, 超供平均值：5.1, 方差：174.0
0  6.41e+05 2426.11 | 2426.11    0.0   2887     0 |    0.78   7.75   0.08  -0.65
0  6.81e+05 2426.11 | 2411.78    0.0   2887     0 |    0.77   7.58  -0.02  -0.66
0  7.45e+05 2426.11 | 2422.60    0.0   2887     0 |    0.78   7.44   0.05  -0.68
0  8.08e+05 2438.96 |
成功率：98.5%, 提交量大于阈值的概率：1.59711%, 超供率：96.0%, 超供程度：75.0%, 超供平均值：5.1, 方差：173.6
0  8.08e+05 2438.96 | 2438.96    0.0   2887     0 |    0.79   7.29   0.04  -0.69
0  8.48e+05 2461.73 |
成功率：98.4%, 提交量大于阈值的概率：1.60955%, 超供率：95.9%, 超供程度：74.7%, 超供平均值：5.1, 方差：171.9
0  8.48e+05 2461.73 | 2461.73    0.0   2887     0 |    0.80   6.66   0.13  -0.70
0  8.89e+05 2494.94 |
成功率：98.3%, 提交量大于阈值的概率：1.61094%, 超供率：95.7%, 超供程度：73.9%, 超供平均值：5.0, 方差：170.5
0  8.89e+05 2494.94 | 2494.94    0.0   2886     0 |    0.81   6.38   0.12  -0.71
0  9.29e+05 2512.28 |
成功率：98.2%, 提交量大于阈值的概率：1.59971%, 超供率：95.6%, 超供程度：73.8%, 超供平均值：5.0, 方差：170.6
0  9.29e+05 2512.28 | 2512.28    0.0   2886     0 |    0.81   6.61   0.07  -0.71
0  9.70e+05 2522.42 |
成功率：98.2%, 提交量大于阈值的概率：1.61223%, 超供率：95.6%, 超供程度：73.9%, 超供平均值：5.0, 方差：168.1
0  9.70e+05 2522.42 | 2522.42    0.0   2885     0 |    0.82   7.12   0.01  -0.72
0  1.01e+06 2526.61 |
成功率：98.2%, 提交量大于阈值的概率：1.62962%, 超供率：95.7%, 超供程度：73.3%, 超供平均值：5.0, 方差：168.6
0  1.01e+06 2526.61 | 2526.61    0.0   2886     0 |    0.83   7.03   0.02  -0.72
0  1.05e+06 2532.16 |
成功率：98.2%, 提交量大于阈值的概率：1.62110%, 超供率：95.6%, 超供程度：73.1%, 超供平均值：5.0, 方差：166.9
0  1.05e+06 2532.16 | 2532.16    0.0   2885     0 |    0.83   6.31   0.14  -0.73
0  1.09e+06 2532.16 | 2524.29    0.0   2886     0 |    0.83   7.05   0.02  -0.74
0  1.15e+06 2582.27 |
成功率：98.0%, 提交量大于阈值的概率：1.59468%, 超供率：95.2%, 超供程度：72.2%, 超供平均值：4.9, 方差：167.2
0  1.15e+06 2582.27 | 2582.27    0.0   2886     0 |    0.85   7.06  -0.11  -0.75
0  1.19e+06 2588.50 |
成功率：98.0%, 提交量大于阈值的概率：1.60996%, 超供率：95.2%, 超供程度：72.2%, 超供平均值：4.9, 方差：166.3
0  1.19e+06 2588.50 | 2588.50    0.0   2886     0 |    0.85   6.30   0.14  -0.76
0  1.24e+06 2591.01 |
成功率：98.0%, 提交量大于阈值的概率：1.61871%, 超供率：95.2%, 超供程度：72.2%, 超供平均值：4.9, 方差：166.2
0  1.24e+06 2591.01 | 2591.01    0.0   2886     0 |    0.86   7.50   0.14  -0.76
0  1.28e+06 2591.64 |
成功率：98.0%, 提交量大于阈值的概率：1.61481%, 超供率：95.4%, 超供程度：72.1%, 超供平均值：4.9, 方差：166.6
0  1.28e+06 2591.64 | 2591.64    0.0   2886     0 |    0.85   6.49   0.12  -0.77
0  1.32e+06 2594.69 |
成功率：98.1%, 提交量大于阈值的概率：1.61643%, 超供率：95.5%, 超供程度：71.9%, 超供平均值：4.9, 方差：166.7
0  1.32e+06 2594.69 | 2594.69    0.0   2886     0 |    0.86   6.85   0.03  -0.77
0  1.36e+06 2594.69 | 2590.33    0.0   2886     0 |    0.85   6.92   0.03  -0.78
0  1.43e+06 2622.93 |
成功率：98.0%, 提交量大于阈值的概率：1.60479%, 超供率：95.2%, 超供程度：70.8%, 超供平均值：4.8, 方差：167.6
0  1.43e+06 2622.93 | 2622.93    0.0   2886     0 |    0.87   7.29  -0.07  -0.80
0  1.47e+06 2625.75 |
成功率：97.9%, 提交量大于阈值的概率：1.60644%, 超供率：95.1%, 超供程度：70.2%, 超供平均值：4.8, 方差：169.1
0  1.47e+06 2625.75 | 2625.75    0.0   2886     0 |    0.87   6.31   0.03  -0.81
0  1.51e+06 2653.39 |
成功率：97.8%, 提交量大于阈值的概率：1.60510%, 超供率：94.9%, 超供程度：70.3%, 超供平均值：4.8, 方差：167.7
0  1.51e+06 2653.39 | 2653.39    0.0   2886     0 |    0.88   6.26   0.06  -0.82
0  1.55e+06 2677.66 |
成功率：97.7%, 提交量大于阈值的概率：1.58039%, 超供率：94.7%, 超供程度：69.3%, 超供平均值：4.7, 方差：168.2
0  1.55e+06 2677.66 | 2677.66    0.0   2887     0 |    0.89   6.86   0.15  -0.83
0  1.59e+06 2692.73 |
成功率：97.6%, 提交量大于阈值的概率：1.56742%, 超供率：94.4%, 超供程度：69.0%, 超供平均值：4.7, 方差：167.5
0  1.59e+06 2692.73 | 2692.73    0.0   2886     0 |    0.89   7.48   0.03  -0.84
0  1.63e+06 2701.97 |
成功率：97.7%, 提交量大于阈值的概率：1.56804%, 超供率：94.6%, 超供程度：69.1%, 超供平均值：4.7, 方差：167.9
0  1.63e+06 2701.97 | 2701.97    0.0   2887     0 |    0.90   7.60  -0.01  -0.85
0  1.67e+06 2722.35 |
成功率：97.6%, 提交量大于阈值的概率：1.56292%, 超供率：94.3%, 超供程度：68.3%, 超供平均值：4.7, 方差：167.8
0  1.67e+06 2722.35 | 2722.35    0.0   2886     0 |    0.91   6.83  -0.00  -0.86
0  1.71e+06 2723.34 |
成功率：97.6%, 提交量大于阈值的概率：1.55923%, 超供率：94.3%, 超供程度：68.4%, 超供平均值：4.7, 方差：170.4
0  1.71e+06 2723.34 | 2723.34    0.0   2886     0 |    0.90   7.06   0.10  -0.86
0  1.75e+06 2746.93 |
成功率：97.5%, 提交量大于阈值的概率：1.57821%, 超供率：93.9%, 超供程度：68.2%, 超供平均值：4.7, 方差：170.5
0  1.75e+06 2746.93 | 2746.93    0.0   2887     0 |    0.91   6.31   0.07  -0.87
0  1.79e+06 2754.55 |
成功率：97.4%, 提交量大于阈值的概率：1.58763%, 超供率：93.8%, 超供程度：68.7%, 超供平均值：4.7, 方差：169.0
0  1.79e+06 2754.55 | 2754.55    0.0   2886     0 |    0.92   7.05  -0.04  -0.88
0  1.83e+06 2766.92 |
成功率：97.3%, 提交量大于阈值的概率：1.61259%, 超供率：93.6%, 超供程度：68.7%, 超供平均值：4.7, 方差：167.5
0  1.83e+06 2766.92 | 2766.92    0.0   2886     0 |    0.92   7.01   0.00  -0.89
0  1.87e+06 2766.92 | 2760.14    0.0   2886     0 |    0.92   6.15   0.13  -0.91
0  1.94e+06 2768.36 |
成功率：97.1%, 提交量大于阈值的概率：1.65707%, 超供率：93.4%, 超供程度：69.4%, 超供平均值：4.7, 方差：164.4
0  1.94e+06 2768.36 | 2768.36    0.0   2886     0 |    0.93   6.96   0.02  -0.91
0  1.98e+06 2784.85 |
成功率：97.1%, 提交量大于阈值的概率：1.65597%, 超供率：93.3%, 超供程度：69.1%, 超供平均值：4.7, 方差：165.5
0  1.98e+06 2784.85 | 2784.85    0.0   2887     0 |    0.93   6.28   0.13  -0.92
0  2.02e+06 2809.60 |
成功率：96.8%, 提交量大于阈值的概率：1.64658%, 超供率：92.8%, 超供程度：68.7%, 超供平均值：4.7, 方差：163.7
0  2.02e+06 2809.60 | 2809.60    0.0   2886     0 |    0.94   6.40   0.13  -0.93
0  2.06e+06 2831.13 |
成功率：96.7%, 提交量大于阈值的概率：1.63476%, 超供率：92.6%, 超供程度：68.3%, 超供平均值：4.7, 方差：166.5
0  2.06e+06 2831.13 | 2831.13    0.0   2886     0 |    0.94   7.16   0.14  -0.93
0  2.10e+06 2854.67 |
成功率：96.5%, 提交量大于阈值的概率：1.60258%, 超供率：92.3%, 超供程度：67.5%, 超供平均值：4.6, 方差：166.4
0  2.10e+06 2854.67 | 2854.67    0.0   2887     0 |    0.95   6.15   0.04  -0.95
0  2.14e+06 2867.89 |
成功率：96.4%, 提交量大于阈值的概率：1.59238%, 超供率：92.1%, 超供程度：67.3%, 超供平均值：4.6, 方差：166.3
0  2.14e+06 2867.89 | 2867.89    0.0   2886     0 |    0.96   6.78   0.04  -0.96
0  2.18e+06 2911.32 |
成功率：96.1%, 提交量大于阈值的概率：1.54443%, 超供率：91.5%, 超供程度：66.3%, 超供平均值：4.5, 方差：166.7
0  2.18e+06 2911.32 | 2911.32    0.0   2886     0 |    0.97   6.52   0.08  -0.97
0  2.22e+06 2911.32 | 2909.05    0.0   2887     0 |    0.98   6.64   0.09  -0.98
0  2.29e+06 2911.32 | 2910.09    0.0   2886     0 |    0.97   6.27   0.18  -1.00
0  2.35e+06 2954.81 |
成功率：95.8%, 提交量大于阈值的概率：1.50276%, 超供率：90.6%, 超供程度：65.2%, 超供平均值：4.5, 方差：166.7
0  2.35e+06 2954.81 | 2954.81    0.0   2886     0 |    0.99   5.80   0.06  -1.01
0  2.40e+06 2958.58 |
成功率：95.7%, 提交量大于阈值的概率：1.51166%, 超供率：90.5%, 超供程度：64.9%, 超供平均值：4.4, 方差：166.6
0  2.40e+06 2958.58 | 2958.58    0.0   2887     0 |    0.99   5.07   0.12  -1.02
0  2.44e+06 2958.58 | 2955.28    0.0   2887     0 |    0.99   5.86   0.05  -1.02
0  2.50e+06 2981.62 |
成功率：95.5%, 提交量大于阈值的概率：1.53000%, 超供率：90.4%, 超供程度：64.9%, 超供平均值：4.4, 方差：163.9
0  2.50e+06 2981.62 | 2981.62    0.0   2887     0 |    0.99   6.03   0.13  -1.03
0  2.54e+06 3001.21 |
成功率：95.4%, 提交量大于阈值的概率：1.50143%, 超供率：90.0%, 超供程度：64.2%, 超供平均值：4.4, 方差：164.9
0  2.54e+06 3001.21 | 3001.21    0.0   2887     0 |    1.00   5.51   0.09  -1.04
0  2.58e+06 3012.54 |
成功率：95.4%, 提交量大于阈值的概率：1.53315%, 超供率：90.1%, 超供程度：64.5%, 超供平均值：4.4, 方差：163.0
0  2.58e+06 3012.54 | 3012.54    0.0   2887     0 |    1.01   6.22   0.03  -1.04
0  2.62e+06 3042.28 |
成功率：95.0%, 提交量大于阈值的概率：1.49329%, 超供率：89.5%, 超供程度：63.8%, 超供平均值：4.4, 方差：160.6
0  2.62e+06 3042.28 | 3042.28    0.0   2886     0 |    1.02   6.64  -0.00  -1.05
0  2.66e+06 3042.28 | 3029.36    0.0   2886     0 |    1.02   5.56   0.01  -1.05
0  2.73e+06 3084.55 |
成功率：94.8%, 提交量大于阈值的概率：1.49475%, 超供率：89.0%, 超供程度：62.6%, 超供平均值：4.3, 方差：157.3
0  2.73e+06 3084.55 | 3084.55    0.0   2886     0 |    1.03   5.91   0.06  -1.07
0  2.77e+06 3098.68 |
成功率：94.5%, 提交量大于阈值的概率：1.48045%, 超供率：88.7%, 超供程度：62.5%, 超供平均值：4.3, 方差：156.4
0  2.77e+06 3098.68 | 3098.68    0.0   2886     0 |    1.03   5.65   0.07  -1.08
0  2.81e+06 3131.87 |
成功率：94.2%, 提交量大于阈值的概率：1.48886%, 超供率：88.1%, 超供程度：62.9%, 超供平均值：4.3, 方差：154.9
0  2.81e+06 3131.87 | 3131.87    0.0   2886     0 |    1.04   5.41   0.24  -1.08
0  2.85e+06 3182.08 |
成功率：93.8%, 提交量大于阈值的概率：1.48829%, 超供率：87.5%, 超供程度：62.9%, 超供平均值：4.3, 方差：151.3
0  2.85e+06 3182.08 | 3182.08    0.0   2887     0 |    1.06   6.67   0.04  -1.10
0  2.89e+06 3186.80 |
成功率：93.9%, 提交量大于阈值的概率：1.48319%, 超供率：87.6%, 超供程度：62.9%, 超供平均值：4.3, 方差：151.2
0  2.89e+06 3186.80 | 3186.80    0.0   2887     0 |    1.07   5.88   0.13  -1.11
0  2.93e+06 3194.93 |
成功率：93.9%, 提交量大于阈值的概率：1.49803%, 超供率：87.5%, 超供程度：62.8%, 超供平均值：4.3, 方差：149.1
0  2.93e+06 3194.93 | 3194.93    0.0   2887     0 |    1.07   5.34   0.23  -1.11
0  2.97e+06 3219.64 |
成功率：93.5%, 提交量大于阈值的概率：1.47665%, 超供率：87.0%, 超供程度：63.0%, 超供平均值：4.3, 方差：147.8
0  2.97e+06 3219.64 | 3219.64    0.0   2887     0 |    1.08   5.70   0.06  -1.12
0  3.01e+06 3264.25 |
成功率：93.1%, 提交量大于阈值的概率：1.46073%, 超供率：86.2%, 超供程度：62.5%, 超供平均值：4.3, 方差：144.8
0  3.01e+06 3264.25 | 3264.25    0.0   2887     0 |    1.10   5.09   0.19  -1.12
0  3.05e+06 3268.99 |
成功率：93.0%, 提交量大于阈值的概率：1.48088%, 超供率：86.1%, 超供程度：62.5%, 超供平均值：4.3, 方差：143.1
0  3.05e+06 3268.99 | 3268.99    0.0   2887     0 |    1.10   5.35   0.09  -1.13
0  3.09e+06 3280.20 |
成功率：92.9%, 提交量大于阈值的概率：1.48059%, 超供率：86.0%, 超供程度：62.5%, 超供平均值：4.3, 方差：143.1
0  3.09e+06 3280.20 | 3280.20    0.0   2887     0 |    1.10   5.12   0.01  -1.13
0  3.13e+06 3292.00 |
成功率：92.7%, 提交量大于阈值的概率：1.47735%, 超供率：85.8%, 超供程度：62.7%, 超供平均值：4.3, 方差：139.4
0  3.13e+06 3292.00 | 3292.00    0.0   2887     0 |    1.10   4.75   0.08  -1.15
0  3.17e+06 3320.61 |
成功率：92.4%, 提交量大于阈值的概率：1.46422%, 超供率：85.3%, 超供程度：62.3%, 超供平均值：4.3, 方差：138.7
0  3.17e+06 3320.61 | 3320.61    0.0   2887     0 |    1.11   5.55   0.08  -1.16
0  3.21e+06 3342.79 |
成功率：92.2%, 提交量大于阈值的概率：1.47906%, 超供率：85.0%, 超供程度：62.7%, 超供平均值：4.3, 方差：135.2
0  3.21e+06 3342.79 | 3342.79    0.0   2886     0 |    1.12   5.00  -0.02  -1.15
0  3.24e+06 3351.33 |
成功率：92.1%, 提交量大于阈值的概率：1.48581%, 超供率：84.9%, 超供程度：62.9%, 超供平均值：4.3, 方差：134.8
0  3.24e+06 3351.33 | 3351.33    0.0   2887     0 |    1.13   5.10   0.03  -1.15
0  3.28e+06 3401.64 |
成功率：91.6%, 提交量大于阈值的概率：1.45290%, 超供率：84.1%, 超供程度：62.5%, 超供平均值：4.3, 方差：131.9
0  3.28e+06 3401.64 | 3401.64    0.0   2887     0 |    1.13   5.16   0.09  -1.16
0  3.32e+06 3429.97 |
成功率：91.3%, 提交量大于阈值的概率：1.45615%, 超供率：83.5%, 超供程度：62.0%, 超供平均值：4.3, 方差：129.5
0  3.32e+06 3429.97 | 3429.97    0.0   2886     0 |    1.15   4.18   0.10  -1.16
0  3.35e+06 3439.14 |
成功率：91.3%, 提交量大于阈值的概率：1.47056%, 超供率：83.5%, 超供程度：62.4%, 超供平均值：4.3, 方差：129.2
0  3.35e+06 3439.14 | 3439.14    0.0   2887     0 |    1.15   5.32   0.15  -1.17
0  3.39e+06 3467.47 |
成功率：91.0%, 提交量大于阈值的概率：1.46040%, 超供率：83.0%, 超供程度：62.1%, 超供平均值：4.3, 方差：125.3
0  3.39e+06 3467.47 | 3467.47    0.0   2887     0 |    1.16   4.43   0.11  -1.17
0  3.43e+06 3480.33 |
成功率：90.9%, 提交量大于阈值的概率：1.47037%, 超供率：83.0%, 超供程度：62.1%, 超供平均值：4.3, 方差：124.5
0  3.43e+06 3480.33 | 3480.33    0.0   2887     0 |    1.17   4.78   0.13  -1.17
0  3.46e+06 3504.41 |
成功率：90.6%, 提交量大于阈值的概率：1.47502%, 超供率：82.6%, 超供程度：61.9%, 超供平均值：4.3, 方差：122.5
0  3.46e+06 3504.41 | 3504.41    0.0   2887     0 |    1.18   4.61   0.09  -1.18
0  3.50e+06 3530.52 |
成功率：90.3%, 提交量大于阈值的概率：1.45746%, 超供率：82.3%, 超供程度：61.8%, 超供平均值：4.2, 方差：121.3
0  3.50e+06 3530.52 | 3530.52    0.0   2887     0 |    1.17   5.12   0.09  -1.17
0  3.53e+06 3557.38 |
成功率：89.8%, 提交量大于阈值的概率：1.40845%, 超供率：81.6%, 超供程度：61.4%, 超供平均值：4.2, 方差：119.6
0  3.53e+06 3557.38 | 3557.38    0.0   2887     0 |    1.19   4.53   0.18  -1.17
0  3.57e+06 3612.18 |
成功率：89.4%, 提交量大于阈值的概率：1.42542%, 超供率：81.1%, 超供程度：61.5%, 超供平均值：4.2, 方差：114.3
0  3.57e+06 3612.18 | 3612.18    0.0   2887     0 |    1.21   5.49   0.04  -1.17
0  3.60e+06 3621.39 |
成功率：89.3%, 提交量大于阈值的概率：1.41580%, 超供率：80.9%, 超供程度：61.7%, 超供平均值：4.2, 方差：112.4
0  3.60e+06 3621.39 | 3621.39    0.0   2887     0 |    1.22   4.95   0.01  -1.17
0  3.64e+06 3621.39 | 3604.41    0.0   2887     0 |    1.21   4.77   0.10  -1.17
0  3.70e+06 3639.43 |
成功率：89.2%, 提交量大于阈值的概率：1.46254%, 超供率：80.9%, 超供程度：62.2%, 超供平均值：4.3, 方差：110.6
0  3.70e+06 3639.43 | 3639.43    0.0   2887     0 |    1.22   4.29   0.06  -1.17
0  3.73e+06 3663.33 |
成功率：88.9%, 提交量大于阈值的概率：1.46293%, 超供率：80.6%, 超供程度：62.2%, 超供平均值：4.3, 方差：108.5
0  3.73e+06 3663.33 | 3663.33    0.0   2887     0 |    1.23   4.43   0.17  -1.17
0  3.77e+06 3697.90 |
成功率：88.5%, 提交量大于阈值的概率：1.41429%, 超供率：80.3%, 超供程度：62.3%, 超供平均值：4.3, 方差：106.1
0  3.77e+06 3697.90 | 3697.90    0.0   2887     0 |    1.23   4.68   0.07  -1.16
0  3.80e+06 3709.97 |
成功率：88.1%, 提交量大于阈值的概率：1.37622%, 超供率：79.7%, 超供程度：62.1%, 超供平均值：4.3, 方差：104.7
0  3.80e+06 3709.97 | 3709.97    0.0   2887     0 |    1.24   4.48   0.01  -1.16
0  3.84e+06 3738.91 |
成功率：87.9%, 提交量大于阈值的概率：1.37361%, 超供率：79.3%, 超供程度：62.1%, 超供平均值：4.3, 方差：102.2
0  3.84e+06 3738.91 | 3738.91    0.0   2887     0 |    1.24   4.86   0.14  -1.16
0  3.87e+06 3773.08 |
成功率：87.3%, 提交量大于阈值的概率：1.30122%, 超供率：78.3%, 超供程度：61.6%, 超供平均值：4.2, 方差：99.0
0  3.87e+06 3773.08 | 3773.08    0.0   2887     0 |    1.26   4.95  -0.01  -1.16
0  3.91e+06 3827.70 |
成功率：86.9%, 提交量大于阈值的概率：1.30351%, 超供率：77.6%, 超供程度：60.9%, 超供平均值：4.2, 方差：94.6
0  3.91e+06 3827.70 | 3827.70    0.0   2887     0 |    1.28   4.31   0.17  -1.17
0  3.94e+06 3869.13 |
成功率：86.5%, 提交量大于阈值的概率：1.28467%, 超供率：77.1%, 超供程度：60.9%, 超供平均值：4.2, 方差：91.1
0  3.94e+06 3869.13 | 3869.13    0.0   2887     0 |    1.29   3.72   0.00  -1.17
0  3.98e+06 3918.94 |
成功率：85.7%, 提交量大于阈值的概率：1.22194%, 超供率：76.2%, 超供程度：60.6%, 超供平均值：4.2, 方差：86.7
0  3.98e+06 3918.94 | 3918.94    0.0   2887     0 |    1.30   4.25   0.12  -1.17
0  4.01e+06 3958.15 |
成功率：85.9%, 提交量大于阈值的概率：1.28582%, 超供率：76.6%, 超供程度：60.7%, 超供平均值：4.2, 方差：85.2
0  4.01e+06 3958.15 | 3958.15    0.0   2887     0 |    1.31   3.93   0.15  -1.17
0  4.05e+06 3985.84 |
成功率：85.6%, 提交量大于阈值的概率：1.27819%, 超供率：76.2%, 超供程度：60.6%, 超供平均值：4.2, 方差：82.7
0  4.05e+06 3985.84 | 3985.84    0.0   2887     0 |    1.33   3.62   0.03  -1.17
0  4.09e+06 4001.22 |
成功率：85.8%, 提交量大于阈值的概率：1.33003%, 超供率：76.2%, 超供程度：60.6%, 超供平均值：4.2, 方差：82.2
0  4.09e+06 4001.22 | 4001.22    0.0   2887     0 |    1.33   3.71   0.09  -1.17
0  4.12e+06 4012.88 |
成功率：85.7%, 提交量大于阈值的概率：1.32651%, 超供率：76.5%, 超供程度：60.8%, 超供平均值：4.2, 方差：81.1
0  4.12e+06 4012.88 | 4012.88    0.0   2887     0 |    1.33   3.46   0.03  -1.18
0  4.16e+06 4019.87 |
成功率：86.1%, 提交量大于阈值的概率：1.41413%, 超供率：76.9%, 超供程度：60.8%, 超供平均值：4.2, 方差：81.2
0  4.16e+06 4019.87 | 4019.87    0.0   2887     0 |    1.35   3.85   0.10  -1.18
0  4.20e+06 4033.80 |
成功率：85.9%, 提交量大于阈值的概率：1.40275%, 超供率：76.7%, 超供程度：60.9%, 超供平均值：4.2, 方差：79.9
0  4.20e+06 4033.80 | 4033.80    0.0   2887     0 |    1.34   3.69   0.13  -1.18
0  4.24e+06 4100.95 |
成功率：84.9%, 提交量大于阈值的概率：1.32706%, 超供率：75.5%, 超供程度：60.4%, 超供平均值：4.1, 方差：75.1
0  4.24e+06 4100.95 | 4100.95    0.0   2887     0 |    1.37   3.44   0.06  -1.17
0  4.27e+06 4135.13 |
成功率：84.3%, 提交量大于阈值的概率：1.25492%, 超供率：74.6%, 超供程度：59.9%, 超供平均值：4.1, 方差：71.8
0  4.27e+06 4135.13 | 4135.13    0.0   2887     0 |    1.38   3.45   0.16  -1.17
0  4.31e+06 4188.95 |
成功率：84.1%, 提交量大于阈值的概率：1.26257%, 超供率：74.2%, 超供程度：59.7%, 超供平均值：4.1, 方差：69.8
0  4.31e+06 4188.95 | 4188.95    0.0   2887     0 |    1.39   3.43   0.10  -1.17
0  4.35e+06 4220.31 |
成功率：83.9%, 提交量大于阈值的概率：1.23169%, 超供率：73.7%, 超供程度：59.2%, 超供平均值：4.1, 方差：67.9
0  4.35e+06 4220.31 | 4220.31    0.0   2887     0 |    1.40   3.26   0.13  -1.17
0  4.39e+06 4247.61 |
成功率：83.5%, 提交量大于阈值的概率：1.20599%, 超供率：73.4%, 超供程度：59.5%, 超供平均值：4.1, 方差：65.8
0  4.39e+06 4247.61 | 4247.61    0.0   2887     0 |    1.41   3.36   0.08  -1.18
0  4.43e+06 4267.52 |
成功率：82.9%, 提交量大于阈值的概率：1.14401%, 超供率：73.0%, 超供程度：59.8%, 超供平均值：4.1, 方差：63.4
0  4.43e+06 4267.52 | 4267.52    0.0   2887     0 |    1.41   3.01   0.07  -1.18
0  4.47e+06 4309.38 |
成功率：82.9%, 提交量大于阈值的概率：1.14757%, 超供率：72.8%, 超供程度：59.6%, 超供平均值：4.1, 方差：62.2
0  4.47e+06 4309.38 | 4309.38    0.0   2887     0 |    1.43   2.78   0.10  -1.17
0  4.51e+06 4350.97 |
成功率：82.7%, 提交量大于阈值的概率：1.15870%, 超供率：72.4%, 超供程度：59.5%, 超供平均值：4.1, 方差：60.2
0  4.51e+06 4350.97 | 4350.97    0.0   2887     0 |    1.44   3.40   0.10  -1.16
0  4.55e+06 4357.36 |
成功率：82.6%, 提交量大于阈值的概率：1.13645%, 超供率：72.3%, 超供程度：59.4%, 超供平均值：4.1, 方差：59.8
0  4.55e+06 4357.36 | 4357.36    0.0   2887     0 |    1.44   3.16  -0.06  -1.17
0  4.60e+06 4379.95 |
成功率：82.7%, 提交量大于阈值的概率：1.20532%, 超供率：72.4%, 超供程度：59.0%, 超供平均值：4.1, 方差：59.3
0  4.60e+06 4379.95 | 4379.95    0.0   2887     0 |    1.45   3.01   0.14  -1.16
0  4.64e+06 4392.63 |
成功率：82.5%, 提交量大于阈值的概率：1.16506%, 超供率：72.2%, 超供程度：59.2%, 超供平均值：4.1, 方差：58.8
0  4.64e+06 4392.63 | 4392.63    0.0   2887     0 |    1.45   3.11   0.11  -1.16
0  4.68e+06 4412.66 |
成功率：82.2%, 提交量大于阈值的概率：1.12697%, 超供率：72.0%, 超供程度：59.1%, 超供平均值：4.1, 方差：57.5
0  4.68e+06 4412.66 | 4412.66    0.0   2887     0 |    1.46   3.35   0.04  -1.16
0  4.72e+06 4428.73 |
成功率：81.9%, 提交量大于阈值的概率：1.05406%, 超供率：71.3%, 超供程度：58.7%, 超供平均值：4.0, 方差：56.0
0  4.72e+06 4428.73 | 4428.73    0.0   2887     0 |    1.46   3.12   0.07  -1.16
0  4.76e+06 4428.73 | 4409.50    0.0   2887     0 |    1.46   3.03   0.08  -1.17
0  4.82e+06 4428.73 | 4415.91    0.0   2887     0 |    1.47   3.01   0.09  -1.17
0  4.88e+06 4432.03 |
成功率：81.0%, 提交量大于阈值的概率：0.87654%, 超供率：70.4%, 超供程度：58.6%, 超供平均值：4.0, 方差：53.0
0  4.88e+06 4432.03 | 4432.03    0.0   2887     0 |    1.47   3.28   0.11  -1.17
0  4.92e+06 4437.39 |
成功率：81.0%, 提交量大于阈值的概率：0.86437%, 超供率：70.0%, 超供程度：58.5%, 超供平均值：4.0, 方差：53.0
0  4.92e+06 4437.39 | 4437.39    0.0   2887     0 |    1.47   2.93   0.06  -1.17
0  4.96e+06 4439.57 |
成功率：81.4%, 提交量大于阈值的概率：0.91841%, 超供率：70.7%, 超供程度：58.6%, 超供平均值：4.0, 方差：54.9
0  4.96e+06 4439.57 | 4439.57    0.0   2887     0 |    1.48   2.92   0.05  -1.17
0  5.00e+06 4459.32 |
成功率：81.4%, 提交量大于阈值的概率：0.93423%, 超供率：70.4%, 超供程度：58.2%, 超供平均值：4.0, 方差：54.5
0  5.00e+06 4459.32 | 4459.32    0.0   2887     0 |    1.48   3.02   0.07  -1.17
0  5.04e+06 4459.32 | 4458.94    0.0   2887     0 |    1.48   2.91   0.06  -1.18
0  5.10e+06 4480.29 |
成功率：81.4%, 提交量大于阈值的概率：0.92083%, 超供率：70.0%, 超供程度：57.9%, 超供平均值：4.0, 方差：54.4
0  5.10e+06 4480.29 | 4480.29    0.0   2887     0 |    1.49   2.98   0.14  -1.18
0  5.14e+06 4480.29 | 4474.47    0.0   2887     0 |    1.50   2.95   0.14  -1.17
0  5.21e+06 4480.29 | 4476.06    0.0   2887     0 |    1.49   2.77   0.06  -1.18
0  5.27e+06 4480.29 | 4479.06    0.0   2886     0 |    1.50   2.67   0.09  -1.17
0  5.33e+06 4481.52 |
成功率：80.8%, 提交量大于阈值的概率：0.78571%, 超供率：68.7%, 超供程度：57.1%, 超供平均值：3.9, 方差：51.7
0  5.33e+06 4481.52 | 4481.52    0.0   2887     0 |    1.49   3.04   0.11  -1.17
0  5.37e+06 4489.26 |
成功率：81.0%, 提交量大于阈值的概率：0.82268%, 超供率：68.9%, 超供程度：57.3%, 超供平均值：3.9, 方差：52.3
0  5.37e+06 4489.26 | 4489.26    0.0   2887     0 |    1.50   2.48   0.05  -1.17
0  5.40e+06 4489.26 | 4489.16    0.0   2887     0 |    1.49   3.23  -0.09  -1.17
0  5.47e+06 4489.26 | 4488.79    0.0   2887     0 |    1.50   3.13   0.09  -1.17
0  5.53e+06 4489.26 | 4488.83    0.0   2887     0 |    1.50   2.73   0.07  -1.17
0  5.59e+06 4489.26 | 4482.13    0.0   2886     0 |    1.50   2.85   0.15  -1.17
0  5.66e+06 4494.99 |
成功率：81.5%, 提交量大于阈值的概率：0.92263%, 超供率：68.3%, 超供程度：56.4%, 超供平均值：3.9, 方差：54.1
0  5.66e+06 4494.99 | 4494.99    0.0   2887     0 |    1.50   2.80   0.09  -1.17
0  5.70e+06 4494.99 | 4478.68    0.0   2886     0 |    1.50   2.73   0.05  -1.17
0  5.76e+06 4495.29 |
成功率：80.7%, 提交量大于阈值的概率：0.76895%, 超供率：67.4%, 超供程度：55.9%, 超供平均值：3.8, 方差：51.2
0  5.76e+06 4495.29 | 4495.29    0.0   2887     0 |    1.51   2.84   0.06  -1.17
0  5.80e+06 4495.29 | 4491.63    0.0   2886     0 |    1.51   2.67   0.04  -1.17
0  5.86e+06 4523.21 |
成功率：81.3%, 提交量大于阈值的概率：0.90283%, 超供率：68.0%, 超供程度：56.1%, 超供平均值：3.8, 方差：52.7
0  5.86e+06 4523.21 | 4523.21    0.0   2887     0 |    1.51   2.91   0.07  -1.18
0  5.89e+06 4523.21 | 4516.09    0.0   2886     0 |    1.51   2.69   0.09  -1.18
0  5.96e+06 4523.21 | 4510.19    0.0   2887     0 |    1.52   2.73   0.05  -1.18
0  6.02e+06 4523.21 | 4508.46    0.0   2887     0 |    1.51   2.87   0.10  -1.18
0  6.08e+06 4523.21 | 4506.45    0.0   2886     0 |    1.52   2.61   0.22  -1.18
0  6.15e+06 4523.21 | 4513.07    0.0   2887     0 |    1.51   2.42   0.15  -1.19
0  6.21e+06 4523.21 | 4509.99    0.0   2887     0 |    1.52   2.56   0.12  -1.18
0  6.28e+06 4523.21 | 4521.09    0.0   2887     0 |    1.51   2.46   0.04  -1.17
0  6.34e+06 4538.67 |
成功率：80.9%, 提交量大于阈值的概率：0.78226%, 超供率：67.4%, 超供程度：55.7%, 超供平均值：3.8, 方差：50.6
0  6.34e+06 4538.67 | 4538.67    0.0   2887     0 |    1.52   2.78   0.08  -1.17
0  6.37e+06 4538.67 | 4532.05    0.0   2887     0 |    1.53   2.59   0.09  -1.18
0  6.44e+06 4542.54 |
成功率：81.6%, 提交量大于阈值的概率：0.93241%, 超供率：67.9%, 超供程度：56.3%, 超供平均值：3.9, 方差：53.1
0  6.44e+06 4542.54 | 4542.54    0.0   2887     0 |    1.53   2.99   0.12  -1.18
0  6.47e+06 4542.54 | 4532.13    0.0   2887     0 |    1.52   2.48   0.07  -1.17
0  6.53e+06 4547.04 |
成功率：81.2%, 提交量大于阈值的概率：0.84949%, 超供率：67.4%, 超供程度：55.6%, 超供平均值：3.8, 方差：51.4
0  6.53e+06 4547.04 | 4547.04    0.0   2887     0 |    1.53   2.60   0.19  -1.17
0  6.58e+06 4547.69 |
成功率：81.2%, 提交量大于阈值的概率：0.86845%, 超供率：67.3%, 超供程度：55.4%, 超供平均值：3.8, 方差：51.3
0  6.58e+06 4547.69 | 4547.69    0.0   2887     0 |    1.53   2.58   0.03  -1.17
0  6.61e+06 4547.69 | 4540.66    0.0   2887     0 |    1.53   2.58   0.16  -1.17
0  6.67e+06 4547.69 | 4530.84    0.0   2887     0 |    1.53   2.62   0.11  -1.18
0  6.74e+06 4547.69 | 4531.12    0.0   2887     0 |    1.53   2.40  -0.00  -1.17
0  6.81e+06 4547.69 | 3487.88    0.0   2886     0 |    1.19   3.89   0.02  -1.17
0  6.88e+06 4547.69 | 3600.22    0.0   2887     0 |    1.22   3.68   0.08  -1.18
0  6.94e+06 4547.69 | 3659.33    0.0   2887     0 |    1.24   3.73   0.14  -1.17
0  7.01e+06 4547.69 | 3765.24    0.0   2887     0 |    1.28   3.25   0.06  -1.17
0  7.08e+06 4547.69 | 3916.28    0.0   2886     0 |    1.33   3.34  -0.04  -1.17
0  7.15e+06 4547.69 | 3984.91    0.0   2886     0 |    1.36   3.09   0.01  -1.17
0  7.21e+06 4547.69 | 4031.40    0.0   2886     0 |    1.37   3.33   0.21  -1.16
0  7.27e+06 4547.69 | 4128.72    0.0   2886     0 |    1.41   3.23   0.07  -1.16
0  7.34e+06 4547.69 | 4166.55    0.0   2886     0 |    1.41   3.47  -0.02  -1.17
0  7.40e+06 4547.69 | 4178.11    0.0   2887     0 |    1.42   3.05   0.13  -1.17
0  7.46e+06 4547.69 | 4237.29    0.0   2887     0 |    1.44   2.81   0.13  -1.17
0  7.53e+06 4547.69 | 4252.11    0.0   2887     0 |    1.44   2.96   0.04  -1.18
0  7.59e+06 4547.69 | 4279.57    0.0   2886     0 |    1.46   3.11   0.02  -1.18
0  7.65e+06 4547.69 | 4293.72    0.0   2887     0 |    1.46   2.45   0.09  -1.17
0  7.72e+06 4547.69 | 4294.84    0.0   2887     0 |    1.46   2.83   0.09  -1.18
0  7.78e+06 4547.69 | 4312.59    0.0   2887     0 |    1.46   2.47   0.04  -1.18
0  7.85e+06 4547.69 | 4314.06    0.0   2887     0 |    1.46   2.84   0.06  -1.18
0  7.91e+06 4547.69 | 4299.80    0.0   2886     0 |    1.46   2.75   0.07  -1.17
0  7.97e+06 4547.69 | 4303.01    0.0   2886     0 |    1.46   2.69   0.07  -1.17
0  8.04e+06 4547.69 | 4330.31    0.0   2887     0 |    1.47   3.14   0.06  -1.17
0  8.11e+06 4547.69 | 4346.61    0.0   2887     0 |    1.47   2.76   0.06  -1.17
0  8.17e+06 4547.69 | 4326.09    0.0   2886     0 |    1.47   2.84   0.03  -1.18
0  8.23e+06 4547.69 | 4328.98    0.0   2887     0 |    1.47   2.58   0.05  -1.17
0  8.30e+06 4547.69 | 4340.17    0.0   2887     0 |    1.47   2.89   0.09  -1.18
0  8.36e+06 4547.69 | 4345.09    0.0   2886     0 |    1.47   2.63   0.12  -1.18
0  8.42e+06 4547.69 | 4343.43    0.0   2886     0 |    1.48   2.61   0.03  -1.18
0  8.49e+06 4547.69 | 4355.15    0.0   2886     0 |    1.48   2.61   0.15  -1.18
0  8.55e+06 4547.69 | 4368.67    0.0   2886     0 |    1.49   2.73   0.17  -1.19
0  8.61e+06 4547.69 | 4366.22    0.0   2886     0 |    1.48   2.93   0.14  -1.18
0  8.68e+06 4547.69 | 4374.25    0.0   2887     0 |    1.48   2.46   0.07  -1.17
0  8.74e+06 4547.69 | 4363.64    0.0   2887     0 |    1.48   2.75   0.06  -1.18
0  8.80e+06 4547.69 | 4379.71    0.0   2887     0 |    1.49   2.69   0.03  -1.18
0  8.87e+06 4547.69 | 4382.30    0.0   2887     0 |    1.49   2.33   0.09  -1.18
0  8.93e+06 4547.69 | 4415.98    0.0   2887     0 |    1.50   2.53   0.10  -1.18
0  8.99e+06 4547.69 | 4405.09    0.0   2887     0 |    1.50   2.65   0.04  -1.18
0  9.06e+06 4547.69 | 4401.39    0.0   2887     0 |    1.49   2.76   0.10  -1.18
0  9.12e+06 4547.69 | 4405.29    0.0   2887     0 |    1.50   2.61   0.04  -1.17
0  9.18e+06 4547.69 | 4414.55    0.0   2887     0 |    1.50   2.27   0.13  -1.17
0  9.25e+06 4547.69 | 4431.43    0.0   2887     0 |    1.50   2.30   0.02  -1.17
0  9.31e+06 4547.69 | 4436.89    0.0   2887     0 |    1.51   2.81  -0.01  -1.17
0  9.38e+06 4547.69 | 4449.75    0.0   2887     0 |    1.51   2.60  -0.02  -1.17
0  9.44e+06 4547.69 | 4443.86    0.0   2887     0 |    1.51   2.54   0.18  -1.17
0  9.50e+06 4547.69 | 4438.69    0.0   2887     0 |    1.51   2.52   0.05  -1.17
0  9.57e+06 4547.69 | 4432.20    0.0   2887     0 |    1.51   2.41   0.12  -1.17
0  9.63e+06 4547.69 | 4421.51    0.0   2887     0 |    1.51   2.79   0.04  -1.17
0  9.69e+06 4547.69 | 4421.13    0.0   2887     0 |    1.50   2.44  -0.00  -1.17
0  9.76e+06 4547.69 | 4421.31    0.0   2887     0 |    1.51   2.54   0.13  -1.17
0  9.82e+06 4547.69 | 4422.63    0.0   2887     0 |    1.51   2.28   0.01  -1.17
0  9.88e+06 4547.69 | 4408.89    0.0   2887     0 |    1.51   2.52   0.05  -1.18
0  9.95e+06 4547.69 | 4431.79    0.0   2887     0 |    1.50   2.51   0.05  -1.17
0  1.00e+07 4547.69 | 4438.46    0.0   2887     0 |    1.51   2.37   0.14  -1.18
0  1.01e+07 4547.69 | 4434.23    0.0   2887     0 |    1.51   2.47  -0.00  -1.18
0  1.01e+07 4547.69 | 4433.64    0.0   2887     0 |    1.51   2.39   0.07  -1.17
0  1.02e+07 4547.69 | 4434.45    0.0   2887     0 |    1.51   2.53   0.25  -1.17
0  1.03e+07 4547.69 | 4448.28    0.0   2887     0 |    1.51   2.40   0.09  -1.18
0  1.03e+07 4547.69 | 4452.81    0.0   2887     0 |    1.51   2.75   0.14  -1.17
0  1.04e+07 4547.69 | 4445.95    0.0   2887     0 |    1.51   2.71   0.09  -1.17
0  1.05e+07 4547.69 | 4463.60    0.0   2887     0 |    1.51   2.36   0.07  -1.17
0  1.05e+07 4547.69 | 4452.79    0.0   2887     0 |    1.51   2.30   0.10  -1.17
0  1.06e+07 4547.69 | 4469.65    0.0   2887     0 |    1.52   2.79   0.02  -1.17
0  1.06e+07 4547.69 | 4453.77    0.0   2887     0 |    1.52   2.32   0.07  -1.17
0  1.07e+07 4547.69 | 4465.84    0.0   2887     0 |    1.52   2.24   0.10  -1.17
0  1.08e+07 4547.69 | 4463.26    0.0   2887     0 |    1.52   2.48   0.07  -1.18
0  1.08e+07 4547.69 | 4452.50    0.0   2887     0 |    1.52   2.59   0.25  -1.17
0  1.09e+07 4547.69 | 4468.17    0.0   2887     0 |    1.52   2.53   0.04  -1.17
0  1.10e+07 4547.69 | 4456.55    0.0   2887     0 |    1.52   2.23   0.13  -1.17
0  1.10e+07 4547.69 | 4466.99    0.0   2887     0 |    1.52   2.09   0.00  -1.17
0  1.11e+07 4547.69 | 4464.76    0.0   2887     0 |    1.52   2.35   0.09  -1.17
0  1.12e+07 4547.69 | 4468.21    0.0   2887     0 |    1.52   2.33   0.01  -1.17
0  1.12e+07 4547.69 | 4467.75    0.0   2886     0 |    1.52   2.37   0.12  -1.17
0  1.13e+07 4547.69 | 4480.86    0.0   2886     0 |    1.53   2.36  -0.04  -1.18
0  1.13e+07 4547.69 | 4483.66    0.0   2886     0 |    1.53   2.32   0.19  -1.17
